0.00197086,0.014431,0,2.3e-05
0.00398236,0.014431,0,-5.5e-05
0.00638423,0.001594,0,-6e-05
0.00795666,0.001594,0,8e-06
0.00995895,0.008864,0,-9.5e-05
0.0119618,0.00041,0,5.9e-05
0.0139607,0.00041,0,3e-06
0.015958,0.009685,0,-1.2e-05
0.0179544,0.009685,0,7.9e-05
0.0199594,0.009798,0,5e-05
0.0219596,0.000995,0,-3.5e-05
0.0239629,0.008305,0,5.5e-05
0.0259594,0.013448,0,-8.3e-05
0.0279697,0.000395,0,8.8e-05
0.0299632,0.000395,0,-4e-06
0.0319632,0.000395,0,-6.9e-05
0.0339589,0.011378,0,2.1e-05
0.0359623,0.011378,0,1.7e-05
0.0379594,0.000996,0,-3.4e-05
0.0403793,0.000609,0,5e-06
0.0423801,0.000609,0,-1.9e-05
0.0449675,0.000609,0,6e-06
0.046966,0.000609,0,-1.6e-05
0.0489675,0.000609,0,-3.9e-05
0.0508051,0.000609,0,2.9e-05
0.0523784,0.000609,0,5.3e-05
0.053964,0.000609,0,6e-06
0.0559702,0.001106,0,3.1e-05
0.057968,0.009998,0,2.4e-05
0.0599704,0.009998,0,-6.6e-05
0.0619641,0.009998,0,-6.5e-05
0.0639699,0.009998,0,3.3e-05
0.0659699,0.009998,0,8e-06
0.0679678,0.009998,0,3.3e-05
0.0699652,0.009998,0,4.8e-05
0.0719695,0.009998,0,2.9e-05
0.0743888,0.009493,0,7e-06
0.0769717,0.009493,0,9.1e-05
0.0789898,0.010223,0,1.7e-05
0.080988,0.010223,0,-1.7e-05
0.0828256,0.010223,0,2.9e-05
0.0843929,0.000958,0,-2e-06
0.0864032,0.002334,0,0.000112
0.0884032,0.011432,0,-2.8e-05
0.0899792,0.011477,0,1e-06
0.091977,0.002282,0,-5.3e-05
0.0939791,0.002282,0,1e-06
0.0959746,0.002282,0,6.9e-05
0.0979693,0.002282,0,4.1e-05
0.0999723,0.002282,0,-9e-06
0.101976,0.002282,0,-2.2e-05
0.103973,0.002374,0,-4e-06
0.105977,0.002374,0,-2.7e-05
0.108391,0.002374,0,0
0.109981,0.002374,0,9e-05
0.111977,0.002374,0,4.9e-05
0.113977,0.002374,0,1.4e-05
0.115975,0.002374,0,1.1e-05
0.117971,0.002374,0,-1.4e-05
0.119976,0.001592,0,1.8e-05
0.121977,0.004253,0,-2.8e-05
0.123981,0.002954,0,-3.2e-05
0.125981,0.002954,0,3.5e-05
0.127979,0.002954,0,-6.1e-05
0.12998,0.007576,0,-2.5e-05
0.13198,0.007576,0,5e-06
0.13398,0.001721,0,-2e-05
0.135995,0.001721,0,-2.6e-05
0.137997,0.008163,0,8e-06
0.139987,0.008163,0,-8e-06
0.142401,0.000145,0,-7.4e-05
0.143981,0.000145,0,-1.9e-05
0.145984,0.005498,0,2.8e-05
0.147982,0.005498,0,-2e-05
0.149991,0.002183,0,2.8e-05
0.151978,0.004155,0,0
0.153986,0.012111,0,-3e-05
0.155987,0.012111,0,4.9e-05
0.157988,0.012111,0,-2.8e-05
0.159986,0.009474,0,-4e-05
0.161988,0.004136,0,8.8e-05
0.163987,0.004186,0,4e-05
0.1654,0.004186,0,2e-06
0.167402,0.004186,0,1.3e-05
0.1694,0.010191,0,-7.9e-05
0.171406,0.003566,0,1.7e-05
0.173403,0.003566,0,5.9e-05
0.175983,0.003566,0,-7e-06
0.177991,0.003566,0,3.9e-05
0.179986,0.008809,0,1.3e-05
0.18199,0.009342,0,3.9e-05
0.183986,0.002886,0,1.8e-05
0.185987,0.002886,0,-1.2e-05
0.187987,0.007521,0,-4e-06
0.18999,0.008679,0,4.9e-05
0.191988,0.008679,0,-5e-05
0.193989,0.000826,0,5.8e-05
0.195409,0.002929,0,1.6e-05
0.197404,0.007566,0,1.3e-05
0.199405,0.007566,0,3e-06
0.20099,0.007566,0,1e-05
0.202406,0.007566,0,1.9e-05
0.204405,0.007612,0,2.9e-05
0.206408,0.007612,0,-1.7e-05
0.208405,0.007612,0,1.2e-05
0.210407,0.007612,0,-4e-06
0.212406,0.007612,0,7.2e-05
0.21399,0.007612,0,6.4e-05
0.215993,0.003518,0,7.5e-05
0.218017,0.011111,0,7e-05
0.220013,0.002252,0,-4e-05
0.221995,0.002252,0,-2.9e-05
0.224015,0.00158,0,3.6e-05
0.226013,0.00158,0,-6.6e-05
0.228015,0.000897,0,-4.3e-05
0.230011,0.000897,0,1e-05
0.231994,0.000897,0,-2.8e-05
0.234006,0.014892,0,1.1e-05
0.235418,0.014892,0,1.7e-05
0.237412,0.002705,0,4.1e-05
0.239414,0.002705,0,-8e-06
0.241415,0.002705,0,3.9e-05
0.243416,0.002705,0,1.3e-05
0.244996,0.000272,0,1.9e-05
0.246998,0.000272,0,-8.2e-05
0.249,0.010959,0,-0.000128
0.250837,0.009584,0,-3.7e-05
0.252415,0.009584,0,4.9e-05
0.254416,0.009584,0,-5.1e-05
0.256416,0.009584,0,1.7e-05
0.258416,0.009584,0,-3.8e-05
0.260413,0.009584,0,3.4e-05
0.262417,0.010258,0,-8e-06
0.264417,0.010258,0,-3.7e-05
0.266415,0.010258,0,3.1e-05
0.268414,0.010258,0,8.6e-05
0.270418,0.00675,0,8.2e-05
0.272414,0.003709,0,2.5e-05
0.274834,0.003709,0,-1.9e-05
0.276419,0.010575,0,-3.3e-05
0.278419,0.010575,0,1.1e-05
0.280419,0.010575,0,-1.6e-05
0.28242,0.002903,0,1.2e-05
0.28442,0.002903,0,4e-05
0.286006,0.009235,0,3.4e-05
0.288005,0.004602,0,5.7e-05
0.290006,0.004602,0,7e-05
0.29142,0.00479,0,2.9e-05
0.293421,0.00479,0,5.5e-05
0.295006,0.00479,0,3.4e-05
0.297007,0.00479,0,4.2e-05
0.298422,0.009225,0,5e-06
0.300422,0.009225,0,8.8e-05
0.302008,0.009225,0,-5.4e-05
0.304007,0.008791,0,-9.9e-05
0.306008,0.011364,0,9.4e-05
0.30801,0.011364,0,6.3e-05
0.310009,0.000908,0,-8e-05
0.312009,0.000908,0,8e-06
0.314009,0.006909,0,-2.3e-05
0.315424,0.000216,0,4.9e-05
0.317425,0.000904,0,1.6e-05
0.31901,0.004892,0,3.9e-05
0.32101,0.009467,0,8.9e-05
0.322848,0.009821,0,-3.1e-05
0.324427,0.009821,0,-2.3e-05
0.326011,0.006879,0,1.5e-05
0.328011,0.012252,0,3.6e-05
0.330012,0.000516,0,7.8e-05
0.331425,0.004126,0,5.9e-05
0.333425,0.007603,0,1.2e-05
0.335012,0.007603,0,-8.8e-05
0.337011,0.007603,0,-8.6e-05
0.338848,0.007603,0,5.4e-05
0.340426,0.008781,0,5.4e-05
0.342011,0.002934,0,-1.7e-05
0.343426,0.009417,0,-7.3e-05
0.345012,0.009417,0,-3.5e-05
0.346425,0.009417,0,-1.5e-05
0.348427,0.002685,0,-1.4e-05
0.350015,0.004882,0,-5.5e-05
0.35143,0.004882,0,-1.7e-05
0.353015,0.014744,0,0.000123
0.354427,0.014744,0,7.4e-05
0.356431,0.014744,0,-5.1e-05
0.358017,0.00754,0,3.7e-05
0.359431,0.00754,0,8.5e-05
0.361016,0.00759,0,4.4e-05
0.362429,0.00759,0,1.5e-05
0.365017,0.00759,0,4.1e-05
0.367017,0.00759,0,0.000103
0.368432,0.009466,0,-2.2e-05
0.370016,0.009466,0,3.3e-05
0.371438,0.007221,0,2.6e-05
0.373017,0.002941,0,-3.6e-05
0.374434,0.001738,0,2.7e-05
0.376017,0.012187,0,5.5e-05
0.377433,0.012187,0,2.7e-05
0.378855,0.010278,0,6.4e-05
0.381018,0.002951,0,1.8e-05
0.382434,0.002951,0,8.4e-05
0.384019,0.013918,0,3.6e-05
0.386018,0.013918,0,-1.3e-05
0.387436,0.004955,0,3e-05
0.389435,0.009681,0,-1.2e-05
0.391022,0.002942,0,1.9e-05
0.393021,0.002942,0,-2e-06
0.395442,0.002942,0,-2.1e-05
0.397436,0.000915,0,1.7e-05
0.399022,0.009491,0,-2.8e-05
0.401022,0.009491,0,7.4e-05
0.40286,0.009491,0,-6.9e-05
0.404437,0.009394,0,-4.6e-05
0.406024,0.009394,0,-7.2e-05
0.408024,0.009394,0,-7e-06
0.409438,0.002527,0,1.8e-05
0.410861,0.002527,0,-5.9e-05
0.412439,0.010056,0,4e-06
0.414025,0.010056,0,2.5e-05
0.416025,0.010056,0,-5.4e-05
0.418022,0.007236,0,4.2e-05
0.420025,0.007236,0,-4.2e-05
0.422023,0.007236,0,2e-06
0.424024,0.000824,0,-3.2e-05
0.426439,0.000824,0,5.3e-05
0.429026,0.003506,0,4e-06
0.431027,0.014159,0,-2.3e-05
0.433027,0.014159,0,3.9e-05
0.434439,0.004814,0,2e-05
0.436028,0.004117,0,2e-05
0.438029,0.004117,0,5e-06
0.440028,0.004117,0,7.4e-05
0.442025,0.015331,0,3e-06
0.44344,0.015331,0,-2.9e-05
0.445441,0.002885,0,-4.9e-05
0.447029,0.011118,0,2.3e-05
0.449029,0.002878,0,-5.1e-05
0.450867,0.002878,0,4.3e-05
0.452445,0.005542,0,6.6e-05
0.454031,0.005542,0,-2.4e-05
0.456031,0.005542,0,7.5e-05
0.458444,0.005542,0,-1e-06
0.460446,0.005515,0,-3.3e-05
0.462029,0.005515,0,3.5e-05
0.463447,0.005515,0,4e-06
0.465032,0.009558,0,2.5e-05
0.466869,0.009558,0,-4.5e-05
0.468447,0.003514,0,3.2e-05
0.47003,0.003514,0,9.2e-05
0.472033,0.003514,0,-3.3e-05
0.473448,0.009971,0,9e-06
0.47487,0.009455,0,0.000167
0.476448,0.001488,0,9.1e-05
0.478031,0.001488,0,-9.9e-05
0.480035,0.001488,0,3.8e-05
0.481449,0.001488,0,-1e-06
0.482871,0.008809,0,-1.5e-05
0.484449,0.008809,0,-6.8e-05
0.486454,0.014214,0,-1e-06
0.488035,0.00402,0,6.8e-05
0.489451,0.00402,0,2e-05
0.490873,0.00402,0,-7e-06
0.49245,0.00402,0,2.9e-05
0.494037,0.00402,0,-1e-06
0.496036,0.005438,0,-5.7e-05
0.498037,0.000864,0,-3.7e-05
0.499458,0.000864,0,2.6e-05
0.501037,0.000864,0,2.6e-05
0.503038,0.000864,0,1e-06
0.505038,0.000864,0,-2.7e-05
0.506875,0.003449,0,-2.8e-05
0.509035,0.01276,0,-1.2e-05
0.511041,0.01276,0,-3.1e-05
0.513039,0.003493,0,-6.2e-05
0.514876,0.010728,0,1.8e-05
0.517388,0.010728,0,6.2e-05
0.519062,0.005243,0,3.9e-05
0.521061,0.005243,0,-2.9e-05
0.522898,0.005243,0,-3.7e-05
0.525063,0.005243,0,3e-05
0.527063,0.004175,0,-2.8e-05
0.529059,0.004175,0,2.9e-05
0.5309,0.004175,0,4.5e-05
0.532455,0.004175,0,-4.2e-05
0.534456,0.004175,0,9.9e-05
0.536456,0.007351,0,-4.5e-05
0.538042,0.01012,0,3.8e-05
0.539456,0.005745,0,-4.9e-05
0.541043,0.006963,0,0.000105
0.543042,0.002882,0,-2.4e-05
0.545044,0.000884,0,9.7e-05
0.546881,0.014029,0,4.4e-05
0.549039,0.014029,0,1.1e-05
0.551043,0.014029,0,-4.3e-05
0.552458,0.009543,0,1.3e-05
0.554044,0.007388,0,-3.6e-05
0.555458,0.01197,0,7.5e-05
0.557045,0.01197,0,4.4e-05
0.558461,0.01197,0,1.5e-05
0.560046,0.01197,0,1.5e-05
0.562047,0.008196,0,-2.6e-05
0.563462,0.004002,0,-9.2e-05
0.565047,0.004002,0,4.8e-05
0.567047,0.000904,0,-2.2e-05
0.569047,0.010122,0,-3.8e-05
0.570462,0.01076,0,-6e-06
0.573046,0.015396,0,4.7e-05
0.575045,0.004616,0,-2.8e-05
0.576468,8.2e-05,0,3.5e-05
0.57846,0.007076,0,5.6e-05
0.580459,0.007076,0,1.9e-05
0.582045,0.007076,0,2.5e-05
0.584045,0.007076,0,1e-06
0.586048,0.00534,0,3.2e-05
0.58746,0.010132,0,2.4e-05
0.589046,0.010132,0,-3e-06
0.59105,0.007755,0,-2e-06
0.592462,0.009386,0,3e-06
0.594049,0.009023,0,1e-06
0.595463,0.009493,0,2.2e-05
0.597048,0.005645,0,-8e-06
0.599049,0.005058,0,-3.6e-05
0.600466,0.010588,0,6e-06
0.60205,0.01,0,-1.8e-05
0.604051,0.008216,0,4.1e-05
0.606051,0.008216,0,2.7e-05
0.608056,0.008216,0,0.000109
0.610466,0.016525,0,-1.5e-05
0.612055,0.002715,0,-1.4e-05
0.614053,0.009491,0,-6.5e-05
0.615465,0.00984,0,-3.4e-05
0.617466,0.00984,0,4.9e-05
0.618888,0.00984,0,1e-05
0.620468,0.00186,0,3.7e-05
0.622052,0.00551,0,8e-06
0.624053,0.00551,0,8.3e-05
0.62606,0.00551,0,-3.2e-05
0.628054,0.000121,0,1.3e-05
0.630052,0.003631,0,-3.8e-05
0.632052,0.003631,0,7.5e-05
0.634055,0.000937,0,-5.6e-05
0.636064,0.000937,0,-6.6e-05
0.638057,0.01563,0,4.4e-05
0.640056,0.01563,0,2.2e-05
0.642478,0.007393,0,3.1e-05
0.644058,0.000655,0,-1.2e-05
0.64606,0.002914,0,-5e-05
0.648056,0.002914,0,1.4e-05
0.650057,0.002914,0,9.2e-05
0.651477,0.002914,0,2.1e-05
0.654057,0.010696,0,-6.5e-05
0.656058,0.010696,0,1.5e-05
0.65806,0.010696,0,-1.6e-05
0.659487,0.010696,0,1.8e-05
0.661058,0.010696,0,6.7e-05
0.663059,0.010696,0,-2.9e-05
0.665059,0.007482,0,-0.00011
0.666896,0.007482,0,7.8e-05
0.668474,0.004787,0,4.3e-05
0.670061,0.0087,0,9.1e-05
0.67206,0.0087,0,-9e-06
0.674478,0.0087,0,-1.2e-05
0.676069,0.0087,0,0.000105
0.678062,0.004255,0,3.6e-05
0.680063,0.009353,0,-0.000125
0.682063,0.009353,0,-4.4e-05
0.684063,0.009353,0,3.9e-05
0.68606,0.00449,0,-7.2e-05
0.687478,0.00449,0,7e-06
0.689063,0.002933,0,2.6e-05
0.690902,0.002544,0,4.8e-05
0.692487,0.002544,0,1.7e-05
0.694067,0.002544,0,2.5e-05
0.696064,0.009939,0,4.9e-05
0.698065,0.009939,0,-1.2e-05
0.699485,0.009939,0,2e-06
0.702065,0.009939,0,9.5e-05
0.704065,0.008149,0,-1.2e-05
0.706482,0.008149,0,-6.4e-05
0.708067,0.008149,0,-5.7e-05
0.710071,0.008149,0,0.000119
0.712066,0.011364,0,5.7e-05
0.713481,0.007256,0,6e-06
0.714904,0.010078,0,2.5e-05
0.717068,0.002242,0,0.000162
0.719068,0.002242,0,-5e-06
0.721068,0.004629,0,5e-05
0.722906,0.005144,0,6e-05
0.724484,0.010069,0,7.7e-05
0.726069,0.011362,0,-4e-06
0.728069,0.000876,0,8e-06
0.73007,0.000876,0,2e-05
0.73207,0.000876,0,1e-05
0.734066,0.006194,0,1.4e-05
0.736068,0.006194,0,-6.6e-05
0.738484,0.006194,0,2.1e-05
0.740071,0.010906,0,-8e-06
0.742069,0.010906,0,-5e-06
0.74407,0.010906,0,-5.4e-05
0.746071,0.008631,0,4.5e-05
0.748072,0.000295,0,7.5e-05
0.750071,0.000295,0,-6e-06
0.752072,0.005312,0,4.9e-05
0.754075,0.005312,0,-1.8e-05
0.756076,0.009546,0,4e-06
0.758072,0.009546,0,5.4e-05
0.760074,0.006132,0,-2.4e-05
0.762075,0.006132,0,-3e-06
0.764078,0.006132,0,-3.3e-05
0.766073,0.010349,0,8.3e-05
0.768075,0.010349,0,3.5e-05
0.770076,0.010349,0,-1e-06
0.772492,0.010349,0,-3.4e-05
0.774074,0.002755,0,9.1e-05
0.776077,0.002755,0,-4.8e-05
0.778078,0.002755,0,-5.9e-05
0.780077,0.002755,0,-4.3e-05
0.782075,0.002755,0,-4e-06
0.784076,0.002755,0,-2.1e-05
0.786078,0.010553,0,-2.4e-05
0.788078,0.010553,0,-1.1e-05
0.790076,0.010553,0,-4.4e-05
0.792077,0.010553,0,-3.3e-05
0.794079,0.009663,0,-3.2e-05
0.796079,0.009663,0,2.5e-05
0.798077,0.009663,0,8.9e-05
0.800078,0.004821,0,4.7e-05
0.80208,0.007481,0,4e-05
0.80408,0.004789,0,6.9e-05
0.806498,0.004789,0,-5.5e-05
0.808083,0.001553,0,5e-06
0.810082,0.001553,0,3e-06
0.81208,0.008196,0,-6e-06
0.81408,0.008196,0,-2.1e-05
0.816083,0.003927,0,-6.3e-05
0.818083,0.003927,0,4e-06
0.820083,0.012418,0,2e-05
0.822081,0.004255,0,5.9e-05
0.824082,0.004221,0,3.6e-05
0.826084,0.004221,0,4.4e-05
0.828084,0.004221,0,-2.2e-05
0.830082,0.004221,0,-5.3e-05
0.832085,0.004221,0,2.8e-05
0.834085,0.001542,0,2.6e-05
0.836085,0.001542,0,-6.3e-05
0.838083,0.001542,0,7.4e-05
0.840503,0.016081,0,0
0.842501,0.016081,0,-4.9e-05
0.845087,0.016081,0,8e-06
0.847087,0.016081,0,-1e-05
0.849086,0.016081,0,8.1e-05
0.850923,0.01024,0,6e-06
0.852501,0.007074,0,5.7e-05
0.854499,0.001556,0,1.2e-05
0.856087,0.012854,0,3.3e-05
0.85809,0.012854,0,2.5e-05
0.860089,0.009214,0,4.3e-05
0.862091,0.007543,0,2.2e-05
0.864111,0.006728,0,6.7e-05
0.8661,0.006728,0,5.9e-05
0.868107,0.004198,0,2.2e-05
0.87027,0.010481,0,1.4e-05
0.872089,0.010481,0,7.4e-05
0.874114,0.010481,0,-9.4e-05
0.876089,0.001592,0,8.7e-05
0.87833,0.013364,0,7.6e-05
0.880091,0.013364,0,4.7e-05
0.882337,0.013364,0,-9.5e-05
0.884091,0.013364,0,-1.7e-05
0.886092,0.013364,0,3.2e-05
0.888091,0.001025,0,9.1e-05
0.890097,0.001025,0,-3.1e-05
0.892092,0.001025,0,8e-06
0.894093,0.001025,0,4.7e-05
0.896092,0.000198,0,2.6e-05
0.898099,0.000198,0,0.000102
0.900098,0.000198,0,-2e-06
0.902097,0.000198,0,-6.9e-05
0.904098,0.000198,0,-9e-06
0.906099,0.004314,0,-5e-05
0.908096,0.004314,0,-1.8e-05
0.910512,0.004314,0,4.1e-05
0.912096,0.004314,0,-2.4e-05
0.914101,0.008345,0,4.4e-05
0.9161,0.003651,0,-1.8e-05
0.918098,0.003651,0,-1.6e-05
0.920101,0.010086,0,6.5e-05
0.922102,0.010086,0,5.1e-05
0.924103,0.010086,0,-1.4e-05
0.926096,0.010086,0,3e-06
0.928102,0.010086,0,-4e-05
0.930103,0.01007,0,2.8e-05
0.932102,0.009095,0,4.1e-05
0.934098,0.009095,0,3.4e-05
0.936101,0.013571,0,1e-05
0.938104,0.013571,0,3.2e-05
0.939523,0.013571,0,2.1e-05
0.941519,0.001048,0,-7.6e-05
0.944104,0.001048,0,3.5e-05
0.946104,0.001048,0,8.5e-05
0.9481,0.001048,0,-1.8e-05
0.950105,0.001048,0,7e-06
0.952104,0.001048,0,3.8e-05
0.954102,0.001626,0,2.7e-05
0.956106,0.001626,0,-1.6e-05
0.958104,0.001626,0,4.6e-05
0.960107,0.001626,0,1e-05
0.962105,0.010311,0,-0.000101
0.964107,0.003046,0,8e-06
0.965522,0.003046,0,3e-05
0.967523,0.003046,0,-1.3e-05
0.969522,0.004425,0,6e-06
0.971529,0.00363,0,5.8e-05
0.97352,0.00363,0,-4.9e-05
0.97552,0.00363,0,1e-05
0.978107,0.00363,0,1.9e-05
0.98011,0.010798,0,0.0001
0.98211,0.010163,0,5.1e-05
0.984109,0.010163,0,3.7e-05
0.986109,0.010163,0,7e-06
0.988111,0.010163,0,3.2e-05
0.990109,0.013408,0,1.9e-05
0.99211,0.013408,0,-4e-05
0.99411,0.013408,0,-6.3e-05
0.996112,0.013408,0,-6.8e-05
0.997527,0.007372,0,1e-05
0.999114,0.004024,0,2.5e-05
1.00111,0.002223,0,8e-06
1.00295,0.002223,0,3.8e-05
1.00453,0.002223,0,4e-06
1.00653,0.002223,0,-4e-06
1.00853,0.010304,0,-1.8e-05
1.01052,0.010304,0,1.1e-05
1.01211,0.010304,0,2.1e-05
1.01411,0.010304,0,-1.7e-05
1.01611,0.007361,0,-5.5e-05
1.01811,0.001674,0,7e-06
1.01953,0.009387,0,-3.7e-05
1.02111,0.009388,0,8.9e-05
1.02311,0.009388,0,7.2e-05
1.02511,0.009388,0,2.2e-05
1.02695,0.006697,0,2.3e-05
1.02853,0.002902,0,2.7e-05
1.03011,0.002902,0,1e-05
1.03153,0.001537,0,2.4e-05
1.03353,0.01036,0,2.9e-05
1.03554,0.01036,0,5.1e-05
1.03753,0.01036,0,1.1e-05
1.03953,0.009506,0,-1.4e-05
1.04212,0.009506,0,0.000104
1.04412,0.009506,0,7e-05
1.04612,0.002188,0,-4.3e-05
1.04812,0.002188,0,1.3e-05
1.05011,0.002188,0,0
1.05212,0.002188,0,-6.2e-05
1.05412,0.002188,0,1.1e-05
1.05612,0.000886,0,-1.4e-05
1.05812,0.000886,0,1.1e-05
1.05953,0.000886,0,9e-05
1.06112,0.000886,0,1.6e-05
1.06312,0.009321,0,3.7e-05
1.06512,0.009321,0,6.9e-05
1.06653,0.001253,0,-8e-06
1.06854,0.001253,0,8.9e-05
1.07012,0.001253,0,5.4e-05
1.07153,0.001253,0,3.7e-05
1.07353,0.001253,0,5e-05
1.07496,0.001253,0,-1e-05
1.07654,0.001253,0,5.6e-05
1.07812,0.001253,0,3.9e-05
1.08012,0.00087,0,0
1.08153,0.00087,0,7e-06
1.08296,0.00087,0,1.8e-05
1.08454,0.00087,0,-2.9e-05
1.08612,0.00087,0,-1.6e-05
1.08812,0.007386,0,-9.3e-05
1.08953,0.004177,0,-3.8e-05
1.09096,0.004177,0,-6e-05
1.09254,0.004177,0,-1.2e-05
1.09412,0.004177,0,-4.2e-05
1.09612,0.010746,0,-1.2e-05
1.09812,0.000279,0,-4.1e-05
1.09954,0.007002,0,9e-06
1.10213,0.007002,0,-1e-05
1.10413,0.00814,0,-1.8e-05
1.10612,0.000898,0,0.000106
1.10754,0.002873,0,-9e-06
1.10913,0.014522,0,3.4e-05
1.11113,0.014522,0,-4.5e-05
1.11254,0.014522,0,8e-06
1.11412,0.014522,0,-2e-06
1.11555,0.004263,0,3.6e-05
1.11813,0.004263,0,1.3e-05
1.11954,0.004263,0,2.7e-05
1.12113,0.000911,0,2.9e-05
1.12254,0.000911,0,-2.8e-05
1.12454,0.000911,0,2.9e-05
1.12613,0.000911,0,6.4e-05
1.12755,0.000911,0,4e-05
1.12913,0.000911,0,-5.3e-05
1.13097,0.000911,0,-2.4e-05
1.13254,0.000911,0,2.9e-05
1.13413,0.000911,0,2.9e-05
1.13555,0.000911,0,-1e-05
1.13713,0.000911,0,-1.9e-05
1.13854,0.000911,0,-3.2e-05
1.14013,0.000911,0,-7e-06
1.14213,0.000911,0,6.6e-05
1.14354,0.000911,0,1e-05
1.14513,0.000911,0,7e-05
1.14654,0.000948,0,4.6e-05
1.14913,0.011449,0,-3.3e-05
1.15055,0.007514,0,6e-05
1.15214,0.010156,0,7.2e-05
1.15355,0.002945,0,2.4e-05
1.15497,0.002945,0,-2.6e-05
1.15655,0.002945,0,-3.3e-05
1.15855,0.008951,0,-2e-05
1.16013,0.007378,0,-1.7e-05
1.16155,0.008218,0,9e-06
1.16297,0.007802,0,-5.7e-05
1.16455,0.006189,0,7e-06
1.16614,0.00159,0,-4e-06
1.16755,0.004267,0,8.8e-05
1.16913,0.004267,0,-5.9e-05
1.17097,0.013167,0,3.7e-05
1.17255,0.010965,0,-3.5e-05
1.17414,0.002975,0,-9.3e-05
1.17614,0.002901,0,0.000126
1.17813,0.002901,0,9.4e-05
1.17956,0.002901,0,2.6e-05
1.18214,0.00408,0,8.7e-05
1.18414,0.00408,0,3.7e-05
1.18614,0.001571,0,4.9e-05
1.18813,0.003237,0,5.4e-05
1.18955,0.010269,0,1.3e-05
1.19114,0.012004,0,3.6e-05
1.19314,0.012004,0,4.2e-05
1.19498,0.012004,0,9e-05
1.19655,0.012004,0,5e-05
1.19814,0.012004,0,2.9e-05
1.20014,0.012004,0,-1.2e-05
1.20214,0.006872,0,-1.2e-05
1.20355,0.006872,0,1.6e-05
1.20514,0.009227,0,-3.6e-05
1.20714,0.002155,0,2.9e-05
1.20914,0.002155,0,-2.5e-05
1.21098,0.002155,0,-1e-06
1.21256,0.002155,0,4.8e-05
1.21414,0.002155,0,0.000131
1.21614,0.002886,0,3.8e-05
1.21814,0.0101,0,4.4e-05
1.22014,0.004299,0,3.3e-05
1.22214,0.004299,0,-2e-06
1.22414,0.009855,0,-1.3e-05
1.22614,0.009944,0,8.1e-05
1.22756,0.009413,0,3.5e-05
1.23014,0.009413,0,-3.9e-05
1.23214,0.005367,0,4.9e-05
1.23414,0.008258,0,0.000114
1.23557,0.008906,0,8e-06
1.23714,0.008351,0,6.6e-05
1.23915,0.000911,0,5.8e-05
1.24115,0.000911,0,2.2e-05
1.24298,0.000911,0,-6.7e-05
1.24456,0.000911,0,3.7e-05
1.24615,0.000911,0,9e-06
1.24815,0.000911,0,5.9e-05
1.25015,0.012329,0,-6e-06
1.25215,0.000129,0,3.3e-05
1.25415,0.000129,0,1.3e-05
1.25615,0.000129,0,-1.4e-05
1.25815,0.000519,0,-5.6e-05
1.25956,0.000519,0,5e-05
1.26115,0.000519,0,2.1e-05
1.26315,0.004948,0,8e-06
1.26515,0.00548,0,-2.2e-05
1.26699,0.00548,0,4.7e-05
1.26856,0.00548,0,-6.3e-05
1.27015,0.010266,0,7.7e-05
1.27215,0.010266,0,-2.3e-05
1.27415,0.010266,0,5.9e-05
1.27557,0.00154,0,-2.2e-05
1.27715,0.00154,0,-4e-05
1.27915,0.00154,0,-6.8e-05
1.28115,0.009363,0,1.1e-05
1.28357,0.009363,0,6.8e-05
1.28515,0.009363,0,-2.2e-05
1.28715,0.009363,0,-4e-06
1.28915,0.003486,0,5.1e-05
1.29099,0.003486,0,-6e-06
1.29257,0.003486,0,7.9e-05
1.29415,0.009305,0,9.3e-05
1.29615,0.009305,0,-1.9e-05
1.29815,0.009305,0,-5e-05
1.30016,0.009305,0,4.8e-05
1.30216,0.009305,0,-2e-06
1.30416,0.009305,0,5.7e-05
1.30615,0.009305,0,4.9e-05
1.30757,0.009305,0,1.7e-05
1.30916,0.009305,0,-5e-06
1.31116,0.007459,0,-8e-06
1.31316,0.002878,0,-9.5e-05
1.31558,0.002878,0,6.7e-05
1.31716,0.002878,0,8.2e-05
1.31916,0.007481,0,0.000112
1.32116,0.007481,0,4.9e-05
1.32299,0.007481,0,1.4e-05
1.32516,0.007481,0,-1.7e-05
1.32716,0.007481,0,-5.3e-05
1.32916,0.01464,0,5.7e-05
1.331,0.01464,0,-8e-06
1.33258,0.01464,0,3.3e-05
1.33416,0.01464,0,-5.9e-05
1.33558,0.003478,0,-7e-06
1.33716,0.001398,0,-2.4e-05
1.339,0.004164,0,2.7e-05
1.34058,0.004164,0,6e-05
1.34216,0.004164,0,-7.5e-05
1.34416,0.004164,0,7e-05
1.34657,0.004164,0,-2e-05
1.34816,0.004164,0,4.8e-05
1.35016,0.004164,0,-1e-05
1.35158,0.004164,0,4e-06
1.35316,0.004164,0,4.9e-05
1.35458,0.004164,0,-2.9e-05
1.35716,0.004164,0,2.7e-05
1.35916,0.004164,0,6.8e-05
1.36116,0.00283,0,-4e-06
1.363,0.004666,0,-4.8e-05
1.36458,0.004666,0,-1e-05
1.36617,0.010509,0,1.1e-05
1.36817,0.010509,0,-8.1e-05
1.37016,0.010509,0,5.4e-05
1.37217,0.004742,0,-7.5e-05
1.37417,0.004742,0,4.3e-05
1.37617,0.004742,0,-5.1e-05
1.37858,0.004742,0,-2.2e-05
1.38017,0.004129,0,5.2e-05
1.38217,0.004129,0,-1.3e-05
1.38417,0.004129,0,4.7e-05
1.38617,0.009697,0,9.3e-05
1.38817,0.00804,0,7.3e-05
1.39017,0.00804,0,0.000125
1.39159,0.008685,0,5.1e-05
1.39317,0.008685,0,-2.2e-05
1.39501,0.008685,0,4e-05
1.39658,0.003401,0,-3e-05
1.39817,0.003401,0,-4.1e-05
1.40017,0.008699,0,3.9e-05
1.40217,0.008699,0,-1e-05
1.40417,0.008699,0,-3.5e-05
1.40617,0.010574,0,0.000129
1.40717,0.010574,0,3.4e-05
1.40958,0.010574,0,0.000118
1.41101,0.010574,0,-3.3e-05
1.41258,0.010574,0,-2e-06
1.41417,0.000805,0,2.1e-05
1.41617,0.000805,0,3.3e-05
1.41817,0.003529,0,5.7e-05
1.42017,0.01252,0,-3.9e-05
1.42217,0.01252,0,-1.7e-05
1.42359,0.000336,0,-7e-06
1.42517,0.000336,0,2.8e-05
1.42701,0.000336,0,-3.3e-05
1.42859,0.013332,0,6.8e-05
1.43017,0.013332,0,-1e-05
1.43217,0.003958,0,4e-05
1.43417,0.003896,0,7.7e-05
1.43618,0.003896,0,-7.3e-05
1.43818,0.003915,0,3.7e-05
1.44059,0.007988,0,-5.6e-05
1.44217,0.007988,0,-3.6e-05
1.44418,0.007988,0,7.3e-05
1.44618,0.004572,0,7.9e-05
1.44818,0.004572,0,8.2e-05
1.45017,0.004572,0,2.8e-05
1.45218,0.001326,0,2.5e-05
1.45418,0.001326,0,9.9e-05
1.45618,0.001326,0,-5.7e-05
1.45818,0.003991,0,2.7e-05
1.46018,0.007966,0,-3.2e-05
1.46218,0.007966,0,-3.8e-05
1.46418,0.007966,0,2.9e-05
1.46618,0.005089,0,-1.5e-05
1.46818,0.012206,0,-1.3e-05
1.47018,0.012206,0,5e-06
1.47218,0.012206,0,3.6e-05
1.47459,0.00267,0,-1.5e-05
1.47618,0.00267,0,-0.000106
1.47818,0.00267,0,-2.7e-05
1.4796,0.009263,0,-4.6e-05
1.48118,0.009263,0,2.2e-05
1.48302,0.002696,0,4.3e-05
1.4846,0.002696,0,8e-06
1.48618,0.002696,0,-5.7e-05
1.4876,0.004525,0,-1.6e-05
1.48918,0.004525,0,4e-05
1.49102,0.007197,0,2.7e-05
1.4926,0.007197,0,-1.3e-05
1.49418,0.007197,0,8e-05
1.49618,0.009324,0,-4.8e-05
1.49818,0.009324,0,2.1e-05
1.50019,0.009324,0,-5.6e-05
1.50219,0.009324,0,4.3e-05
1.5046,0.009324,0,5.5e-05
1.50618,0.009324,0,4.7e-05
1.50819,0.001447,0,-7e-06
1.51019,0.001447,0,3.4e-05
1.51219,0.017615,0,-2.4e-05
1.51418,0.000704,0,4.7e-05
1.51619,0.000704,0,2e-05
1.51819,0.000704,0,-1.8e-05
1.52019,0.007147,0,4e-06
1.52219,0.007147,0,-4.5e-05
1.52419,0.009909,0,6.2e-05
1.52619,0.009909,0,2.7e-05
1.52819,0.006001,0,3.9e-05
1.53019,0.006001,0,0
1.53219,3.4e-05,0,0.000137
1.53419,0.0114,0,2.5e-05
1.53619,0.0114,0,8e-06
1.5386,0.0114,0,-1.9e-05
1.54019,0.0114,0,9.2e-05
1.54219,0.009765,0,3.4e-05
1.54419,0.009765,0,-1.2e-05
1.54619,0.009765,0,-3.1e-05
1.54819,0.009765,0,5e-06
1.55019,0.006562,0,2e-06
1.55219,0.006562,0,9.7e-05
1.55419,0.006562,0,-6e-06
1.55619,0.006562,0,5.7e-05
1.55819,0.006562,0,-5e-06
1.56019,0.006562,0,5e-06
1.56219,0.006562,0,-5e-06
1.56419,0.006562,0,7e-05
1.5662,0.006562,0,8e-06
1.5682,0.000734,0,2.6e-05
1.57019,0.000734,0,8e-06
1.5722,0.013886,0,-1.9e-05
1.5742,0.013886,0,0.000101
1.5762,0.013886,0,-2.3e-05
1.5782,0.013886,0,-7.2e-05
1.5802,0.013886,0,-3e-06
1.5822,0.004802,0,-2.5e-05
1.5842,0.004802,0,4.4e-05
1.5862,0.000764,0,4.9e-05
1.5882,0.001973,0,-4.8e-05
1.5902,0.005345,0,4e-05
1.5922,0.015572,0,3e-05
1.5942,0.015572,0,5.4e-05
1.5962,0.006755,0,8e-06
1.5982,0.002824,0,-5.4e-05
1.6002,0.008607,0,5e-06
1.6022,0.004557,0,1.9e-05
1.6042,0.004557,0,-6e-06
1.60662,0.004557,0,4.9e-05
1.6082,0.004557,0,-2.2e-05
1.6102,0.004557,0,-1.5e-05
1.6122,0.004557,0,5.5e-05
1.6142,0.004557,0,1e-05
1.6162,0.004557,0,-7.2e-05
1.6182,0.004557,0,-5.3e-05
1.6202,0.004557,0,-1.3e-05
1.6222,0.010565,0,1.8e-05
1.62421,0.002194,0,-3.4e-05
1.6262,0.002194,0,3.7e-05
1.6282,0.009442,0,-5.1e-05
1.6302,0.005461,0,-3e-06
1.63221,0.001423,0,-1.2e-05
1.6342,0.001423,0,-3.4e-05
1.63621,0.011691,0,1.1e-05
1.63821,0.002033,0,-1e-06
1.64062,0.002033,0,1.8e-05
1.6422,0.002826,0,2e-05
1.64421,0.000188,0,0
1.64621,0.000188,0,1e-06
1.64821,0.004111,0,2.1e-05
1.6502,0.00412,0,-4.1e-05
1.65221,0.00412,0,1e-05
1.65421,0.00412,0,-8.3e-05
1.65621,0.00412,0,-1.4e-05
1.65821,0.00149,0,-4e-06
1.66021,0.00149,0,-3.1e-05
1.66221,0.00149,0,5e-06
1.66421,0.00149,0,-5.2e-05
1.66621,0.00149,0,6.8e-05
1.66821,0.00149,0,8.7e-05
1.67021,0.00149,0,1e-06
1.67221,0.00149,0,4.7e-05
1.67462,0.003517,0,4e-05
1.67721,0.004659,0,6e-05
1.67921,0.008032,0,1.4e-05
1.68121,0.00694,0,-7.4e-05
1.68305,0.00694,0,7.5e-05
1.68463,0.00694,0,-1.8e-05
1.68621,0.010967,0,4.9e-05
1.68821,0.010967,0,1.8e-05
1.69021,0.010967,0,8.9e-05
1.69221,0.010967,0,5.4e-05
1.69421,0.003562,0,1e-06
1.69621,0.003562,0,-1e-05
1.69822,0.003562,0,-5.4e-05
1.70022,0.003562,0,-2.5e-05
1.70222,0.010111,0,1.1e-05
1.70422,0.010111,0,-4.4e-05
1.70622,0.000899,0,1.7e-05
1.70822,0.000899,0,8e-06
1.70963,0.006901,0,-4e-06
1.71122,0.006901,0,7e-05
1.71322,0.007235,0,8e-06
1.71506,0.007235,0,-8.7e-05
1.71663,0.009355,0,2.5e-05
1.71822,0.010313,0,1e-06
1.72022,0.010313,0,1.2e-05
1.72221,0.010313,0,3.9e-05
1.72422,0.010313,0,-2.1e-05
1.72622,0.010927,0,-5.3e-05
1.72822,0.010927,0,6e-06
1.73022,0.010927,0,6.1e-05
1.73222,0.010927,0,-9e-06
1.73363,0.010927,0,-3e-06
1.73522,0.000975,0,2.9e-05
1.73722,0.009428,0,-6.1e-05
1.73964,0.009428,0,6.7e-05
1.74163,0.009428,0,3.7e-05
1.74322,0.009428,0,2.9e-05
1.74464,0.00562,0,4.4e-05
1.74622,0.00562,0,6.9e-05
1.74822,0.00562,0,-1.5e-05
1.75022,0.00562,0,-6.8e-05
1.75164,0.00562,0,-2e-05
1.75322,0.01032,0,6e-06
1.75506,0.01032,0,-4.6e-05
1.75664,0.01032,0,-3.6e-05
1.75822,0.01032,0,7.5e-05
1.76022,0.01032,0,-1.2e-05
1.76222,0.01032,0,2.2e-05
1.76422,0.01032,0,4.1e-05
1.76623,0.01032,0,-6.9e-05
1.76764,0.01032,0,-3.1e-05
1.76964,0.01032,0,-7e-05
1.77106,0.01032,0,-2.2e-05
1.77264,0.01032,0,-2.3e-05
1.77423,0.01032,0,2.4e-05
1.77623,0.01032,0,7e-06
1.77822,0.009984,0,-1.7e-05
1.78023,0.009984,0,-3.9e-05
1.78223,0.009984,0,8e-05
1.78423,0.009984,0,6.7e-05
1.78623,0.009341,0,4.9e-05
1.78823,0.009341,0,-7.7e-05
1.79023,0.009341,0,-0.0001
1.79223,0.009341,0,4.5e-05
1.79423,0.005571,0,8.5e-05
1.79623,0.005571,0,7.3e-05
1.79823,0.005571,0,-1.8e-05
1.80023,0.005571,0,2.6e-05
1.80264,0.002994,0,1.2e-05
1.80523,0.003008,0,5.1e-05
1.80723,0.011031,0,7.7e-05
1.80923,0.011031,0,5.6e-05
1.81107,0.011031,0,4.1e-05
1.81265,0.011031,0,0.000108
1.81423,0.011031,0,3.9e-05
1.81623,0.011031,0,1.8e-05
1.81823,0.004776,0,-3.7e-05
1.82023,0.004776,0,3.5e-05
1.82223,0.004776,0,-3.2e-05
1.82424,0.004776,0,3.4e-05
1.82623,0.01101,0,-6.5e-05
1.82823,0.01101,0,2.7e-05
1.82965,0.010825,0,2.2e-05
1.83123,0.009645,0,-6.8e-05
1.83323,0.009645,0,-9.6e-05
1.83566,0.009645,0,-2e-05
1.83765,0.010431,0,-2.8e-05
1.83924,0.00632,0,2e-05
1.84124,0.004828,0,-2.1e-05
1.84307,0.004828,0,-2.6e-05
1.84465,0.004828,0,-1.9e-05
1.84624,0.004828,0,3.6e-05
1.84824,0.004828,0,5.3e-05
1.85023,0.004828,0,6.9e-05
1.85224,0.004828,0,-2.9e-05
1.85424,0.007826,0,3.3e-05
1.85624,0.007826,0,-5.5e-05
1.85765,0.007826,0,-4e-06
1.85908,0.001006,0,8e-06
1.86065,0.000174,0,3e-05
1.86224,0.004211,0,3.4e-05
1.86424,0.004211,0,2e-06
1.86624,0.004211,0,2.7e-05
1.86824,0.004211,0,4.4e-05
1.86965,0.004211,0,2.4e-05
1.87124,0.004211,0,7.4e-05
1.87324,0.00684,0,-3.3e-05
1.87508,0.004782,0,6.6e-05
1.87665,0.009465,0,1e-05
1.87824,0.011035,0,1.9e-05
1.88024,0.011035,0,5.4e-05
1.88224,0.011035,0,-5.3e-05
1.88424,0.011035,0,3.3e-05
1.88624,0.012282,0,-7e-06
1.88824,0.012282,0,-1.2e-05
1.89024,0.003009,0,-3.3e-05
1.89166,0.009775,0,2.6e-05
1.89324,0.009775,0,3e-06
1.89466,0.008859,0,-2.8e-05
1.89666,0.001684,0,6.7e-05
1.89824,0.001684,0,-3.3e-05
1.89966,0.001684,0,2.5e-05
1.90224,0.001684,0,8.7e-05
1.90366,0.001684,0,-1.4e-05
1.90524,0.004944,0,0.000111
1.90666,0.004944,0,1.3e-05
1.90825,0.004944,0,2.5e-05
1.90966,0.004944,0,-4e-05
1.91125,0.004944,0,3.5e-05
1.91268,0.004944,0,1e-05
1.91426,0.004944,0,9.9e-05
1.91569,0.010747,0,-1e-05
1.91767,0.010747,0,9e-06
1.91924,0.010747,0,8e-06
1.92066,0.008218,0,-4.3e-05
1.92224,0.008218,0,6.4e-05
1.92424,0.008218,0,-9.5e-05
1.92525,0.008218,0,7e-06
1.92724,0.008218,0,2.9e-05
1.92866,0.001599,0,2.8e-05
1.93026,0.001599,0,0
1.93167,0.001599,0,-2.4e-05
1.93425,0.016977,0,-6.4e-05
1.93566,0.016977,0,2.4e-05
1.93724,0.004348,0,6.8e-05
1.93908,0.001544,0,-3e-06
1.94024,0.001544,0,-6e-06
1.94225,0.010344,0,-4e-06
1.94366,0.010344,0,6e-06
1.94525,0.009342,0,4.5e-05
1.94709,0.00632,0,-7.3e-05
1.94866,0.004708,0,5.3e-05
1.95025,0.00823,0,5.6e-05
1.95267,0.00823,0,4e-06
1.95425,0.00823,0,-0.000112
1.95625,0.006831,0,-1.9e-05
1.95826,0.00016,0,2.9e-05
1.96025,0.007612,0,4.4e-05
1.96225,0.007612,0,1.8e-05
1.96425,0.00148,0,-3e-05
1.96526,0.00148,0,1.2e-05
1.96726,0.00148,0,4e-06
1.96926,0.00148,0,2.5e-05
1.9711,0.00148,0,-2.9e-05
1.97226,0.00148,0,-4.4e-05
1.97426,0.00148,0,-1.3e-05
1.97626,0.00148,0,-9.3e-05
1.97826,0.010192,0,-1.8e-05
1.98026,0.010192,0,4.2e-05
1.98126,0.010192,0,-1.4e-05
1.98368,0.008852,0,2.9e-05
1.98526,0.008852,0,3e-05
1.9871,0.008852,0,-9.6e-05
1.98867,0.008852,0,-2.6e-05
1.99026,0.008852,0,4.4e-05
1.99226,0.008852,0,1.1e-05
1.99326,0.008852,0,5e-06
1.9951,0.008852,0,-1.4e-05
1.99627,0.008852,0,3.3e-05
1.99826,0.008852,0,-2.6e-05
2.00026,0.008948,0,0.000132
2.00226,0.005607,0,4e-05
2.00426,0.005607,0,-1.8e-05
2.00626,0.002988,0,0
2.00827,0.013455,0,6.8e-05
2.00926,0.010087,0,2e-05
2.0111,0.010873,0,4.7e-05
2.01326,0.007399,0,2.7e-05
2.01527,0.007399,0,-5e-06
2.01726,0.010162,0,5.5e-05
2.0191,0.010162,0,8e-06
2.02027,0.010162,0,-1e-06
2.02227,0.010162,0,9e-06
2.02326,0.010162,0,-1.2e-05
2.02527,0.010162,0,6.1e-05
2.02626,0.010162,0,-1e-06
2.02827,0.010162,0,7.9e-05
2.02926,0.010162,0,-1e-05
2.03127,0.004758,0,-7.1e-05
2.03327,0.004171,0,7.8e-05
2.0351,0.004171,0,-4e-05
2.03626,0.002874,0,-1.7e-05
2.03827,0.002874,0,-6e-06
2.04027,0.001587,0,-3.5e-05
2.04268,0.001587,0,6.1e-05
2.04427,0.005355,0,2e-05
2.04627,0.005542,0,5.3e-05
2.04827,0.005542,0,6.5e-05
2.05027,0.005542,0,1.3e-05
2.05227,0.005542,0,-3e-06
2.05427,0.005542,0,3.3e-05
2.05527,0.005542,0,5e-06
2.05727,0.005542,0,4.9e-05
2.05911,0.000894,0,-4e-06
2.06027,0.00894,0,5.3e-05
2.06227,0.00894,0,-0.000108
2.06427,0.009585,0,3e-05
2.06627,0.009585,0,0.000113
2.06727,0.009585,0,3.4e-05
2.06927,0.009585,0,-3.2e-05
2.07127,0.009585,0,-4.1e-05
2.07269,0.010079,0,-2.8e-05
2.07427,0.005904,0,3e-05
2.07627,0.002671,0,5e-06
2.07827,0.002671,0,2.3e-05
2.08027,0.002671,0,-5.2e-05
2.08227,0.009633,0,-2e-05
2.08427,0.010626,0,-9.5e-05
2.08627,0.010626,0,1.4e-05
2.08827,0.001508,0,3.1e-05
2.09027,0.007174,0,0
2.09127,0.007174,0,1.9e-05
2.09328,0.010324,0,-7.3e-05
2.09528,0.010324,0,6.9e-05
2.09728,0.010324,0,-3.3e-05
2.09911,0.007636,0,-3.1e-05
2.10027,0.007636,0,-9e-06
2.10169,0.007636,0,2.9e-05
2.10328,0.000862,0,5.3e-05
2.10569,0.002853,0,8.2e-05
2.10712,0.002853,0,1.5e-05
2.10827,0.002853,0,-5.9e-05
2.11028,0.005283,0,-1e-05
2.11228,0.005283,0,3.4e-05
2.11428,0.005283,0,9e-05
2.11569,0.005283,0,5.5e-05
2.11728,0.005283,0,1.1e-05
2.11928,0.001512,0,8e-06
2.12128,0.005323,0,-1.6e-05
2.12312,0.005323,0,-1.9e-05
2.1247,0.005323,0,-1.1e-05
2.12628,0.008132,0,4e-06
2.12828,0.008132,0,3.8e-05
2.13028,0.008132,0,2.7e-05
2.1317,0.008702,0,1.3e-05
2.13328,0.008702,0,0.00014
2.13528,0.001501,0,4.5e-05
2.13728,0.008826,0,2.1e-05
2.13912,0.008826,0,4e-05
2.1407,0.008826,0,2.6e-05
2.14228,0.004716,0,1.3e-05
2.14428,0.002113,0,4.8e-05
2.14628,0.009257,0,2.2e-05
2.1477,0.009257,0,5e-05
2.1497,0.003519,0,2e-06
2.15128,0.003519,0,4.6e-05
2.15328,0.003519,0,8.9e-05
2.15512,0.00483,0,7e-06
2.15729,0.00483,0,-2.5e-05
2.15929,0.00483,0,-2e-05
2.16129,0.00924,0,-3.4e-05
2.16312,0.00924,0,2.5e-05
2.1647,0.004695,0,8e-06
2.1667,0.004695,0,-3.4e-05
2.16829,0.004695,0,6.7e-05
2.17028,0.009633,0,2.3e-05
2.17229,0.009633,0,7.2e-05
2.17429,0.000852,0,3.8e-05
2.17629,0.010699,0,-9e-06
2.17828,0.010699,0,-3.2e-05
2.18029,0.01035,0,9e-06
2.18229,0.014639,0,-1.2e-05
2.18429,0.014639,0,5.4e-05
2.18628,0.014639,0,2.9e-05
2.18829,0.014639,0,-1.3e-05
2.19029,0.014639,0,8.2e-05
2.19229,0.014639,0,-1.4e-05
2.19429,0.00144,0,1.3e-05
2.19629,0.00144,0,6.5e-05
2.1983,0.002882,0,-6e-06
2.2003,0.002882,0,-1.7e-05
2.20229,0.002882,0,-4e-05
2.2043,0.010393,0,1.1e-05
2.2063,0.001527,0,4.9e-05
2.20771,0.001789,0,2e-06
2.2093,0.002669,0,7e-06
2.21113,0.002669,0,-2.4e-05
2.21229,0.002669,0,-1.4e-05
2.2143,0.002669,0,2.6e-05
2.21571,0.002137,0,2.1e-05
2.2173,0.002137,0,6.6e-05
2.21913,0.002137,0,-5.3e-05
2.2213,0.009707,0,4e-05
2.2233,0.009707,0,3.7e-05
2.2253,0.009707,0,9e-05
2.22714,0.009614,0,-1.1e-05
2.22871,0.007374,0,2e-06
2.23071,0.004159,0,7e-05
2.2323,0.004159,0,-5.7e-05
2.23371,0.004159,0,-1.9e-05
2.23514,0.004159,0,1.4e-05
2.2373,0.002947,0,-3.1e-05
2.2393,0.001175,0,2.3e-05
2.2413,0.006871,0,-2.6e-05
2.24314,0.006871,0,-2.1e-05
2.24472,0.006871,0,5e-06
2.2463,0.006871,0,-1e-05
2.2483,0.001594,0,7e-05
2.2503,0.004669,0,6.4e-05
2.2523,0.004669,0,-5.3e-05
2.2543,0.004669,0,-3.2e-05
2.2563,0.007517,0,3.7e-05
2.2583,0.007517,0,5.4e-05
2.2603,0.013239,0,-4e-06
2.26272,0.013239,0,0.000112
2.2643,0.013239,0,7.2e-05
2.2663,0.004344,0,2.3e-05
2.2683,0.004344,0,-5.4e-05
2.27031,0.004344,0,5e-06
2.27231,0.004162,0,3.3e-05
2.27372,0.004162,0,1.3e-05
2.27514,0.00515,0,-4.1e-05
2.2763,0.00515,0,4.8e-05
2.27831,0.003617,0,-5e-06
2.2803,0.003617,0,9.1e-05
2.2823,0.003617,0,3.1e-05
2.2843,0.003617,0,4.9e-05
2.28631,0.003617,0,1.1e-05
2.28831,0.003617,0,7e-06
2.2903,0.010617,0,5e-06
2.29231,0.010617,0,-3.3e-05
2.29472,0.010617,0,4.2e-05
2.29631,0.010799,0,2.6e-05
2.2983,0.010799,0,-4e-05
2.30031,0.010793,0,-2.1e-05
2.30231,0.002189,0,-1.1e-05
2.30431,0.002189,0,-2e-05
2.3063,0.002189,0,1.1e-05
2.30831,0.009517,0,4.5e-05
2.31031,0.009517,0,-6e-05
2.31231,0.009517,0,3e-06
2.3143,0.009524,0,8.1e-05
2.31631,0.009524,0,3e-06
2.31831,0.009524,0,-3.5e-05
2.32031,0.006185,0,2.6e-05
2.3223,0.006185,0,-8.4e-05
2.32431,0.006185,0,-9.5e-05
2.32631,0.00059,0,6.4e-05
2.32873,0.00059,0,9.1e-05
2.33031,0.00059,0,-2.5e-05
2.33231,0.00059,0,-3.3e-05
2.33431,0.00059,0,8.1e-05
2.33631,0.00059,0,2.5e-05
2.33831,0.008701,0,-3.8e-05
2.34031,0.010378,0,4.1e-05
2.34231,0.010378,0,-4.5e-05
2.34431,0.004232,0,5.5e-05
2.34631,0.004209,0,7e-06
2.34831,0.004209,0,2e-05
2.35031,0.004209,0,5.8e-05
2.35231,0.007456,0,-4.2e-05
2.35431,0.007456,0,4.9e-05
2.35632,0.007456,0,6.3e-05
2.35832,0.013125,0,-1.7e-05
2.36032,0.013125,0,2.6e-05
2.36272,0.001477,0,-3.1e-05
2.36531,0.001477,0,1.4e-05
2.36732,0.005296,0,-4.3e-05
2.36932,0.005296,0,0.000113
2.37115,0.005296,0,-1.7e-05
2.37273,0.005296,0,-6e-06
2.37432,0.005296,0,4e-06
2.37632,0.009324,0,5.3e-05
2.37832,0.009324,0,-1.5e-05
2.38032,0.009324,0,-5.4e-05
2.38232,0.004094,0,-3.9e-05
2.38432,0.00434,0,7.7e-05
2.38631,0.00434,0,-5e-05
2.38832,0.00434,0,2.7e-05
2.39032,0.002229,0,8.4e-05
2.39232,0.002229,0,5.2e-05
2.39431,0.002229,0,-2.7e-05
2.39632,0.01022,0,2e-05
2.39832,0.01022,0,-9e-06
2.40032,0.01022,0,3.4e-05
2.40232,0.009931,0,1.3e-05
2.40432,0.010077,0,-4.7e-05
2.40632,0.010077,0,2e-06
2.40832,0.004088,0,6.6e-05
2.41032,0.004986,0,1.3e-05
2.41232,0.000885,0,4e-05
2.41432,0.000885,0,-2.1e-05
2.41632,0.00224,0,4.8e-05
2.41832,0.00945,0,-1e-05
2.42032,0.006091,0,5.8e-05
2.42233,0.006091,0,6.2e-05
2.42433,0.006091,0,4e-06
2.42632,0.009961,0,5.3e-05
2.42833,0.009961,0,4.8e-05
2.43074,0.004129,0,-1.4e-05
2.43233,0.009826,0,-2.5e-05
2.43432,0.009826,0,0.000112
2.43633,0.009826,0,-1.6e-05
2.43833,0.009258,0,-2e-05
2.44032,0.009258,0,3e-05
2.44232,0.009258,0,3.2e-05
2.44433,0.009258,0,3.1e-05
2.44633,0.01057,0,2.8e-05
2.44833,0.01057,0,-6.6e-05
2.45032,0.01057,0,4e-05
2.45233,0.01057,0,-7.4e-05
2.45433,0.007661,0,-4.4e-05
2.45633,0.007661,0,1.3e-05
2.45833,0.002093,0,-2.9e-05
2.46033,0.012673,0,2e-06
2.46233,0.012673,0,8.3e-05
2.46475,0.000192,0,-3.3e-05
2.46633,0.004627,0,-7e-06
2.46833,0.004627,0,-1.3e-05
2.47033,0.004627,0,5.3e-05
2.47233,0.008821,0,3.8e-05
2.47433,0.008821,0,2.2e-05
2.47633,0.008821,0,6.7e-05
2.47833,0.008821,0,-8.4e-05
2.48033,0.010105,0,2.7e-05
2.48233,0.010105,0,7.2e-05
2.48433,0.010105,0,-5.4e-05
2.48633,0.010105,0,6.6e-05
2.48833,0.009441,0,-6.4e-05
2.49033,0.009344,0,6.1e-05
2.49234,0.009344,0,5e-06
2.49434,0.009344,0,6.7e-05
2.49634,0.003491,0,1.5e-05
2.49833,0.009566,0,4.7e-05
2.50034,0.000346,0,6e-06
2.50234,0.000346,0,5.7e-05
2.50434,0.005454,0,1.5e-05
2.50633,0.008781,0,-2.3e-05
2.50834,0.008781,0,-8.4e-05
2.51034,0.008781,0,7.9e-05
2.51234,0.011514,0,6.9e-05
2.51434,0.011514,0,-1.7e-05
2.51634,0.011514,0,0
2.51834,0.007466,0,3.2e-05
2.52034,0.009478,0,2e-06
2.52234,0.009478,0,6.6e-05
2.52434,0.009478,0,-2.6e-05
2.52634,0.009247,0,-6.7e-05
2.52834,0.007392,0,2.4e-05
2.53034,0.007392,0,-3e-06
2.53234,0.007392,0,1.1e-05
2.53476,0.000937,0,-3.6e-05
2.53634,0.000937,0,1.5e-05
2.53834,0.000937,0,9.2e-05
2.54034,0.000937,0,2e-06
2.54234,0.010307,0,-1.9e-05
2.54434,0.010307,0,-6.4e-05
2.54634,0.010307,0,4.2e-05
2.54834,0.003964,0,-2.7e-05
2.55034,0.003964,0,7.3e-05
2.55234,0.001785,0,-0.000126
2.55434,0.009714,0,3.9e-05
2.55634,0.009714,0,-1.3e-05
2.55835,0.009714,0,-5.4e-05
2.56035,0.011016,0,2.5e-05
2.56234,0.011016,0,-1.3e-05
2.56434,0.011016,0,-2.4e-05
2.56635,0.009969,0,6.4e-05
2.56876,0.009969,0,3.8e-05
2.57034,0.009969,0,7e-05
2.57235,0.006039,0,1.6e-05
2.57435,0.006039,0,6.1e-05
2.57635,0.006039,0,-3e-06
2.57834,0.009211,0,2.4e-05
2.58034,0.009812,0,8e-05
2.58235,0.009812,0,-4e-06
2.58435,0.004763,0,8e-06
2.58634,0.00466,0,-1.7e-05
2.58834,0.00466,0,-2e-06
2.59035,0.004999,0,-9e-06
2.59235,0.004999,0,-1.8e-05
2.59435,0.004999,0,5e-05
2.59635,0.004999,0,7.2e-05
2.59835,0.004999,0,-2.5e-05
2.60035,0.004999,0,6e-06
2.60276,0.007037,0,5.1e-05
2.60535,0.002729,0,-1.1e-05
2.60735,0.005363,0,-5.5e-05
2.60935,0.005363,0,-1.8e-05
2.61119,0.005363,0,1.5e-05
2.61277,0.010196,0,3.6e-05
2.61435,0.010196,0,6e-06
2.61635,0.009464,0,-6.5e-05
2.61835,0.009464,0,-3.9e-05
2.62035,0.009464,0,4.7e-05
2.62235,0.0086,0,6e-06
2.62436,0.0086,0,-4e-06
2.62635,0.0086,0,5.8e-05
2.62835,0.010701,0,-4.9e-05
2.63035,0.010701,0,-2.9e-05
2.63236,4.9e-05,0,-2.5e-05
2.63436,4.9e-05,0,3.9e-05
2.63636,4.9e-05,0,2.4e-05
2.63835,0.010619,0,2.5e-05
2.64036,0.010619,0,-5.7e-05
2.64236,0.000774,0,3.1e-05
2.64435,0.009286,0,3.9e-05
2.64636,0.009286,0,4.5e-05
2.64836,0.001322,0,-1.4e-05
2.65036,0.001322,0,2.8e-05
2.65235,0.001322,0,-4e-06
2.65436,0.010033,0,-6.7e-05
2.65636,0.010033,0,-9.6e-05
2.65836,0.010033,0,0.000129
2.66035,0.010033,0,1.7e-05
2.66236,0.007191,0,5e-06
2.66436,0.007191,0,2.3e-05
2.66636,0.002167,0,-3.2e-05
2.66836,0.001344,0,4.8e-05
2.67077,0.002028,0,3.2e-05
2.67236,0.002028,0,5.8e-05
2.67436,0.0106,0,5e-06
2.67636,0.007198,0,1e-06
2.67836,4.1e-05,0,6.8e-05
2.68036,0.01202,0,-7.2e-05
2.68236,0.01202,0,1e-06
2.68436,0.01202,0,8.4e-05
2.68636,0.010411,0,-7.4e-05
2.68836,0.010411,0,7.1e-05
2.69036,0.010411,0,3.4e-05
2.69236,0.010411,0,1.1e-05
2.69436,0.010411,0,3.3e-05
2.69637,0.010411,0,2.3e-05
2.69836,0.008021,0,4e-05
2.70036,0.012514,0,6.7e-05
2.70236,0.012514,0,-1.2e-05
2.70478,0.000759,0,3.1e-05
2.70637,0.009323,0,-4.8e-05
2.70837,0.004052,0,7.4e-05
2.71037,0.004052,0,-7.5e-05
2.71237,5.2e-05,0,-8e-06
2.71437,0.001416,0,5.3e-05
2.71636,0.001416,0,1.2e-05
2.71837,0.001416,0,6.4e-05
2.72037,0.009213,0,8e-06
2.72237,0.009213,0,2.5e-05
2.72437,0.009213,0,-1.1e-05
2.72637,0.009213,0,-1.3e-05
2.72837,0.010231,0,8e-06
2.73037,0.010231,0,-2.5e-05
2.73237,0.010231,0,9.8e-05
2.73437,0.004569,0,6.1e-05
2.73637,0.004569,0,-6.4e-05
2.73837,0.004569,0,-8e-06
2.74037,0.004569,0,8.2e-05
2.74237,0.00278,0,2e-05
2.74437,0.00278,0,6.5e-05
2.74637,0.00278,0,1.2e-05
2.74837,0.00278,0,-2.3e-05
2.75037,0.015037,0,2.9e-05
2.75237,0.015037,0,2e-05
2.75438,0.015037,0,6.1e-05
2.75637,0.015037,0,-2.9e-05
2.75837,0.005386,0,8e-05
2.76038,0.005386,0,3.9e-05
2.76237,0.005386,0,7e-05
2.76437,0.005386,0,-5.6e-05
2.76637,0.002426,0,-1.2e-05
2.76838,0.002426,0,-1.9e-05
2.77037,0.002764,0,1.7e-05
2.77237,0.007057,0,7.4e-05
2.77437,0.007057,0,8.4e-05
2.77638,0.007057,0,-4.4e-05
2.77837,0.003374,0,3.7e-05
2.78038,0.014717,0,5.3e-05
2.78238,0.014717,0,5.3e-05
2.78438,0.014717,0,1.9e-05
2.78638,0.00546,0,-5.6e-05
2.78837,0.001918,0,-4e-05
2.79038,0.001918,0,5e-06
2.79238,0.010109,0,3.1e-05
2.79438,0.010109,0,-2.3e-05
2.79637,0.010109,0,-6.9e-05
2.79838,0.010109,0,1.3e-05
2.80038,0.010109,0,9.1e-05
2.80238,0.006498,0,3.5e-05
2.80438,0.002717,0,6.6e-05
2.8068,0.002717,0,-8.2e-05
2.80838,0.007688,0,1e-06
2.81038,0.007688,0,4.9e-05
2.81238,0.007688,0,9e-06
2.81438,0.008036,0,-4.5e-05
2.81638,0.008036,0,-1.2e-05
2.81838,0.000136,0,5.9e-05
2.82038,0.005304,0,-7.4e-05
2.82238,0.005304,0,-6.3e-05
2.82439,0.005304,0,-7.7e-05
2.82638,0.004047,0,-3e-05
2.82838,0.013528,0,7.8e-05
2.83038,0.013528,0,-3.9e-05
2.83239,0.006005,0,-1.6e-05
2.83438,0.006005,0,6.2e-05
2.83638,0.006005,0,0.000131
2.83838,0.008961,0,-5.1e-05
2.8408,0.008961,0,6.3e-05
2.84239,0.008961,0,-8.4e-05
2.84439,0.001432,0,7e-06
2.84639,0.001432,0,-6e-06
2.84839,0.009371,0,-6e-06
2.85039,0.009371,0,-3.8e-05
2.85238,0.009371,0,-4e-06
2.85439,0.015437,0,5e-05
2.85639,0.015437,0,8e-06
2.85839,0.015437,0,3.2e-05
2.86038,0.015437,0,1.4e-05
2.86239,0.001735,0,6.2e-05
2.86439,0.001735,0,4.1e-05
2.86639,0.002596,0,2.8e-05
2.86839,0.010084,0,-1.3e-05
2.87039,0.010084,0,-4e-06
2.87239,0.010084,0,-1e-06
2.87439,0.003608,0,-3.7e-05
2.87639,0.003608,0,2.3e-05
2.87839,0.003608,0,-1.5e-05
2.88039,0.01002,0,-3.2e-05
2.88239,0.000795,0,6.2e-05
2.88439,0.000795,0,-3.2e-05
2.88639,0.010386,0,2.6e-05
2.88839,0.010386,0,-2.5e-05
2.89039,0.010386,0,8.2e-05
2.89239,0.010386,0,0.000105
2.89439,0.010386,0,-1.6e-05
2.8964,0.010386,0,0
2.89839,0.010386,0,2.3e-05
2.90039,0.011204,0,9.1e-05
2.90239,0.008039,0,-2.6e-05
2.9044,0.008039,0,0.000104
2.90639,0.008039,0,-8e-06
2.90881,0.008039,0,6.3e-05
2.9104,0.008039,0,-9.7e-05
2.9124,0.008039,0,1.8e-05
2.9144,0.006132,0,-2.4e-05
2.9164,0.006132,0,-0.000102
2.9184,0.006132,0,9.1e-05
2.9204,0.006132,0,7e-06
2.9224,0.008072,0,-2.7e-05
2.9244,0.008072,0,3e-05
2.9264,0.008072,0,1.2e-05
2.9284,0.004805,0,-6e-05
2.9304,0.004805,0,-5.4e-05
2.9324,5.7e-05,0,-1.5e-05
2.9344,0.003986,0,-2.3e-05
2.9364,0.004052,0,5e-05
2.9384,0.004052,0,1.8e-05
2.9404,0.011492,0,5e-05
2.9424,0.005394,0,2e-06
2.94481,0.005394,0,3.6e-05
2.9464,0.005394,0,2.1e-05
2.9484,0.005394,0,7.6e-05
2.9504,0.005394,0,4.6e-05
2.9524,0.005394,0,-5e-05
2.9544,0.009248,0,-3.8e-05
2.9564,0.009248,0,-2.8e-05
2.9584,0.009248,0,4.6e-05
2.9604,0.002821,0,-2.4e-05
2.96241,0.002821,0,-6e-06
2.9644,0.004831,0,-1.1e-05
2.9664,0.007441,0,5e-06
2.9684,0.007441,0,-3.5e-05
2.97041,0.007441,0,-5e-06
2.9724,0.007441,0,-5.1e-05
2.9744,0.007441,0,0
2.97681,0.007441,0,-1.4e-05
2.97841,0.004117,0,-3e-06
2.98041,0.004117,0,4e-06
2.98241,0.001416,0,4.2e-05
2.98441,0.005133,0,3.3e-05
2.98641,0.005133,0,2.8e-05
2.98841,0.01133,0,0.000101
2.99041,0.003844,0,-4.7e-05
2.99241,0.003844,0,5.8e-05
2.99441,0.005483,0,5.3e-05
2.99641,0.0153,0,9.5e-05
2.99841,0.007103,0,0.000101
3.00041,0.008781,0,0.00026
3.00241,0.012605,0,0.000372
3.00441,0.000713,0,0.00071
3.00641,0.003149,0,0.000829
3.00841,0.015602,0,0.001134
3.01042,0.00026,0,0.001551
3.01241,0.003599,0,0.001792
3.01441,0.011935,0,0.002155
3.01641,0.006385,0,0.002515
3.01842,0.010307,0,0.002962
3.02041,0.005006,0,0.003377
3.02241,0.014512,0,0.003881
3.02442,0.002849,0,0.0044
3.02641,0.002849,0,0.005001
3.02841,0.002849,0,0.005637
3.03041,0.000905,0,0.006216
3.03242,0.000905,0,0.006781
3.03441,0.000905,0,0.007326
3.03641,0.007651,0,0.00808
3.03841,0.007651,0,0.008602
3.04042,0.007899,0,0.009217
3.04241,0.025166,0,0.009901
3.04441,0.025166,0,0.010559
3.04683,0.013241,0,0.011171
3.04842,0.013241,0,0.011946
3.05042,0.013241,0,0.012427
3.05242,0.01583,0,0.013053
3.05442,0.01583,0,0.013653
3.05642,0.017444,0,0.014261
3.05842,0.020888,0,0.015014
3.06042,0.020888,0,0.015622
3.06242,0.004405,0,0.016354
3.06442,0.004405,0,0.017094
3.06642,0.028842,0,0.017877
3.06842,0.036978,0,0.018596
3.07042,0.011755,0,0.019373
3.07242,0.036566,0,0.020316
3.07442,0.036566,0,0.021162
3.07642,0.009348,0,0.021899
3.07842,0.009348,0,0.022922
3.08042,0.009348,0,0.023688
3.08284,0.029938,0,0.024597
3.08542,0.029938,0,0.025672
3.08742,0.001697,0,0.026933
3.08942,0.001697,0,0.027853
3.09126,0.00756,0,0.028888
3.09342,0.00756,0,0.029796
3.09543,0.029248,0,0.030946
3.09743,0.029248,0,0.032004
3.09926,0.012161,0,0.033075
3.10142,0.004942,0,0.033985
3.10343,0.004942,0,0.035263
3.10543,0.003723,0,0.036312
3.10726,0.003723,0,0.03747
3.10942,0.003035,0,0.038381
3.11143,0.001696,0,0.039552
3.11343,0.001696,0,0.040689
3.11526,0.001696,0,0.041716
3.11743,0.004526,0,0.042675
3.11943,0.004526,0,0.043893
3.12143,0.00518,0,0.045005
3.12326,0.01693,0,0.045974
3.12543,0.01693,0,0.046945
3.12743,0.020862,0,0.048169
3.12943,0.020862,0,0.04912
3.13127,0.020862,0,0.05007
3.13343,0.022108,0,0.050992
3.13543,0.022108,0,0.051995
3.13743,0.022108,0,0.052971
3.13926,0.016276,0,0.053962
3.14143,0.000239,0,0.054712
3.14343,0.000239,0,0.055799
3.14543,0.066041,0,0.056828
3.14727,0.066041,0,0.05774
3.14943,0.003277,0,0.058618
3.15143,0.024,0,0.059792
3.15343,0.024,0,0.060725
3.15527,0.00074,0,0.061806
3.15744,0.010995,0,0.062642
3.15944,0.010995,0,0.063728
3.16143,0.018748,0,0.064676
3.16327,0.018748,0,0.065747
3.16544,0.018748,0,0.066626
3.16744,0.015953,0,0.067652
3.16944,0.015953,0,0.068482
3.17127,0.015953,0,0.069548
3.17344,0.010085,0,0.070348
3.17544,0.010085,0,0.07129
3.17744,0.010085,0,0.072226
3.17927,0.005281,0,0.073099
3.18144,0.005281,0,0.073898
3.18344,0.005281,0,0.07489
3.18544,0.005281,0,0.075769
3.18743,0.009309,0,0.076575
3.18944,0.00043,0,0.077549
3.19144,0.00043,0,0.078312
3.19344,0.00043,0,0.0791
3.19528,0.003194,0,0.079845
3.19744,0.015532,0,0.080527
3.19944,0.015532,0,0.081449
3.20144,0.018546,0,0.082176
3.20328,0.002021,0,0.082981
3.20544,0.002021,0,0.08363
3.20745,0.002021,0,0.084558
3.20944,0.027395,0,0.08526
3.21127,0.003462,0,0.086033
3.21344,0.003462,0,0.08675
3.21544,0.026043,0,0.087753
3.21744,0.00353,0,0.0886
3.21927,0.00353,0,0.089566
3.22144,0.020283,0,0.090135
3.22344,0.024529,0,0.091104
3.22544,0.024529,0,0.091957
3.22728,0.024529,0,0.092881
3.22886,0.011831,0,0.093693
3.23045,0.022754,0,0.094403
3.23245,0.041865,0,0.09515
3.23444,0.041865,0,0.096043
3.23645,0.010361,0,0.097042
3.23845,0.008443,0,0.097911
3.24045,0.008443,0,0.098822
3.24244,0.008443,0,0.099811
3.24445,0.008443,0,0.100852
3.24645,0.003293,0,0.101845
3.24845,0.003293,0,0.102756
3.25044,0.009455,0,0.103786
3.25245,0.00924,0,0.10471
3.25445,0.000691,0,0.105705
3.25686,0.000691,0,0.106742
3.25845,0.000691,0,0.10772
3.26045,0.000691,0,0.108497
3.26245,0.000691,0,0.109576
3.26445,0.001414,0,0.11033
3.26645,0.001414,0,0.11123
3.26845,0.0008,0,0.112117
3.27045,0.002713,0,0.113103
3.27245,0.00292,0,0.113992
3.27445,0.00292,0,0.114835
3.27645,0.00292,0,0.115809
3.27845,0.00168,0,0.116791
3.28045,0.00168,0,0.117595
3.28245,0.006711,0,0.118588
3.28445,0.006711,0,0.119477
3.28645,0.008833,0,0.120418
3.28845,0.021528,0,0.121248
3.29087,0.021528,0,0.122352
3.29346,0.021528,0,0.123516
3.29546,0.021528,0,0.124841
3.29746,0.037375,0,0.125848
3.29929,0.037375,0,0.126884
3.30145,0.037375,0,0.127829
3.30346,0.029891,0,0.129088
3.30546,0.029891,0,0.130176
3.30729,0.029891,0,0.131292
3.30945,0.023262,0,0.132254
3.31146,0.023262,0,0.133597
3.31346,0.015343,0,0.13464
3.31529,0.015343,0,0.135779
3.31746,0.015343,0,0.136799
3.31946,0.015882,0,0.138101
3.32146,0.015882,0,0.139193
3.32329,0.015882,0,0.140372
3.32546,0.022006,0,0.141313
3.32746,0.022006,0,0.1426
3.32946,0.022006,0,0.143708
3.3313,0.000641,0,0.144821
3.33346,0.000641,0,0.145772
3.33546,0.000641,0,0.14708
3.33746,0.000641,0,0.148167
3.33929,0.000938,0,0.14912
3.34146,0.000938,0,0.150145
3.34346,0.008427,0,0.15129
3.34546,0.013678,0,0.152378
3.3473,0.013678,0,0.153415
3.34888,0.007186,0,0.154332
3.35046,0.016677,0,0.155256
3.35246,0.03986,0,0.156156
3.35446,0.03986,0,0.157246
3.35646,0.002602,0,0.158566
3.35846,0.035822,0,0.159742
3.36088,0.035822,0,0.160941
3.36247,0.024263,0,0.16244
3.36447,0.024263,0,0.163554
3.36646,0.024263,0,0.164973
3.36847,0.034716,0,0.166222
3.37046,0.034716,0,0.16773
3.37246,0.005278,0,0.169104
3.37447,0.01737,0,0.170549
3.37647,0.006645,0,0.172018
3.37847,0.006645,0,0.173416
3.38047,0.003228,0,0.174916
3.38247,0.011064,0,0.176402
3.38447,0.011064,0,0.177873
3.38647,0.005731,0,0.179262
3.38847,0.005731,0,0.180714
3.39047,0.006944,0,0.182125
3.39247,0.006944,0,0.183663
3.39488,0.003718,0,0.185053
3.39646,0.003718,0,0.186843
3.39847,0.003718,0,0.188008
3.40047,0.007339,0,0.189459
3.40247,0.023973,0,0.190853
3.40447,0.01245,0,0.192253
3.40647,0.000572,0,0.193755
3.40847,0.032339,0,0.195197
3.41047,0.032339,0,0.196779
3.41247,0.037802,0,0.198321
3.41447,0.022334,0,0.199876
3.41647,0.00538,0,0.201497
3.41847,0.003246,0,0.203088
3.42047,0.0089,0,0.204809
3.42247,0.02279,0,0.206407
3.42447,0.02279,0,0.208195
3.42647,0.02279,0,0.209832
3.42889,0.02279,0,0.211563
3.43047,0.005693,0,0.213564
3.43248,0.005693,0,0.214987
3.43448,0.005693,0,0.216669
3.43648,0.005693,0,0.218271
3.43847,0.00427,0,0.219999
3.44048,0.00427,0,0.221644
3.44247,0.00427,0,0.223138
3.44447,0.003082,0,0.224782
3.44648,0.003082,0,0.226451
3.44848,0.003082,0,0.227977
3.45048,0.01374,0,0.229595
3.45247,0.01374,0,0.231163
3.45448,0.01374,0,0.232725
3.45648,0.017238,0,0.234388
3.45848,0.002566,0,0.235969
3.46047,0.015633,0,0.237535
3.46248,0.015633,0,0.239209
3.4649,0.003398,0,0.240781
3.46648,0.003398,0,0.242875
3.46848,0.006841,0,0.244058
3.47048,0.014708,0,0.245651
3.47248,0.014708,0,0.247346
3.47448,0.000905,0,0.249007
3.47648,0.000905,0,0.250543
3.47848,0.000905,0,0.252136
3.48048,0.002865,0,0.253673
3.48248,0.007256,0,0.255296
3.48448,0.007256,0,0.256771
3.48648,0.007256,0,0.258361
3.48848,0.007256,0,0.259853
3.49049,0.007078,0,0.261195
3.49248,0.007078,0,0.262634
3.49448,0.007078,0,0.264076
3.49649,0.019413,0,0.265522
3.4989,0.032984,0,0.267056
3.50048,0.049681,0,0.268806
3.50248,0.030211,0,0.269932
3.50449,0.030211,0,0.271475
3.50649,0.003938,0,0.272977
3.50849,0.003938,0,0.27456
3.51049,0.003938,0,0.275899
3.51249,0.003938,0,0.277535
3.51449,0.003938,0,0.27901
3.51649,0.003938,0,0.280615
3.51849,0.003938,0,0.282094
3.52049,0.003938,0,0.283656
3.52249,0.006656,0,0.285181
3.52449,0.006656,0,0.286758
3.52649,0.006656,0,0.288196
3.52849,0.006656,0,0.289786
3.53049,0.007708,0,0.291145
3.5329,0.007708,0,0.292719
3.53449,0.007708,0,0.294415
3.53649,0.00034,0,0.295586
3.53849,0.00034,0,0.297067
3.54049,0.009838,0,0.29856
3.54249,0.01674,0,0.299898
3.54449,0.01674,0,0.301304
3.54649,0.01674,0,0.302647
3.54849,0.01674,0,0.304059
3.55049,0.01674,0,0.30539
3.55249,0.011358,0,0.306861
3.55449,0.0129,0,0.308288
3.55649,0.0129,0,0.309716
3.55849,0.0129,0,0.310973
3.56049,0.018131,0,0.312507
3.5625,0.018131,0,0.31386
3.5645,0.010775,0,0.31527
3.56649,0.012278,0,0.316694
3.5685,0.005317,0,0.318129
3.5705,0.007766,0,0.319665
3.5725,0.007766,0,0.321028
3.57449,0.007766,0,0.32244
3.57649,0.002352,0,0.323886
3.57849,0.004587,0,0.32539
3.5805,0.001192,0,0.326878
3.5825,0.001192,0,0.328319
3.5845,0.001192,0,0.329803
3.5865,0.020202,0,0.331375
3.5885,0.020202,0,0.332765
3.5905,0.020202,0,0.334321
3.5925,0.018129,0,0.335951
3.5945,0.010416,0,0.337557
3.5965,0.037357,0,0.339042
3.5985,0.021576,0,0.340664
3.6005,0.021576,0,0.342311
3.60251,0.021576,0,0.343967
3.6045,0.021576,0,0.345718
3.6065,0.012064,0,0.347403
3.6085,0.000631,0,0.349055
3.6105,0.01352,0,0.350817
3.6125,0.01352,0,0.352627
3.6145,0.003974,0,0.354365
3.6165,0.004926,0,0.356183
3.6185,0.004926,0,0.3579
3.6205,0.004926,0,0.359725
3.6225,0.004926,0,0.361461
3.62451,0.004926,0,0.363296
3.6265,0.008158,0,0.365025
3.6285,0.009136,0,0.366837
3.63051,0.009136,0,0.36855
3.63251,0.009136,0,0.370452
3.63451,0.009136,0,0.372122
3.63692,0.003618,0,0.373952
3.63851,0.003618,0,0.376119
3.64051,0.003618,0,0.377645
3.64251,0.030092,0,0.379473
3.64451,0.000944,0,0.38132
3.64651,0.000944,0,0.383097
3.64851,0.000944,0,0.384974
3.65051,0.002836,0,0.386853
3.65251,0.002836,0,0.388785
3.65451,0.002836,0,0.390542
3.65651,0.008359,0,0.392469
3.65851,0.008359,0,0.394234
3.66051,0.008359,0,0.395936
3.66251,0.018419,0,0.397724
3.66451,0.018419,0,0.399448
3.66651,0.001235,0,0.401302
3.66851,0.022595,0,0.4029
3.67052,0.019275,0,0.404605
3.67251,0.008268,0,0.406307
3.67451,0.008268,0,0.408146
3.67652,0.008268,0,0.409759
3.67852,0.020981,0,0.411454
3.68051,0.020981,0,0.413095
3.68251,0.020981,0,0.414887
3.68451,0.020981,0,0.416697
3.68652,0.020981,0,0.41842
3.68851,0.020981,0,0.420178
3.69051,0.022336,0,0.421907
3.69252,0.003701,0,0.423601
3.69452,0.003701,0,0.425368
3.69652,0.012516,0,0.427062
3.69851,0.012516,0,0.428753
3.70052,0.012516,0,0.43038
3.70252,0.012516,0,0.432012
3.70452,0.012516,0,0.433617
3.70651,0.024358,0,0.43516
3.70852,0.024358,0,0.436646
3.71052,0.006819,0,0.438147
3.71252,0.006819,0,0.439592
3.71452,0.006819,0,0.441144
3.71652,0.006819,0,0.442457
3.71852,0.017158,0,0.443836
3.72052,0.007593,0,0.445277
3.72252,0.019219,0,0.446668
3.72452,0.001288,0,0.448172
3.72652,0.001288,0,0.449576
3.72852,0.001288,0,0.451141
3.73052,0.001288,0,0.452652
3.73252,0.024944,0,0.454193
3.73453,0.024944,0,0.455654
3.73652,0.011258,0,0.457283
3.73852,0.011258,0,0.458869
3.74094,0.006625,0,0.460562
3.74253,0.016111,0,0.462616
3.74453,0.006077,0,0.463917
3.74652,0.006077,0,0.465656
3.74853,0.006077,0,0.467338
3.75052,0.003281,0,0.468995
3.75253,0.004514,0,0.47058
3.75452,0.000737,0,0.472377
3.75652,0.00174,0,0.474066
3.75853,0.004798,0,0.475755
3.76053,0.004798,0,0.477495
3.76253,0.004798,0,0.47911
3.76453,0.004798,0,0.480757
3.76653,0.004798,0,0.482532
3.76853,0.022538,0,0.484286
3.77053,0.022538,0,0.486093
3.77253,0.013125,0,0.487898
3.77453,0.061055,0,0.489641
3.77695,0.014555,0,0.491371
3.77853,0.014555,0,0.493563
3.78053,0.014555,0,0.49512
3.78253,0.014555,0,0.496973
3.78453,0.008367,0,0.498786
3.78653,0.0065,0,0.500537
3.78853,0.0065,0,0.502469
3.79053,0.0065,0,0.504328
3.79253,0.0065,0,0.505937
3.79453,0.009717,0,0.507756
3.79653,0.009717,0,0.50955
3.79853,0.009717,0,0.511193
3.80053,0.041543,0,0.51287
3.80253,0.041543,0,0.514481
3.80453,0.019086,0,0.516091
3.80654,0.011532,0,0.517768
3.80854,0.011532,0,0.519423
3.81053,0.002186,0,0.521161
3.81254,0.002186,0,0.522876
3.81454,0.002186,0,0.524375
3.81654,0.015477,0,0.526035
3.81853,0.012676,0,0.52767
3.82053,0.006824,0,0.529429
3.82254,0.006824,0,0.531023
3.82454,0.006824,0,0.532631
3.82654,0.009042,0,0.534414
3.82853,0.005592,0,0.536265
3.83054,0.005592,0,0.537775
3.83254,0.005592,0,0.539503
3.83453,0.002039,0,0.541239
3.83653,0.002039,0,0.542779
3.83854,0.010194,0,0.544504
3.84054,0.010194,0,0.546103
3.84254,0.010194,0,0.547759
3.84495,0.010194,0,0.549351
3.84654,0.010194,0,0.551194
3.84854,0.010194,0,0.552604
3.85054,0.073478,0,0.554179
3.85254,0.000286,0,0.555789
3.85454,0.000286,0,0.557399
3.85654,0.041015,0,0.559064
3.85854,0.041015,0,0.560738
3.86054,0.041015,0,0.562289
3.86254,0.011245,0,0.564052
3.86454,0.011245,0,0.565792
3.86655,0.011245,0,0.56735
3.86854,0.002538,0,0.56903
3.87054,0.019578,0,0.570764
3.87254,0.019578,0,0.572457
3.87454,0.019578,0,0.574119
3.87654,0.019578,0,0.575827
3.87854,0.019578,0,0.577547
3.88054,0.006635,0,0.579198
3.88255,0.006315,0,0.580943
3.88455,0.011599,0,0.582481
3.88654,0.011599,0,0.58434
3.88854,0.011599,0,0.585939
3.89055,0.002884,0,0.58774
3.89254,0.002884,0,0.589406
3.89454,0.003954,0,0.591077
3.89655,0.02075,0,0.592886
3.89855,0.02075,0,0.594492
3.90055,0.024301,0,0.596162
3.90255,0.009363,0,0.597807
3.90455,0.009363,0,0.599653
3.90655,0.027127,0,0.601222
3.90855,0.027127,0,0.602884
3.91055,0.027127,0,0.604549
3.91255,0.003253,0,0.606202
3.91496,0.003253,0,0.607816
3.91755,0.003253,0,0.609578
3.91955,0.003253,0,0.61168
3.92155,0.003466,0,0.613145
3.92339,0.001527,0,0.614671
3.92555,0.001527,0,0.615951
3.92755,0.001527,0,0.617539
3.92955,0.001527,0,0.618938
3.93139,0.001527,0,0.620283
3.93355,0.020652,0,0.621509
3.93555,0.020652,0,0.623195
3.93755,0.012715,0,0.624614
3.93939,0.012715,0,0.626054
3.94156,0.012715,0,0.627257
3.94356,0.039037,0,0.628947
3.94556,0.039037,0,0.630367
3.94739,0.039037,0,0.631822
3.94997,0.011667,0,0.63318
3.95156,0.001106,0,0.635115
3.95356,0.001106,0,0.636319
3.95539,0.008351,0,0.637728
3.95756,0.008351,0,0.639112
3.95955,0.008351,0,0.640772
3.96155,0.005269,0,0.642284
3.96339,0.005269,0,0.64368
3.96497,0.005269,0,0.645009
3.96656,0.005269,0,0.646148
3.96856,0.004829,0,0.647297
3.97055,0.004829,0,0.64869
3.97256,0.002091,0,0.649941
3.97456,0.002299,0,0.651385
3.97656,0.002299,0,0.652802
3.97856,0.0128,0,0.654095
3.98056,0.017027,0,0.655456
3.98256,0.017027,0,0.65683
3.98497,0.017027,0,0.658239
3.98656,0.017027,0,0.65982
3.98856,0.017027,0,0.660976
3.99056,0.003772,0,0.66241
3.99256,0.028383,0,0.663889
3.99456,0.027884,0,0.665412
3.99656,0.027884,0,0.666841
3.99856,0.041403,0,0.668283
4.00056,0.041403,0,0.669826
4.00257,0.041403,0,0.671224
4.00456,0.00295,0,0.672818
4.00657,0.017246,0,0.674259
4.00857,0.017246,0,0.675751
4.01056,0.014077,0,0.677252
4.01256,0.003679,0,0.678673
4.01456,0.003679,0,0.680217
4.01656,0.003679,0,0.681552
4.01856,0.000459,0,0.683086
4.02057,0.00702,0,0.684446
4.02257,0.00702,0,0.685922
4.02457,0.00702,0,0.68734
4.02657,0.013914,0,0.688762
4.02857,0.013914,0,0.690052
4.03056,0.004734,0,0.69144
4.03256,0.004734,0,0.692876
4.03457,0.004734,0,0.694354
4.03657,0.020671,0,0.695805
4.03857,0.020671,0,0.697323
4.04057,0.020671,0,0.698851
4.04257,0.021954,0,0.700469
4.04457,0.022126,0,0.701901
4.04656,0.022126,0,0.703477
4.04856,0.012406,0,0.705007
4.05057,0.012406,0,0.70662
4.05299,0.012406,0,0.708188
4.05457,0.01099,0,0.710024
4.05657,0.01099,0,0.711237
4.05857,0.01099,0,0.712826
4.06057,0.01099,0,0.714235
4.06257,0.01099,0,0.715803
4.06457,0.01099,0,0.717111
4.06657,0.01099,0,0.718397
4.06857,0.01099,0,0.719713
4.07058,0.01099,0,0.721064
4.07257,0.001306,0,0.72235
4.07457,0.001306,0,0.723591
4.07657,0.001306,0,0.724876
4.07858,0.001306,0,0.72605
4.08058,0.001306,0,0.727269
4.08257,0.022373,0,0.728331
4.08457,0.022373,0,0.729533
4.08699,0.022373,0,0.730698
4.08858,0.012001,0,0.732013
4.09058,0.012001,0,0.732967
4.09258,0.012574,0,0.734106
4.09458,0.005191,0,0.735211
4.09658,0.005191,0,0.736369
4.09857,0.018399,0,0.737649
4.10057,0.018399,0,0.738739
4.10258,0.018399,0,0.739877
4.10458,0.027354,0,0.741206
4.10658,0.001952,0,0.74233
4.10858,0.001952,0,0.743606
4.11058,0.021811,0,0.744872
4.11258,0.021811,0,0.74621
4.11458,0.001107,0,0.747365
4.11658,0.004655,0,0.748642
4.11858,0.004655,0,0.749921
4.12058,0.004655,0,0.75117
4.123,0.004655,0,0.752488
4.12558,0.00381,0,0.753935
4.12758,0.003268,0,0.755497
4.12958,0.003268,0,0.756567
4.13142,0.003268,0,0.757749
4.133,0.003268,0,0.758838
4.13458,0.003268,0,0.759725
4.13658,0.003268,0,0.760594
4.13858,0.02286,0,0.76172
4.14059,0.02286,0,0.762804
4.14259,0.032107,0,0.763844
4.14458,0.010309,0,0.764991
4.14659,0.010309,0,0.76611
4.14859,0.020609,0,0.767218
4.15059,0.020609,0,0.768274
4.15259,0.008457,0,0.769394
4.15458,0.008835,0,0.770475
4.157,0.034589,0,0.771574
4.15859,0.034589,0,0.772887
4.16059,0.034589,0,0.773694
4.16259,0.003125,0,0.774794
4.16459,0.003125,0,0.775902
4.16659,0.003125,0,0.776999
4.16859,0.000337,0,0.778053
4.17059,0.000337,0,0.779147
4.17259,0.000337,0,0.78027
4.17459,0.017239,0,0.781352
4.17659,0.017239,0,0.782481
4.17859,0.017239,0,0.783511
4.18059,0.009217,0,0.784648
4.18259,0.009217,0,0.785741
4.18459,0.009217,0,0.786778
4.18659,0.009217,0,0.787926
4.18859,0.002748,0,0.788921
4.19101,0.002748,0,0.789925
4.19259,0.002748,0,0.791236
4.19459,0.012498,0,0.792034
4.19659,0.012498,0,0.793113
4.19859,0.00534,0,0.794013
4.20059,0.003824,0,0.795052
4.20259,0.015614,0,0.796068
4.20459,0.015614,0,0.796922
4.2066,0.015614,0,0.797964
4.2086,0.005798,0,0.79888
4.2106,0.008557,0,0.799782
4.2126,0.001629,0,0.800875
4.2146,0.010181,0,0.801741
4.2166,0.010181,0,0.80273
4.21859,0.010181,0,0.803737
4.22059,0.010181,0,0.804653
4.2226,0.010181,0,0.805635
4.2246,0.010181,0,0.806649
4.22701,0.026432,0,0.807695
4.2286,0.001899,0,0.808916
4.2306,0.001899,0,0.809783
4.2326,0.016968,0,0.810817
4.2346,0.016968,0,0.811812
4.2366,0.006796,0,0.812768
4.2386,0.012027,0,0.813814
4.2406,0.012027,0,0.814904
4.2426,0.022645,0,0.815855
4.2446,0.022645,0,0.816931
4.2466,0.022645,0,0.81795
4.2486,0.008444,0,0.818968
4.2506,0.000657,0,0.820107
4.2526,0.006244,0,0.821108
4.2546,0.006244,0,0.822197
4.2566,0.006244,0,0.82325
4.2586,0.006244,0,0.824313
4.2606,0.005755,0,0.825532
4.2626,0.008943,0,0.82656
4.2646,0.008943,0,0.827707
4.2666,0.004206,0,0.828746
4.2686,0.004536,0,0.829953
4.2706,0.004536,0,0.831135
4.2726,0.021865,0,0.832315
4.2746,0.021865,0,0.833503
4.2766,0.012619,0,0.834635
4.27861,0.025488,0,0.835857
4.28061,0.025488,0,0.837135
4.28261,0.013288,0,0.838312
4.28461,0.013288,0,0.839518
4.2866,0.013288,0,0.840676
4.2886,0.012535,0,0.841951
4.29061,0.034861,0,0.84319
4.29261,0.000533,0,0.844418
4.29461,0.015072,0,0.845643
4.29702,0.034022,0,0.84683
4.29861,0.034022,0,0.848265
4.30061,0.034022,0,0.849169
4.30261,0.034022,0,0.850389
4.30461,0.034022,0,0.851576
4.30661,0.016799,0,0.852824
4.30861,0.016799,0,0.853977
4.31061,0.016799,0,0.855048
4.31261,0.006522,0,0.856121
4.31461,0.006522,0,0.857167
4.31661,0.006522,0,0.85811
4.31861,0.006522,0,0.859094
4.32061,0.006522,0,0.860137
4.32261,0.006522,0,0.86103
4.32461,0.006522,0,0.861975
4.32661,0.018009,0,0.862882
4.32861,0.000576,0,0.86383
4.33103,0.000576,0,0.864612
4.33261,0.000576,0,0.86573
4.33461,0.000576,0,0.866464
4.33661,0.000576,0,0.867245
4.33862,0.000576,0,0.868073
4.34062,0.008174,0,0.868786
4.34261,0.023236,0,0.869672
4.34462,0.024107,0,0.870373
4.34661,0.024107,0,0.871105
4.34861,0.002843,0,0.87192
4.35061,0.002843,0,0.872859
4.35262,0.002843,0,0.873639
4.35462,0.014966,0,0.874546
4.35662,0.019658,0,0.875308
4.35861,0.011334,0,0.87628
4.36061,0.020477,0,0.877156
4.36262,0.020477,0,0.878135
4.36503,0.000805,0,0.879139
4.36662,0.003869,0,0.880209
4.36862,0.003869,0,0.881086
4.37062,0.008507,0,0.882022
4.37262,0.010018,0,0.883064
4.37462,0.000348,0,0.884071
4.37662,0.000348,0,0.885088
4.37862,0.004079,0,0.886134
4.38062,0.003055,0,0.887175
4.38262,0.011273,0,0.888257
4.38462,0.011273,0,0.889304
4.38662,0.010635,0,0.890393
4.38862,0.010635,0,0.891482
4.39062,0.010635,0,0.892618
4.39262,0.000725,0,0.893689
4.39462,0.000725,0,0.89474
4.39662,0.000481,0,0.895791
4.39862,0.000481,0,0.896952
4.40104,0.00995,0,0.897973
4.40262,0.00318,0,0.899186
4.40462,0.002974,0,0.899951
4.40662,0.002974,0,0.901089
4.40862,0.000425,0,0.902085
4.41062,0.012439,0,0.903113
4.41262,0.013012,0,0.904038
4.41463,0.011554,0,0.905277
4.41663,0.001921,0,0.906181
4.41862,0.001921,0,0.907288
4.42063,0.001921,0,0.90842
4.42263,0.001921,0,0.9095
4.42463,0.004464,0,0.910623
4.42662,0.021068,0,0.911677
4.42863,0.021068,0,0.912923
4.43063,0.021068,0,0.914047
4.43263,0.03691,0,0.915181
4.43504,0.03691,0,0.916434
4.43663,0.00273,0,0.917923
4.43863,0.028381,0,0.918867
4.44063,0.005229,0,0.920135
4.44263,0.010078,0,0.921324
4.44462,0.010078,0,0.922614
4.44663,0.010078,0,0.923992
4.44863,0.018345,0,0.925125
4.45063,0.018345,0,0.926482
4.45263,0.010631,0,0.927609
4.45463,0.007725,0,0.928914
4.45663,0.007725,0,0.930088
4.45863,0.007725,0,0.931316
4.46063,0.003536,0,0.932485
4.46263,0.003536,0,0.933635
4.46463,0.003536,0,0.934802
4.46664,0.006783,0,0.936167
4.46905,0.002161,0,0.937163
4.47063,0.002161,0,0.938684
4.47263,0.012966,0,0.939505
4.47464,0.012966,0,0.940659
4.47663,0.010301,0,0.941717
4.47863,0.010301,0,0.94291
4.48063,0.01344,0,0.943971
4.48264,0.035206,0,0.945187
4.48464,0.035206,0,0.946377
4.48663,0.035206,0,0.947672
4.48864,0.025281,0,0.94884
4.49064,0.002792,0,0.950121
4.49264,0.030032,0,0.951534
4.49463,0.0404,0,0.952853
4.49664,0.010037,0,0.954128
4.49864,0.010037,0,0.955562
4.50064,0.012004,0,0.956932
4.50264,0.027283,0,0.95831
4.50505,0.00885,0,0.959783
4.50664,0.011084,0,0.961624
4.50864,0.011084,0,0.962647
4.51064,0.011084,0,0.964054
4.51264,0.004855,0,0.965484
4.51464,0.004855,0,0.96698
4.51664,0.004855,0,0.968388
4.51864,0.004855,0,0.96982
4.52064,0.005112,0,0.971179
4.52264,0.005112,0,0.972464
4.52464,0.021805,0,0.973817
4.52664,0.02501,0,0.975194
4.52864,0.02501,0,0.976514
4.53064,0.006714,0,0.977863
4.53264,0.006714,0,0.979137
4.53465,0.006714,0,0.980339
4.53664,0.006714,0,0.981707
4.53906,0.020814,0,0.983019
4.54165,0.004434,0,0.984633
4.54365,0.004434,0,0.98628
4.54565,0.019764,0,0.987672
4.54748,0.019764,0,0.989014
4.54964,0.019764,0,0.990293
4.55165,0.020803,0,0.991874
4.55365,0.020803,0,0.993226
4.55548,0.020803,0,0.9947
4.55765,0.010069,0,0.995999
4.55964,0.010069,0,0.997596
4.56164,0.010069,0,0.999102
4.56349,0.009099,0.03324,1.00055
4.56565,0.051545,0.1266,1.00211
4.56765,0.199681,0.22218,1.0037
4.56965,0.427083,0.294,1.0049
4.57149,0.610752,0.33936,1.00566
4.57365,0.752679,0.34476,1.00575
4.57607,0.861945,0.28326,1.00472
4.57807,0.794825,0.15762,1.00263
4.58007,0.565115,0.15762,0.999954
4.58207,0.246652,0.15762,0.996678
4.58365,0.09459,0.15762,0.993524
4.58565,0.049403,0.15762,0.991034
4.58749,0.070948,0.15762,0.988171
4.58965,0.05061,0.15762,0.98559
4.59165,0.078705,0.15762,0.983243
4.59365,0.049646,0.15762,0.981173
4.59548,0.043378,0.15762,0.979516
4.59765,0.065509,0.15762,0.978265
4.59965,0.041199,0.15762,0.976964
4.60165,0.04606,0.15762,0.976084
4.60349,0.073253,0.15762,0.975429
4.60565,0.058698,0.15762,0.975212
4.60766,0.052826,0.15762,0.975151
4.61007,0.054354,0.15762,0.975521
4.61149,0.04011,0.15762,0.976247
4.61366,0.037006,0.15762,0.976861
4.61566,0.045255,0.15762,0.977751
4.61766,0.053934,0.15762,0.97899
4.61949,0.093136,0.15762,0.980289
4.62165,0.020932,0.15762,0.981721
4.62366,0.019272,0.15762,0.983395
4.62566,0.015103,0.15762,0.985288
4.6275,0.050797,0.15762,0.987149
4.62966,0.064379,0.15762,0.989076
4.63166,0.014391,0.15762,0.991424
4.63366,0.017273,0.15762,0.993874
4.63549,0.006849,0.15762,0.995988
4.63765,0.02271,0.15762,0.998434
4.63966,0.025121,0.06138,1.00102
4.64166,0.089968,0.23484,1.00391
4.64365,0.371832,0.38958,1.00649
4.64666,0.778166,0.5,1.00963
4.64866,1.04724,0.5,1.01091
4.65066,1.22937,0.5,1.01089
4.65266,1.2211,0.5,1.00942
4.65467,1.24813,0.41754,1.00696
4.65667,1.18033,0.20652,1.00344
4.65866,0.812764,0.20652,0.998696
4.66066,0.39547,0.20652,0.993127
4.66266,0.167675,0.20652,0.987834
4.66466,0.043572,0.20652,0.982439
4.66666,0.106353,0.20652,0.977488
4.66866,0.075627,0.20652,0.973287
4.67066,0.07134,0.20652,0.969341
4.67266,0.092803,0.20652,0.965758
4.67466,0.091238,0.20652,0.962748
4.67666,0.103541,0.20652,0.960194
4.67867,0.108537,0.20652,0.958239
4.68067,0.06374,0.20652,0.956691
4.68266,0.111626,0.20652,0.955841
4.68466,0.083282,0.20652,0.955234
4.68666,0.064507,0.20652,0.955178
4.68866,0.103221,0.20652,0.95544
4.69066,0.081197,0.20652,0.95617
4.69266,0.070765,0.20652,0.95713
4.69467,0.043167,0.20652,0.958385
4.69667,0.05412,0.20652,0.959821
4.69867,0.042949,0.20652,0.961537
4.70067,0.04296,0.20652,0.963476
4.70267,0.029601,0.20652,0.965512
4.70467,0.011248,0.20652,0.967647
4.70667,0.015607,0.20652,0.970069
4.70867,0.017779,0.20652,0.972463
4.71067,0.017779,0.20652,0.97486
4.71267,0.003943,0.20652,0.977385
4.71508,0.020884,0.20652,0.980069
4.71767,0.020884,0.20652,0.983128
4.71967,0.041512,0.20652,0.986709
4.72167,0.008875,0.20652,0.989499
4.72351,0.008875,0.20652,0.992224
4.72508,0.013409,0.20652,0.994611
4.72667,0.013409,0.20652,0.996854
4.72867,0.008008,0.20652,0.999112
4.73068,0.008008,0.11418,1.0019
4.73267,0.118362,0.29628,1.00494
4.73467,0.505439,0.45504,1.00758
4.73667,0.878511,0.5,1.00983
4.73868,1.08758,0.5,1.01104
4.74068,1.22596,0.5,1.01067
4.74267,1.23565,0.5,1.00901
4.74468,1.2285,0.35376,1.0059
4.74668,1.0973,0.11538,1.00192
4.74909,0.677723,0.11538,0.996534
4.75067,0.22304,0.11538,0.989364
4.75268,0.149926,0.11538,0.9852
4.75468,0.056601,0.11538,0.978952
4.75668,0.092104,0.11538,0.973616
4.75867,0.058167,0.11538,0.968635
4.76067,0.089345,0.11538,0.964307
4.76268,0.079543,0.11538,0.960109
4.76468,0.109147,0.11538,0.956379
4.76668,0.106771,0.11538,0.9531
4.76868,0.099167,0.11538,0.950161
4.77068,0.068789,0.11538,0.947929
4.77268,0.082331,0.11538,0.946055
4.77467,0.088218,0.11538,0.944461
4.77667,0.072397,0.11538,0.943503
4.77868,0.113703,0.11538,0.942689
4.78068,0.057451,0.11538,0.942375
4.78309,0.030519,0.11538,0.942484
4.78468,0.072694,0.11538,0.942923
4.78668,0.096382,0.11538,0.943393
4.78868,0.045607,0.11538,0.944144
4.79068,0.013803,0.11538,0.945178
4.79268,0.084203,0.11538,0.946356
4.79468,0.03634,0.11538,0.947833
4.79668,0.084337,0.11538,0.949211
4.79868,0.037217,0.11538,0.950839
4.80068,0.027162,0.11538,0.952536
4.80268,0.023514,0.11538,0.954395
4.80468,0.05555,0.11538,0.956296
4.80668,0.010961,0.11538,0.958133
4.80868,0.02086,0.11538,0.960322
4.81069,0.011613,0.11538,0.962411
4.81268,0.024545,0.11538,0.964491
4.81468,0.005119,0.11538,0.966697
4.81668,0.001342,0.11538,0.968872
4.8191,0.001342,0.11538,0.970945
4.82069,0.001342,0.11538,0.973489
4.82268,0.033833,0.11538,0.975281
4.82469,0.033833,0.11538,0.977262
4.82669,0.033833,0.11538,0.97947
4.82868,0.033833,0.11538,0.981623
4.83068,0.033833,0.11538,0.983755
4.83269,0.017428,0.11538,0.985945
4.83469,0.017428,0.11538,0.98807
4.83668,0.013312,0.11538,0.990171
4.83869,0.00539,0.11538,0.99238
4.84069,0.00539,0.11538,0.994497
4.84269,0.00539,0.11538,0.996595
4.84468,0.00539,0.11538,0.998696
4.84669,0.00539,0.0528,1.00088
4.84869,0.057708,0.17982,1.003
4.85069,0.27481,0.29526,1.00492
4.85311,0.536152,0.402,1.0067
4.85511,0.825442,0.45966,1.00766
4.85711,1.03436,0.44436,1.00741
4.85911,1.08118,0.35388,1.0059
4.86111,0.976038,0.18684,1.00311
4.86311,0.691538,0.18684,0.999124
4.86511,0.262435,0.18684,0.994203
4.86669,0.155897,0.18684,0.989297
4.86869,0.085936,0.18684,0.98526
4.87069,0.029915,0.18684,0.980364
4.87269,0.07293,0.18684,0.975798
4.87469,0.055694,0.18684,0.971541
4.87669,0.030222,0.18684,0.967468
4.87869,0.064837,0.18684,0.963648
4.8807,0.056086,0.18684,0.960321
4.88269,0.064472,0.18684,0.957159
4.88469,0.08307,0.18684,0.954411
4.88669,0.086407,0.18684,0.951911
4.88869,0.075056,0.18684,0.949753
4.8907,0.040299,0.18684,0.948031
4.8927,0.069709,0.18684,0.946496
4.8947,0.082524,0.18684,0.945334
4.8967,0.042815,0.18684,0.944556
4.8987,0.063909,0.18684,0.944069
4.9007,0.047944,0.18684,0.943857
4.9027,0.043086,0.18684,0.943983
4.9047,0.044547,0.18684,0.944345
4.9067,0.068402,0.18684,0.945072
4.9087,0.032041,0.18684,0.945906
4.9107,0.032041,0.18684,0.946865
4.9127,0.043622,0.18684,0.947975
4.9147,0.044023,0.18684,0.949209
4.9167,0.08992,0.18684,0.950558
4.9187,0.005977,0.18684,0.952085
4.9207,0.039643,0.18684,0.953758
4.92312,0.026695,0.18684,0.95545
4.9257,0.023206,0.18684,0.95755
4.9277,0.014175,0.18684,0.95996
4.9297,0.014175,0.18684,0.961774
4.93154,0.013204,0.18684,0.963783
4.93312,0.006464,0.18684,0.965535
4.9347,0.006464,0.18684,0.967015
4.9367,0.006464,0.18684,0.968461
4.93871,0.006464,0.18684,0.970362
4.9407,0.006464,0.18684,0.972173
4.9427,0.006464,0.18684,0.974012
4.94471,0.025353,0.18684,0.975907
4.94671,0.025353,0.18684,0.977686
4.94871,0.011813,0.18684,0.979443
4.9507,0.008086,0.18684,0.981088
4.9527,0.008086,0.18684,0.982846
4.95471,0.004447,0.18684,0.984457
4.95713,0.004447,0.18684,0.986103
4.95871,0.004447,0.18684,0.988072
4.96071,0.021573,0.18684,0.98937
4.96271,0.021573,0.18684,0.990984
4.96471,0.021573,0.18684,0.992535
4.9667,0.017337,0.18684,0.994081
4.9687,0.017337,0.18684,0.995649
4.97071,0.017337,0.18684,0.997108
4.97271,0.017337,0.18684,0.998528
4.97471,0.017337,0.18684,0.999943
4.97671,0.017337,0.07566,1.00126
4.97871,0.097034,0.16248,1.00271
4.98071,0.272654,0.22968,1.00383
4.98271,0.449905,0.28758,1.00479
4.98471,0.60481,0.30336,1.00506
4.98672,0.683456,0.27666,1.00461
4.98871,0.675338,0.1821,1.00304
4.99113,0.545853,0.04602,1.00077
4.99313,0.258989,0.04602,0.996701
4.99513,0.077451,0.04602,0.993023
4.99671,0.076405,0.04602,0.989525
4.99813,0.041131,0.04602,0.986876
4.99971,0.024455,0.04602,0.98419
5.00113,0.040182,0.04602,0.981802
5.00271,0.040182,0.04602,0.979434
5.00413,0.030056,0.04602,0.977132
5.00613,0.030435,0.04602,0.974183
5.00771,0.031658,0.04602,0.972038
5.00913,0.024694,0.04602,0.970006
5.01071,0.021928,0.04602,0.968222
5.01213,0.02858,0.04602,0.966375
5.01371,0.039633,0.04602,0.964462
5.01513,0.046602,0.04602,0.962833
5.01672,0.051818,0.04602,0.961224
5.01813,0.031125,0.04602,0.959728
5.01955,0.054756,0.04602,0.958405
5.02172,0.015747,0.04602,0.957003
5.02313,0.015747,0.04602,0.955499
5.02472,0.001651,0.04602,0.954465
5.02613,0.017848,0.04602,0.953445
5.02755,0.001104,0.04602,0.952561
5.02913,0.01132,0.04602,0.951694
5.03072,0.000633,0.04602,0.951023
5.03213,0.024626,0.04602,0.950414
5.03372,0.002712,0.04602,0.949968
5.03513,0.011631,0.04602,0.949433
5.03672,0.011634,0.04602,0.94896
5.03813,0.023379,0.04602,0.948742
5.03972,0.047404,0.04602,0.948563
5.04114,0.052112,0.04602,0.948415
5.04272,0.019966,0.04602,0.948265
5.04414,0.047929,0.04602,0.948128
5.04613,0.003945,0.04602,0.948112
5.04772,0.015789,0.04602,0.948237
5.04913,0.007822,0.04602,0.948374
5.05072,0.015865,0.04602,0.948537
5.05214,0.031922,0.04602,0.94865
5.05472,0.012291,0.04602,0.948887
5.05672,0.00448,0.04602,0.949161
5.05872,0.00448,0.04602,0.949324
5.06072,0.012476,0.04602,0.949613
5.06272,0.000323,0.04602,0.949809
5.06472,0.000323,0.04602,0.950064
5.06672,0.003671,0.04602,0.950175
5.06872,0.003671,0.04602,0.950459
5.07072,0.003671,0.04602,0.950693
5.07272,0.008288,0.04602,0.950916
5.07473,0.008288,0.04602,0.951129
5.07672,0.023522,0.04602,0.951323
5.07914,0.005572,0.04602,0.951445
5.08073,0.000949,0.04602,0.951672
5.08272,0.000949,0.04602,0.951772
5.08473,0.000949,0.04602,0.951799
5.08673,0.000949,0.04602,0.95189
5.08873,0.028993,0.04602,0.951872
5.09072,0.028993,0.04602,0.9519
5.09214,0.028993,0.04602,0.951879
5.09414,0.028993,0.04602,0.95184
5.09572,0.004752,0.04602,0.951919
5.09773,0.004752,0.04602,0.951851
5.09957,0.044565,0.04602,0.951818
5.10173,0.008356,0.04602,0.951749
5.10373,0.008356,0.04602,0.951799
5.10573,0.008356,0.04602,0.951692
5.10757,0.039973,0.04602,0.951743
5.10973,0.000857,0.04602,0.951748
5.11214,0.025056,0.04602,0.951636
5.11373,0.010136,0.04602,0.95177
5.11557,0.018691,0.04602,0.951741
5.11773,0.018691,0.04602,0.951726
5.11915,0.018691,0.04602,0.951717
5.12073,0.018691,0.04602,0.951745
5.12273,0.018691,0.04602,0.951827
5.12473,0.018691,0.04602,0.951773
5.12673,0.02132,0.04602,0.951741
5.12873,0.010296,0.04602,0.951652
5.13073,0.010296,0.04602,0.951753
5.13273,0.001932,0.04602,0.951698
5.13473,0.001932,0.04602,0.951705
5.13615,0.001932,0.04602,0.951678
5.13773,0.040853,0.04602,0.951717
5.13957,0.040853,0.04602,0.951648
5.14115,0.040853,0.04602,0.951655
5.14274,0.040853,0.04602,0.951704
5.14474,0.042648,0.04602,0.951643
5.14673,0.042648,0.04602,0.951809
5.14874,0.005348,0.04602,0.951824
5.15074,0.003581,0.04602,0.95172
5.15274,0.003597,0.04602,0.951837
5.15473,0.003597,0.04602,0.951725
5.15673,0.015558,0.04602,0.951767
5.15815,0.015558,0.04602,0.951747
5.15974,0.010909,0.04602,0.951679
5.16174,0.010909,0.04602,0.951779
5.16357,0.007027,0.04602,0.951721
5.16574,0.007027,0.04602,0.951795
5.16774,0.007027,0.04602,0.95172
5.16974,0.021865,0.04602,0.951776
5.17158,0.021865,0.04602,0.951736
5.17315,0.009686,0.04602,0.951714
5.17516,0.009686,0.04602,0.951688
5.17674,0.009686,0.04602,0.951712
5.17874,0.009686,0.04602,0.951752
5.18074,0.009686,0.04602,0.95171
5.18274,0.009686,0.04602,0.951742
5.18474,0.009686,0.04602,0.951726
5.18674,0.009686,0.04602,0.951749
5.18816,0.027391,0.04602,0.95175
5.18974,0.027391,0.04602,0.951777
5.19174,0.007862,0.04602,0.951686
5.19374,0.007862,0.04602,0.951732
5.19558,0.014502,0.04602,0.951776
5.19774,0.019857,0.04602,0.951725
5.19916,0.015227,0.04602,0.95177
5.20074,0.015227,0.04602,0.951742
5.20274,0.010663,0.04602,0.95183
5.20474,0.009622,0.04602,0.951791
5.20716,0.009622,0.04602,0.951748
5.20874,0.009622,0.04602,0.951739
5.21074,0.009622,0.04602,0.951788
5.21217,0.009622,0.04602,0.951719
5.21475,0.030173,0.04602,0.951794
5.21675,0.037517,0.04602,0.951672
5.21874,0.037517,0.04602,0.951601
5.22074,0.037517,0.04602,0.951746
5.22275,0.037517,0.04602,0.951716
5.22475,0.037517,0.04602,0.951724
5.22674,0.015304,0.04602,0.95174
5.22874,0.015304,0.04602,0.951683
5.23075,0.001459,0.04602,0.951811
5.23216,0.010638,0.04602,0.951739
5.23375,0.007821,0.04602,0.951821
5.23559,0.007821,0.04602,0.951678
5.23716,0.048006,0.04602,0.951655
5.23916,0.048006,0.04602,0.95167
5.24075,0.048006,0.04602,0.951809
5.24275,0.024513,0.04602,0.951754
5.24417,0.004991,0.04602,0.951716
5.24675,0.001498,0.04602,0.951692
5.24875,0.010689,0.04602,0.951754
5.25075,0.010603,0.04602,0.951752
5.25275,0.022793,0.04602,0.951699
5.25475,0.022793,0.04602,0.95167
5.25675,0.017052,0.04602,0.951692
5.25875,0.017052,0.04602,0.951781
5.26075,0.01982,0.04602,0.951683
5.26275,0.01982,0.04602,0.951755
5.26417,0.007842,0.04602,0.951775
5.26575,0.007842,0.04602,0.951663
5.26759,0.039342,0.04602,0.951761
5.26917,0.000327,0.04602,0.951777
5.27076,0.000327,0.04602,0.951756
5.27317,0.009521,0.04602,0.951709
5.27475,0.009521,0.04602,0.951757
5.27676,0.009521,0.04602,0.951795
5.27876,0.009597,0.04602,0.951686
5.28076,0.009597,0.04602,0.951801
5.28275,0.009597,0.04602,0.951682
5.28475,0.007786,0.04602,0.951772
5.28676,0.010646,0.04602,0.951705
5.28876,0.004183,0.04602,0.951693
5.29076,0.004183,0.04602,0.951747
5.29275,0.004183,0.04602,0.951692
5.29476,0.010565,0.04602,0.951686
5.29676,0.010565,0.04602,0.95163
5.29876,0.010578,0.04602,0.951757
5.30075,0.010578,0.04602,0.951778
5.30276,0.000352,0.04602,0.951815
5.30417,0.000352,0.04602,0.951756
5.30617,0.034705,0.04602,0.951682
5.3076,0.034705,0.04602,0.951707
5.30976,0.013332,0.04602,0.951718
5.31176,0.03278,0.04602,0.951788
5.31376,0.03278,0.04602,0.951816
5.3156,0.03278,0.04602,0.951738
5.31718,0.010457,0.04602,0.951754
5.31876,0.010457,0.04602,0.951738
5.32018,0.024251,0.04602,0.95177
5.32176,0.024251,0.04602,0.951827
5.3236,0.022523,0.04602,0.951634
5.32576,0.024283,0.04602,0.951754
5.32776,0.024283,0.04602,0.951717
5.32976,0.024283,0.04602,0.951751
5.3316,0.012266,0.04602,0.951718
5.33318,0.012266,0.04602,0.951744
5.33476,0.012266,0.04602,0.951717
5.33718,0.019689,0.04602,0.95171
5.33876,0.019689,0.04602,0.951747
5.34076,0.02552,0.04602,0.951629
5.34277,0.000123,0.04602,0.95181
5.34477,0.000123,0.04602,0.951767
5.34618,0.034457,0.04602,0.951771
5.3476,0.034457,0.04602,0.951719
5.34918,0.004728,0.04602,0.951739
5.35077,0.004728,0.04602,0.951705
5.35277,0.004728,0.04602,0.95162
5.35476,0.004728,0.04602,0.951757
5.35618,0.004728,0.04602,0.951722
5.35877,0.004728,0.04602,0.951748
5.36077,0.001108,0.04602,0.951754
5.36276,0.001133,0.04602,0.951678
5.36476,0.00119,0.04602,0.951758
5.36677,0.009236,0.04602,0.951775
5.36918,0.009236,0.04602,0.951753
5.37077,0.004625,0.04602,0.951671
5.37219,0.002917,0.04602,0.951732
5.37477,0.002917,0.04602,0.951745
5.37677,0.024165,0.04602,0.951657
5.37877,0.010351,0.04602,0.95174
5.38019,0.010351,0.04602,0.951713
5.38176,0.010351,0.04602,0.951756
5.38377,0.009632,0.04602,0.951686
5.38577,0.017816,0.04602,0.951818
5.38761,0.002903,0.04602,0.951795
5.38977,0.002903,0.04602,0.951808
5.39177,0.002903,0.04602,0.951783
5.39377,0.019577,0.04602,0.951779
5.39561,0.019577,0.04602,0.951795
5.39718,0.01206,0.04602,0.951818
5.39877,0.01206,0.04602,0.95171
5.40119,0.01206,0.04602,0.95179
5.40277,0.019528,0.04602,0.951708
5.40477,3.3e-05,0.04602,0.95179
5.40678,3.3e-05,0.04602,0.951739
5.40877,0.009413,0.04602,0.951655
5.41077,0.005795,0.04602,0.951756
5.41277,0.005795,0.04602,0.951732
5.41478,0.030001,0.04602,0.951727
5.41677,0.030001,0.04602,0.951752
5.41877,0.030001,0.04602,0.951833
5.42078,0.030001,0.04602,0.951742
5.42278,0.030001,0.04602,0.951693
5.42478,0.030001,0.04602,0.951737
5.42677,0.02704,0.04602,0.951775
5.42878,0.02704,0.04602,0.951714
5.43078,0.02704,0.04602,0.951715
5.43277,0.012163,0.04602,0.951686
5.43519,0.012166,0.04602,0.951769
5.43778,0.012166,0.04602,0.951724
5.43978,0.012166,0.04602,0.951769
5.44178,0.015027,0.04602,0.95174
5.44361,0.015027,0.04602,0.951765
5.44519,0.042089,0.04602,0.951713
5.44678,0.042089,0.04602,0.951687
5.44878,0.040304,0.04602,0.951752
5.45078,0.003091,0.04602,0.951678
5.45278,0.009474,0.04602,0.951714
5.45478,0.012288,0.04602,0.951749
5.45678,0.012288,0.04602,0.951752
5.45878,0.012288,0.04602,0.951737
5.46078,0.012288,0.04602,0.951733
5.46278,0.012288,0.04602,0.951721
5.46478,0.021583,0.04602,0.951729
5.46678,0.021565,0.04602,0.951735
5.46878,0.022701,0.04602,0.951733
5.47078,0.022701,0.04602,0.951702
5.47278,0.022701,0.04602,0.951775
5.47479,0.017985,0.04602,0.9516
5.47678,0.017985,0.04602,0.951762
5.47878,0.017985,0.04602,0.951763
5.48078,0.012299,0.04602,0.951733
5.48279,0.012299,0.04602,0.951693
5.48478,0.009533,0.04602,0.951796
5.48678,0.01809,0.04602,0.951765
5.48878,0.015179,0.04602,0.951733
5.49079,0.015179,0.04602,0.951751
5.49278,0.015179,0.04602,0.951781
5.49478,0.052241,0.04602,0.951792
5.49678,0.052241,0.04602,0.951779
5.49879,0.012386,0.04602,0.951758
5.50079,0.012386,0.04602,0.951764
5.50279,0.012386,0.04602,0.951733
5.50479,0.029016,0.04602,0.951773
5.50679,0.029016,0.04602,0.951771
5.50879,0.017985,0.04602,0.951796
5.51079,0.021531,0.04602,0.95181
5.51279,0.021531,0.04602,0.951858
5.51479,0.021531,0.04602,0.951855
5.51679,0.021531,0.04602,0.951856
5.51879,0.021531,0.04602,0.951802
5.52079,0.021531,0.04602,0.951912
5.52279,0.042201,0.04602,0.951909
5.52479,0.042201,0.04602,0.951904
5.52679,0.042201,0.04602,0.951849
5.52879,0.019834,0.04602,0.951712
5.53079,0.019834,0.04602,0.951802
5.53279,0.019834,0.04602,0.951787
5.53479,0.024474,0.04602,0.951764
5.53679,0.001431,0.04602,0.951738
5.53921,0.001431,0.04602,0.95172
5.5408,0.019842,0.04602,0.951645
5.54279,0.015275,0.04602,0.951746
5.54479,0.015275,0.04602,0.951781
5.54679,0.019853,0.04602,0.951759
5.54879,0.019853,0.04602,0.951755
5.55079,0.019853,0.04602,0.951816
5.5528,0.019853,0.04602,0.951754
5.5548,0.01524,0.04602,0.951822
5.55679,0.003169,0.04602,0.951714
5.55879,0.003169,0.04602,0.951653
5.5608,0.034746,0.04602,0.951692
5.5628,0.034746,0.04602,0.951617
5.56479,0.010679,0.04602,0.951467
5.5668,0.047201,0.04602,0.951399
5.5688,0.047201,0.04602,0.951333
5.5708,0.047201,0.04602,0.951162
5.57321,0.004695,0.04602,0.951178
5.57521,0.009147,0.04602,0.95104
5.5768,0.009147,0.04602,0.950899
5.5788,0.009147,0.04602,0.950864
5.5808,0.009147,0.04602,0.950797
5.5828,0.009147,0.04602,0.950621
5.5848,0.009147,0.04602,0.950529
5.5868,0.032161,0.04602,0.950504
5.5888,0.032161,0.04602,0.950272
5.5908,0.032161,0.04602,0.95008
5.5928,0.038851,0.04602,0.949849
5.5948,0.038851,0.04602,0.949684
5.5968,0.038851,0.04602,0.949301
5.5988,0.007212,0.04602,0.94909
5.6008,0.007212,0.04602,0.948722
5.6028,0.007212,0.04602,0.948231
5.60522,0.006764,0.04602,0.947703
5.60722,0.006764,0.04602,0.947084
5.60922,0.002109,0.04602,0.946366
5.61122,0.002109,0.04602,0.945783
5.61322,0.002109,0.04602,0.944996
5.61522,0.030007,0.04602,0.944186
5.61722,0.00782,0.04602,0.943255
5.61922,0.00782,0.04602,0.942495
5.62122,0.00782,0.04602,0.941556
5.62322,0.00782,0.04602,0.940468
5.62522,0.00782,0.04602,0.939398
5.62722,0.00782,0.04602,0.938205
5.62922,0.00782,0.04602,0.936964
5.63122,0.00782,0.04602,0.935593
5.63322,0.00782,0.04602,0.934276
5.63522,0.00782,0.04602,0.932804
5.63722,0.00782,0.04602,0.931353
5.63981,0.001576,0.04602,0.92976
5.64181,0.001576,0.04602,0.927719
5.64365,0.001239,0.04602,0.926135
5.64581,0.013377,0.04602,0.924575
5.64781,0.013377,0.04602,0.922779
5.64981,0.004376,0.04602,0.921068
5.65165,0.003215,0.04602,0.919433
5.65322,0.027668,0.04602,0.917758
5.65523,0.027668,0.04602,0.916583
5.65723,0.030074,0.04602,0.914925
5.65923,0.030074,0.04602,0.913328
5.66123,0.030074,0.04602,0.911763
5.66323,0.009536,0.04602,0.910205
5.66523,0.009536,0.04602,0.90855
5.66723,0.021669,0.04602,0.906952
5.66923,0.021669,0.04602,0.90548
5.67123,0.013652,0.04602,0.903822
5.67381,0.013652,0.04602,0.902324
5.67565,0.003705,0.04602,0.900365
5.67781,0.003705,0.04602,0.898971
5.67982,0.003804,0.04602,0.897323
5.68182,0.003804,0.04602,0.895794
5.68365,0.011017,0.04602,0.894263
5.68523,0.011017,0.04602,0.892806
5.68723,0.013925,0.04602,0.891716
5.68923,0.013925,0.04602,0.890271
5.69124,0.00692,0.04602,0.888768
5.69323,0.021104,0.04602,0.887372
5.69523,0.002138,0.04602,0.885914
5.69723,0.010888,0.04602,0.884602
5.69923,0.010888,0.04602,0.883203
5.70123,0.010888,0.04602,0.881888
5.70323,0.027824,0.04602,0.880635
5.70523,0.027824,0.04602,0.879322
5.70768,0.043384,0.04602,0.878035
5.70984,0.043384,0.04602,0.876503
5.71184,0.025157,0.04602,0.875265
5.71384,0.041901,0.04602,0.87401
5.71568,0.014903,0.04602,0.872784
5.71784,0.002379,0.04602,0.871633
5.71984,0.002379,0.04602,0.870451
5.72184,0.002379,0.04602,0.869266
5.72366,8.9e-05,0.04602,0.868133
5.72582,8.9e-05,0.04602,0.867114
5.72782,0.000834,0.04602,0.865949
5.72982,0.000229,0.04602,0.864894
5.73166,0.003991,0.04602,0.863743
5.73323,0.005757,0.04602,0.862592
5.73524,0.003935,0.04602,0.861836
5.73724,0.003935,0.04602,0.860808
5.73924,0.008851,0.04602,0.859845
5.74182,0.007915,0.04602,0.858754
5.74382,0.000268,0.04602,0.857662
5.74582,0.012632,0.04602,0.856652
5.74766,0.012632,0.04602,0.855763
5.74923,0.017487,0.04602,0.854878
5.75124,0.017487,0.04602,0.854163
5.75282,0.023681,0.04602,0.853258
5.75483,0.023681,0.04602,0.852516
5.75682,0.0213,0.04602,0.851588
5.75882,0.024212,0.04602,0.850727
5.76082,0.024212,0.04602,0.849919
5.76283,0.024212,0.04602,0.849025
5.76424,0.000923,0.04602,0.848195
5.76624,0.008184,0.04602,0.84778
5.76783,0.008184,0.04602,0.846985
5.76982,0.014938,0.04602,0.846414
5.77181,0.014938,0.04602,0.845725
5.77483,0.014938,0.04602,0.844744
5.77624,0.02647,0.04602,0.84409
5.77783,0.000616,0.04602,0.843449
5.77924,0.012865,0.04602,0.842975
5.78124,0.012865,0.04602,0.842555
5.78283,0.036214,0.04602,0.841834
5.78424,0.036214,0.04602,0.84135
5.78583,0.008701,0.04602,0.84093
5.78724,0.008701,0.04602,0.840506
5.78924,0.040396,0.04602,0.840061
5.79083,0.040396,0.04602,0.839565
5.79283,0.019421,0.04602,0.839069
5.79424,0.019421,0.04602,0.838623
5.79567,0.01153,0.04602,0.838104
5.79724,0.01153,0.04602,0.837784
5.79883,0.006562,0.04602,0.837391
5.80125,0.006562,0.04602,0.837016
5.80283,0.006562,0.04602,0.836381
5.80425,0.000437,0.04602,0.836009
5.80683,0.000437,0.04602,0.835508
5.80825,0.024172,0.04602,0.83517
5.80983,0.024172,0.04602,0.834899
5.81125,0.013923,0.04602,0.834627
5.81325,0.013923,0.04602,0.834444
5.81483,0.03196,0.04602,0.834128
5.81683,0.03196,0.04602,0.833877
5.81883,0.03196,0.04602,0.833657
5.82083,0.03196,0.04602,0.833495
5.82283,0.03196,0.04602,0.8333
5.82483,0.016514,0.04602,0.833132
5.82683,0.010655,0.04602,0.833051
5.82883,0.016253,0.04602,0.833011
5.83084,0.007779,0.04602,0.832993
5.83325,0.016979,0.04602,0.833
5.83484,0.016979,0.04602,0.832868
5.83684,0.016979,0.04602,0.832926
5.83825,0.016979,0.04602,0.832912
5.83984,0.014505,0.04602,0.833014
5.84184,0.014505,0.04602,0.833067
5.84367,0.014505,0.04602,0.833154
5.84525,0.01877,0.04602,0.833221
5.84684,0.026761,0.04602,0.833305
5.84884,0.017575,0.04602,0.833473
5.85084,0.015049,0.04602,0.833524
5.85284,0.022746,0.04602,0.833731
5.85484,0.006605,0.04602,0.833829
5.85684,0.006432,0.04602,0.833966
5.85884,0.006432,0.04602,0.834165
5.86084,0.013816,0.04602,0.834353
5.86284,0.032585,0.04602,0.834471
5.86525,0.001184,0.04602,0.834783
5.86684,0.001184,0.04602,0.834941
5.86884,0.030077,0.04602,0.83525
5.87084,0.000302,0.04602,0.835609
5.87284,0.031486,0.04602,0.835926
5.87484,0.03662,0.04602,0.836386
5.87684,0.000952,0.04602,0.836796
5.87884,0.000952,0.04602,0.837177
5.88084,0.011131,0.04602,0.837667
5.88284,0.011131,0.04602,0.838213
5.88484,0.019479,0.04602,0.838737
5.88684,0.035717,0.04602,0.839282
5.88884,0.035717,0.04602,0.839874
5.89084,0.011841,0.04602,0.840485
5.89284,0.011841,0.04602,0.841174
5.89484,0.007043,0.04602,0.84191
5.89684,0.003355,0.04602,0.842715
5.89884,0.033787,0.04602,0.843398
5.90185,0.010206,0.04602,0.844146
5.90385,0.007037,0.04602,0.845349
5.90585,0.018698,0.04602,0.84605
5.90768,0.018698,0.04602,0.846976
5.90926,0.044967,0.04602,0.847731
5.91085,0.026346,0.04602,0.848379
5.91284,0.026346,0.04602,0.849168
5.91485,0.018433,0.04602,0.850108
5.91685,0.018433,0.04602,0.851036
5.91885,0.018433,0.04602,0.85203
5.92085,0.003437,0.04602,0.852981
5.92285,0.018696,0.04602,0.853993
5.92485,0.018696,0.04602,0.855035
5.92685,0.018696,0.04602,0.855951
5.92885,0.001466,0.04602,0.856871
5.93085,0.000519,0.04602,0.857837
5.93226,0.000356,0.04602,0.85879
5.93426,0.000356,0.04602,0.859362
5.93585,0.001869,0.04602,0.860206
5.93785,0.001869,0.04602,0.860992
5.93969,0.001869,0.04602,0.861905
5.94127,0.001869,0.04602,0.862702
5.94285,0.004536,0.04602,0.863305
5.94485,0.014838,0.04602,0.864013
5.94685,0.014838,0.04602,0.864908
5.94885,0.014838,0.04602,0.865619
5.95086,0.003106,0.04602,0.866523
5.95285,0.006665,0.04602,0.867352
5.95486,0.006665,0.04602,0.868079
5.95685,0.006665,0.04602,0.868816
5.95886,0.006665,0.04602,0.869549
5.96085,0.006665,0.04602,0.870308
5.96285,0.019905,0.04602,0.871082
5.96485,0.010976,0.04602,0.871885
5.96686,0.010976,0.04602,0.872607
5.96927,0.018855,0.04602,0.873478
5.97086,0.011438,0.04602,0.874347
5.97227,0.003973,0.04602,0.875025
5.97386,0.003973,0.04602,0.875534
5.97586,0.003973,0.04602,0.876117
5.97786,0.015973,0.04602,0.876934
5.97969,0.004337,0.04602,0.877727
5.98185,0.004337,0.04602,0.878564
5.98386,0.008919,0.04602,0.879438
5.98585,0.004271,0.04602,0.88028
5.9877,0.004271,0.04602,0.881105
5.98927,0.024577,0.04602,0.881947
5.99128,0.004081,0.04602,0.88245
5.99327,0.004081,0.04602,0.883211
5.99527,0.030544,0.04602,0.883942
5.99786,0.001594,0.04602,0.884696
5.99986,0.001594,0.04602,0.885636
6.00228,0.001594,0.04602,0.886346
6.0037,0.001594,0.04602,0.887125
6.00528,0.001594,0.04602,0.88756
6.00686,0.001594,0.04602,0.888095
6.00886,0.001594,0.04602,0.888581
6.01086,0.002514,0.04602,0.889189
6.01227,0.002514,0.04602,0.889947
6.01386,0.007894,0.04602,0.890252
6.01586,0.007894,0.04602,0.890782
6.01786,0.003389,0.04602,0.89135
6.0197,0.003389,0.04602,0.892044
6.02128,0.003389,0.04602,0.892472
6.02286,0.003389,0.04602,0.892994
6.02486,0.003389,0.04602,0.893419
6.02686,0.0007,0.04602,0.894044
6.02828,0.005641,0.04602,0.894588
6.02986,0.002695,0.04602,0.894963
6.03228,0.000746,0.04602,0.895387
6.03428,0.000746,0.04602,0.896111
6.03629,0.001442,0.04602,0.896657
6.03828,0.001442,0.04602,0.897212
6.03987,0.007948,0.04602,0.897705
6.04187,0.007948,0.04602,0.898164
6.0437,0.007948,0.04602,0.898631
6.04587,0.007948,0.04602,0.899202
6.04787,0.007948,0.04602,0.899667
6.04987,0.000658,0.04602,0.900237
6.0517,0.00126,0.04602,0.900839
6.05328,0.005916,0.04602,0.901429
6.05487,0.005916,0.04602,0.90177
6.05687,0.010686,0.04602,0.9023
6.05887,0.002828,0.04602,0.903036
6.06087,0.002828,0.04602,0.903798
6.06287,0.002828,0.04602,0.90452
6.06487,0.009433,0.04602,0.905274
6.06729,0.003922,0.04602,0.906005
6.06887,0.006471,0.04602,0.907067
6.07087,0.006471,0.04602,0.90771
6.07287,0.026396,0.04602,0.908646
6.07487,0.020801,0.04602,0.909593
6.07687,0.020801,0.04602,0.910444
6.07887,0.013,0.04602,0.911471
6.08087,0.013,0.04602,0.912324
6.08287,0.013,0.04602,0.913342
6.08487,0.009984,0.04602,0.914438
6.08687,0.009984,0.04602,0.915552
6.08887,0.009984,0.04602,0.916581
6.09087,0.009984,0.04602,0.917735
6.09289,0.009984,0.04602,0.918913
6.0949,0.009984,0.04602,0.920034
6.0969,0.003098,0.04602,0.921231
6.0989,0.009508,0.04602,0.922355
6.1009,0.009508,0.04602,0.923607
6.1029,0.009508,0.04602,0.924851
6.1049,0.008048,0.04602,0.925993
6.10688,0.008048,0.04602,0.927058
6.10888,0.008048,0.04602,0.928224
6.11088,0.008048,0.04602,0.929275
6.11288,0.008048,0.04602,0.930399
6.11488,0.008048,0.04602,0.931356
6.11687,0.008048,0.04602,0.932469
6.11888,0.008048,0.04602,0.933472
6.12088,0.003596,0.04602,0.934465
6.12288,0.003596,0.04602,0.935366
6.12488,0.003596,0.04602,0.936249
6.12688,0.003596,0.04602,0.937124
6.12888,0.003596,0.04602,0.937896
6.13088,0.003596,0.04602,0.938782
6.13288,0.012187,0.04602,0.939483
6.1353,0.012187,0.04602,0.940293
6.1373,0.012187,0.04602,0.94107
6.13888,0.012187,0.04602,0.941746
6.14088,0.012187,0.04602,0.942273
6.14288,0.003031,0.04602,0.942834
6.14488,0.003031,0.04602,0.943364
6.14688,0.023272,0.04602,0.94401
6.14888,0.0146,0.04602,0.944535
6.15089,0.0146,0.04602,0.945142
6.15289,0.0146,0.04602,0.945787
6.15488,0.0146,0.04602,0.946347
6.15688,0.0146,0.04602,0.946914
6.15889,0.019817,0.04602,0.947534
6.16089,0.019817,0.04602,0.947988
6.16289,0.019817,0.04602,0.948526
6.16488,0.019717,0.04602,0.949069
6.16689,0.008349,0.04602,0.949596
6.1693,0.008349,0.04602,0.950095
6.17089,0.020659,0.04602,0.950784
6.17289,0.013101,0.04602,0.951327
6.17489,0.013101,0.04602,0.951844
6.17689,0.013101,0.04602,0.952444
6.17889,0.033856,0.04602,0.953064
6.18089,0.033856,0.04602,0.953576
6.18289,0.033856,0.04602,0.954221
6.18489,0.033856,0.04602,0.954751
6.18689,0.009502,0.04602,0.955275
6.18889,0.003451,0.04602,0.955824
6.19089,0.003451,0.04602,0.956497
6.19289,0.003451,0.04602,0.957067
6.19489,0.003451,0.04602,0.957651
6.19689,0.020311,0.04602,0.958365
6.19889,0.006813,0.04602,0.95897
6.20089,0.006813,0.04602,0.959708
6.20289,0.016053,0.04602,0.960291
6.20531,0.016053,0.04602,0.960986
6.2069,0.016053,0.04602,0.961796
6.20889,0.013031,0.04602,0.962456
6.21089,0.005281,0.04602,0.963161
6.21289,0.007373,0.04602,0.963906
6.2149,0.005975,0.04602,0.964682
6.2169,0.005975,0.04602,0.965443
6.21889,0.008989,0.04602,0.966307
6.22089,0.008989,0.04602,0.967098
6.2229,0.002775,0.04602,0.967864
6.2249,0.002775,0.04602,0.968684
6.2269,0.002775,0.04602,0.969473
6.2289,0.002775,0.04602,0.970248
6.23089,0.002775,0.04602,0.971091
6.2329,0.005579,0.04602,0.971858
6.2349,0.005579,0.04602,0.972612
6.2369,0.026445,0.04602,0.973388
6.2389,0.00753,0.04602,0.974159
6.2409,0.00753,0.04602,0.975094
6.2429,0.00753,0.04602,0.975946
6.2449,0.00753,0.04602,0.97676
6.2469,0.00753,0.04602,0.977504
6.2489,0.00753,0.04602,0.978319
6.2509,0.037448,0.04602,0.979139
6.2529,0.037448,0.04602,0.980001
6.2549,0.037448,0.04602,0.980855
6.2569,0.004565,0.04602,0.981688
6.2589,0.004565,0.04602,0.982514
6.2609,0.013645,0.04602,0.98338
6.2629,0.018339,0.04602,0.984135
6.2649,0.018339,0.04602,0.984959
6.2669,0.007595,0.04602,0.985692
6.2689,0.007595,0.04602,0.986659
6.2709,0.007595,0.04602,0.987409
6.27332,0.003399,0.04602,0.988165
6.2749,0.028695,0.04602,0.989165
6.2769,0.028695,0.04602,0.990001
6.27891,0.028695,0.04602,0.99083
6.2809,0.027051,0.04602,0.991579
6.28291,0.027051,0.04602,0.992472
6.28491,0.000188,0.04602,0.993254
6.28691,0.009359,0.04602,0.994181
6.2889,0.009359,0.04602,0.994976
6.29091,0.002796,0.04602,0.995805
6.29291,0.002796,0.04602,0.996702
6.29491,0.002796,0.04602,0.997431
6.2969,0.005494,0.04602,0.998103
6.29891,0.005494,0.04602,0.998966
6.30091,0.005494,0.04602,0.999685
6.30291,0.003392,0.02862,1.00048
6.30491,0.043922,0.06876,1.00115
6.30691,0.113184,0.10704,1.00178
6.30891,0.202316,0.14112,1.00235
6.31091,0.299459,0.15366,1.00256
6.31291,0.343293,0.14202,1.00237
6.31491,0.369037,0.10368,1.00173
6.31691,0.322969,0.04374,1.00073
6.31891,0.196708,0.04374,0.999541
6.32091,0.098421,0.04374,0.998169
6.32291,0.082724,0.04374,0.996978
6.32491,0.065116,0.04374,0.99604
6.32691,0.065304,0.04374,0.99541
6.32891,0.041362,0.04374,0.995061
6.33091,0.025288,0.04374,0.994918
6.33291,0.013335,0.04374,0.994923
6.33491,0.017269,0.04374,0.995047
6.33691,0.01327,0.04374,0.995319
6.33891,0.013776,0.04374,0.995721
6.34091,0.003763,0.04374,0.99608
6.34333,0.008412,0.04374,0.996671
6.34491,0.007642,0.04374,0.997326
6.34692,0.02369,0.04374,0.997785
6.34891,0.000766,0.04374,0.998593
6.35092,0.001108,0.04374,0.999238
6.35291,0.012914,0.0054,1.00009
6.35492,0.021677,0.0603,1.00101
6.35692,0.077502,0.10548,1.00176
6.35892,0.184748,0.15264,1.00254
6.36091,0.294669,0.18378,1.00306
6.36292,0.384544,0.1818,1.00303
6.36492,0.424759,0.15132,1.00252
6.36692,0.44975,0.09222,1.00154
6.36891,0.344691,0.02124,1.00035
6.37092,0.183424,0.02124,0.998938
6.37292,0.117287,0.02124,0.997486
6.37492,0.098105,0.02124,0.996487
6.37691,0.057482,0.02124,0.995652
6.37933,0.074141,0.02124,0.995109
6.38133,0.041465,0.02124,0.994915
6.38333,0.041446,0.02124,0.994933
6.38534,0.034233,0.02124,0.995315
6.38734,0.058298,0.02124,0.99573
6.38934,0.016487,0.02124,0.996412
6.39133,0.022323,0.02124,0.997118
6.39334,0.019298,0.02124,0.998091
6.39534,0.030681,0.02124,0.99919
6.39734,0.025735,0.02154,1.00036
6.39993,0.058326,0.10608,1.00177
6.40193,0.170496,0.1986,1.00331
6.40376,0.371217,0.27228,1.00454
6.40593,0.55264,0.32256,1.00538
6.40792,0.732339,0.32412,1.0054
6.40993,0.788928,0.28086,1.00468
6.41176,0.736025,0.19206,1.0032
6.41434,0.58318,0.04548,1.00076
6.41693,0.295437,0.04548,0.997046
6.41893,0.145505,0.04548,0.993235
6.42093,0.118013,0.04548,0.99076
6.42292,0.13246,0.04548,0.988557
6.42492,0.073163,0.04548,0.986915
6.42693,0.085406,0.04548,0.985731
6.42893,0.075664,0.04548,0.98484
6.43092,0.060607,0.04548,0.984484
6.43292,0.101697,0.04548,0.98443
6.43493,0.094289,0.04548,0.984733
6.43693,0.05349,0.04548,0.985257
6.43892,0.007348,0.04548,0.986249
6.44092,0.014478,0.04548,0.987328
6.44293,0.061102,0.04548,0.988631
6.44493,0.011844,0.04548,0.99016
6.44692,0.011844,0.04548,0.991732
6.44934,0.009118,0.04548,0.993538
6.45135,0.026494,0.04548,0.995873
6.45335,0.003912,0.04548,0.997818
6.45535,0.003083,0.04548,0.999838
6.45735,0.009804,0.10902,1.00182
6.45935,0.167626,0.24282,1.00405
6.46135,0.419292,0.35562,1.00593
6.46334,0.675541,0.4371,1.00728
6.46535,0.951891,0.45534,1.00759
6.46735,1.11526,0.39258,1.00654
6.46935,1.02893,0.28392,1.00473
6.47135,0.868172,0.11808,1.00197
6.47335,0.546983,0.11808,0.998114
6.47535,0.231661,0.11808,0.993965
6.47735,0.169434,0.11808,0.990314
6.47934,0.161267,0.11808,0.986751
6.48135,0.14241,0.11808,0.983864
6.48335,0.081744,0.11808,0.981501
6.48594,0.069538,0.11808,0.979593
6.48794,0.065089,0.11808,0.977698
6.48994,0.07611,0.11808,0.976582
6.49177,0.061849,0.11808,0.975822
6.49393,0.070483,0.11808,0.97554
6.49594,0.047209,0.11808,0.975543
6.49794,0.053613,0.11808,0.975899
6.49977,0.062705,0.11808,0.976527
6.50135,0.022643,0.11808,0.977225
6.50294,0.015142,0.11808,0.977869
6.50494,0.056744,0.11808,0.978648
6.50694,0.039673,0.11808,0.979899
6.50893,0.012748,0.11808,0.981203
6.51094,0.004589,0.11808,0.982489
6.51294,0.00441,0.11808,0.983951
6.51494,0.029934,0.11808,0.985384
6.51635,0.008363,0.11808,0.986837
6.51894,0.008363,0.11808,0.988121
6.52094,0.016389,0.11808,0.989943
6.52294,0.016389,0.11808,0.991498
6.52435,0.01967,0.11808,0.993109
6.52635,0.008761,0.11808,0.994282
6.52794,0.008761,0.11808,0.995666
6.52994,0.007889,0.11808,0.996879
6.53178,0.007889,0.11808,0.998297
6.53336,0.007889,0.11808,0.999553
6.53495,0.002756,0.03108,1.00052
6.53695,0.031848,0.1005,1.00168
6.53895,0.144378,0.18396,1.00307
6.54094,0.291386,0.23532,1.00392
6.54295,0.440955,0.2658,1.00443
6.54495,0.558212,0.23766,1.00396
6.54695,0.66993,0.15252,1.00254
6.54895,0.53765,0.0657,1.0011
6.55136,0.286997,0.0657,0.998956
6.55336,0.135612,0.0657,0.995834
6.55495,0.064235,0.0657,0.993618
6.55637,0.081323,0.0657,0.991925
6.55895,0.061267,0.0657,0.990099
6.56036,0.048553,0.0657,0.988471
6.56195,0.067624,0.0657,0.987448
6.56336,0.035133,0.0657,0.986441
6.56536,0.033107,0.0657,0.985605
6.56695,0.033107,0.0657,0.984629
6.56836,0.044795,0.0657,0.983941
6.56995,0.044795,0.0657,0.983312
6.57136,0.02839,0.0657,0.98284
6.57336,0.021037,0.0657,0.982283
6.57495,0.005215,0.0657,0.981611
6.57636,0.033586,0.0657,0.981129
6.57795,0.013479,0.0657,0.980751
6.57978,0.051603,0.0657,0.980517
6.58195,0.071664,0.0657,0.980312
6.58337,0.018165,0.0657,0.980086
6.58495,0.010507,0.0657,0.98003
6.58695,0.013671,0.0657,0.979964
6.58837,0.003469,0.0657,0.980008
6.59095,0.019184,0.0657,0.980082
6.59237,0.009221,0.0657,0.980283
6.59395,0.002641,0.0657,0.980392
6.59579,0.002641,0.0657,0.980459
6.59737,0.018576,0.0657,0.980651
6.59895,0.018576,0.0657,0.980675
6.60037,0.018841,0.0657,0.980816
6.60195,0.018841,0.0657,0.980873
6.60379,0.018841,0.0657,0.980921
6.60595,0.010242,0.0657,0.981109
6.60795,0.010242,0.0657,0.981092
6.60995,0.010242,0.0657,0.981013
6.61237,0.010242,0.0657,0.981007
6.61395,0.018894,0.0657,0.980985
6.61596,0.018894,0.0657,0.980878
6.61796,0.018894,0.0657,0.980842
6.61979,0.022206,0.0657,0.980737
6.62195,0.022206,0.0657,0.980678
6.62396,0.022206,0.0657,0.980572
6.62596,0.026304,0.0657,0.980527
6.62779,0.026304,0.0657,0.980489
6.62937,0.020456,0.0657,0.980412
6.63096,0.020456,0.0657,0.980423
6.63296,0.020456,0.0657,0.980406
6.63496,0.011543,0.0657,0.980336
6.63637,0.011543,0.0657,0.980291
6.63837,0.001447,0.0657,0.980221
6.63996,0.018013,0.0657,0.980164
6.64237,0.018013,0.0657,0.98007
6.6438,0.018013,0.0657,0.979988
6.64537,0.018013,0.0657,0.979923
6.64696,0.018013,0.0657,0.979833
6.64896,0.031422,0.0657,0.979696
6.65096,0.031422,0.0657,0.979585
6.65296,0.017251,0.0657,0.979554
6.65496,0.017124,0.0657,0.979378
6.65696,0.017124,0.0657,0.979287
6.65896,0.006117,0.0657,0.979117
6.66037,0.006117,0.0657,0.978899
6.66196,0.006117,0.0657,0.978724
6.66396,0.017009,0.0657,0.97859
6.66596,0.025977,0.0657,0.978331
6.6678,0.025977,0.0657,0.978045
6.66996,0.021866,0.0657,0.977883
6.67196,0.021866,0.0657,0.977516
6.67396,0.009262,0.0657,0.977215
6.6758,0.021526,0.0657,0.976814
6.67738,0.021526,0.0657,0.976507
6.67896,0.021526,0.0657,0.976228
6.68097,0.021526,0.0657,0.975884
6.68297,0.021526,0.0657,0.975364
6.68437,0.021526,0.0657,0.974964
6.68596,0.021526,0.0657,0.974701
6.68797,0.009056,0.0657,0.974342
6.68996,0.009056,0.0657,0.973967
6.6918,0.009056,0.0657,0.973572
6.69338,0.021463,0.0657,0.973236
6.69497,0.021463,0.0657,0.972998
6.69697,0.021463,0.0657,0.972715
6.69897,0.021463,0.0657,0.972404
6.70038,0.021463,0.0657,0.972024
6.70197,0.008395,0.0657,0.971746
6.70438,0.003486,0.0657,0.971472
6.70597,0.003471,0.0657,0.971017
6.70781,0.003471,0.0657,0.970761
6.70938,0.003471,0.0657,0.97029
6.71097,0.003471,0.0657,0.969953
6.71297,0.003471,0.0657,0.96957
6.71497,0.003471,0.0657,0.969054
6.71638,0.003471,0.0657,0.968623
6.71797,0.003471,0.0657,0.968233
6.71997,0.003471,0.0657,0.967907
6.72197,0.003471,0.0657,0.96744
6.72381,0.003471,0.0657,0.966858
6.72538,0.001659,0.0657,0.966344
6.72697,0.000851,0.0657,0.965963
6.72897,0.000851,0.0657,0.965509
6.73097,0.000106,0.0657,0.964979
6.73238,0.000106,0.0657,0.964329
6.73397,0.000106,0.0657,0.963931
6.73597,0.000106,0.0657,0.963451
6.73798,0.000106,0.0657,0.962824
6.73981,0.003941,0.0657,0.962087
6.74138,0.003941,0.0657,0.961427
6.74297,0.003941,0.0657,0.96089
6.74497,0.003941,0.0657,0.960456
6.74697,0.003941,0.0657,0.959773
6.74838,0.007215,0.0657,0.959169
6.74997,0.007215,0.0657,0.958686
6.75197,0.008495,0.0657,0.958137
6.75398,0.009058,0.0657,0.95735
6.75581,0.009058,0.0657,0.956618
6.75739,0.026318,0.0657,0.95602
6.75898,0.026318,0.0657,0.955326
6.76098,0.005778,0.0657,0.954866
6.76339,0.010761,0.0657,0.954236
6.76598,0.015894,0.0657,0.953313
6.76798,0.011468,0.0657,0.952364
6.76998,0.011468,0.0657,0.951642
6.77182,0.020791,0.0657,0.950907
6.77339,0.024142,0.0657,0.950174
6.77498,0.024142,0.0657,0.949679
6.77698,0.003293,0.0657,0.949192
6.77898,0.011842,0.0657,0.948667
6.78039,0.011842,0.0657,0.948045
6.78239,0.011842,0.0657,0.947603
6.78398,0.011842,0.0657,0.946883
6.78598,0.019628,0.0657,0.946505
6.78782,0.035218,0.0657,0.945908
6.7894,0.01124,0.0657,0.945383
6.79098,0.01124,0.0657,0.944866
6.79298,0.010242,0.0657,0.944444
6.7954,0.018348,0.0657,0.943921
6.7974,0.018348,0.0657,0.943397
6.79898,0.018348,0.0657,0.942885
6.80098,0.022557,0.0657,0.942554
6.80298,0.029017,0.0657,0.942135
6.8044,0.002533,0.0657,0.941534
6.80599,0.009277,0.0657,0.941266
6.80798,0.009277,0.0657,0.940788
6.80999,0.009277,0.0657,0.940356
6.81182,0.016028,0.0657,0.939786
6.81399,0.004639,0.0657,0.939381
6.81599,0.004639,0.0657,0.938764
6.81798,0.006917,0.0657,0.938316
6.81982,0.006777,0.0657,0.937661
6.8214,0.006376,0.0657,0.937339
6.82299,0.006376,0.0657,0.93694
6.82499,0.006376,0.0657,0.936604
6.8274,0.005039,0.0657,0.936292
6.82999,0.004783,0.0657,0.935744
6.83199,0.000637,0.0657,0.935333
6.83399,0.000637,0.0657,0.935041
6.83582,0.0004,0.0657,0.934704
6.8374,0.006423,0.0657,0.9344
6.83899,0.008285,0.0657,0.934123
6.84099,0.008285,0.0657,0.933929
6.84299,0.008285,0.0657,0.933568
6.84499,0.005175,0.0657,0.933199
6.84699,0.001525,0.0657,0.932996
6.84899,0.004164,0.0657,0.932728
6.85099,0.002957,0.0657,0.932512
6.85299,0.006597,0.0657,0.932294
6.85499,0.007145,0.0657,0.93206
6.85699,0.007145,0.0657,0.931835
6.85899,0.007046,0.0657,0.931626
6.86199,0.006855,0.0657,0.93153
6.86399,0.006855,0.0657,0.931234
6.86599,0.006855,0.0657,0.930999
6.86783,0.002738,0.0657,0.930882
6.8694,0.004653,0.0657,0.930736
6.87099,0.001134,0.0657,0.93055
6.87299,0.001134,0.0657,0.930479
6.87499,0.001134,0.0657,0.930265
6.87699,0.004204,0.0657,0.930078
6.87899,0.004204,0.0657,0.929799
6.88099,0.008196,0.0657,0.929608
6.88299,0.008196,0.0657,0.929399
6.88499,0.008196,0.0657,0.929165
6.88699,0.001834,0.0657,0.928787
6.889,0.001834,0.0657,0.92857
6.89099,0.001834,0.0657,0.928236
6.89299,0.00033,0.0657,0.927962
6.89541,0.00033,0.0657,0.927534
6.897,0.00033,0.0657,0.927204
6.89899,0.004837,0.0657,0.926931
6.90099,0.004837,0.0657,0.926609
6.903,0.020362,0.0657,0.926392
6.905,0.020362,0.0657,0.92603
6.907,0.005185,0.0657,0.925975
6.909,0.015823,0.0657,0.925733
6.911,0.015823,0.0657,0.925613
6.913,0.015978,0.0657,0.925399
6.915,0.015978,0.0657,0.925243
6.917,0.000223,0.0657,0.92524
6.919,0.000223,0.0657,0.925173
6.921,0.001595,0.0657,0.925245
6.923,0.021009,0.0657,0.925118
6.925,0.001643,0.0657,0.92518
6.927,0.008236,0.0657,0.925198
6.92942,0.008236,0.0657,0.925313
6.931,0.008236,0.0657,0.925342
6.933,0.008236,0.0657,0.92542
6.935,0.02326,0.0657,0.92547
6.937,0.02326,0.0657,0.925544
6.939,0.02326,0.0657,0.925599
6.941,0.005598,0.0657,0.92564
6.943,0.005598,0.0657,0.925676
6.945,9.6e-05,0.0657,0.925829
6.947,0.011854,0.0657,0.925767
6.949,0.001049,0.0657,0.925782
6.951,0.001049,0.0657,0.925911
6.953,0.011434,0.0657,0.925862
6.955,0.011434,0.0657,0.925922
6.957,0.011434,0.0657,0.925852
6.959,0.021862,0.0657,0.925919
6.961,0.021862,0.0657,0.925846
6.96342,0.01747,0.0657,0.925822
6.965,0.026452,0.0657,0.925854
6.96701,0.026452,0.0657,0.925857
6.969,0.026452,0.0657,0.925755
6.97101,0.01934,0.0657,0.925795
6.97301,0.00963,0.0657,0.925784
6.97501,0.00963,0.0657,0.925776
6.97701,0.01901,0.0657,0.925819
6.97901,0.01901,0.0657,0.925877
6.98101,0.00657,0.0657,0.925849
6.98301,0.013124,0.0657,0.925833
6.98501,0.013124,0.0657,0.925851
6.98701,0.013124,0.0657,0.925901
6.98901,0.013124,0.0657,0.925872
6.99101,0.013124,0.0657,0.925986
6.99301,0.001227,0.0657,0.925861
6.99501,0.003648,0.0657,0.92593
6.99801,0.003648,0.0657,0.92601
7.00001,0.003648,0.0657,0.925993
7.00201,0.003648,0.0657,0.926017
7.00384,0.009188,0.0657,0.926023
7.00601,0.006974,0.0657,0.926138
7.00801,0.006974,0.0657,0.926063
7.01001,0.013465,0.0657,0.926214
7.01185,0.013465,0.0657,0.926129
7.01343,0.006912,0.0657,0.926238
7.01501,0.012321,0.0657,0.926283
7.01701,0.004759,0.0657,0.926305
7.01901,0.006788,0.0657,0.926377
7.02101,0.006788,0.0657,0.926419
7.02302,0.006788,0.0657,0.926464
7.02501,0.001146,0.0657,0.926514
7.02701,0.012158,0.0657,0.926541
7.02901,0.012158,0.0657,0.92666
7.03143,0.011204,0.0657,0.926679
7.03301,0.007516,0.0657,0.92679
7.03502,0.0077,0.0657,0.926861
7.03702,0.018521,0.0657,0.927
7.03902,0.018521,0.0657,0.92702
7.04102,0.014997,0.0657,0.927136
7.04302,0.002557,0.0657,0.927236
7.04502,0.021987,0.0657,0.92734
7.04702,0.00349,0.0657,0.927489
7.04902,0.006526,0.0657,0.927656
7.05102,0.006526,0.0657,0.927624
7.05302,0.003902,0.0657,0.927883
7.05502,0.009352,0.0657,0.928026
7.05702,0.009352,0.0657,0.928196
7.05902,0.009352,0.0657,0.928327
7.06102,0.009352,0.0657,0.928482
7.06302,0.009352,0.0657,0.928622
7.06502,0.008136,0.0657,0.928758
7.06743,0.008136,0.0657,0.928959
7.07002,0.008204,0.0657,0.929106
7.07202,0.008204,0.0657,0.929386
7.07402,0.010165,0.0657,0.929528
7.07586,0.010165,0.0657,0.929809
7.07743,0.0009,0.0657,0.930059
7.07944,0.007675,0.0657,0.930159
7.08102,0.010455,0.0657,0.930412
7.08302,0.010455,0.0657,0.93062
7.08502,0.004922,0.0657,0.930904
7.08702,0.004349,0.0657,0.931229
7.08903,0.004199,0.0657,0.931591
7.09102,0.004199,0.0657,0.931763
7.09302,0.012142,0.0657,0.93222
7.09502,0.001996,0.0657,0.932587
7.09702,0.001996,0.0657,0.932949
7.09903,0.001996,0.0657,0.933257
7.10203,0.004377,0.0657,0.933692
7.10403,0.003579,0.0657,0.934277
7.10602,0.008631,0.0657,0.934603
7.10786,0.00419,0.0657,0.935005
7.10944,0.008976,0.0657,0.935307
7.11103,0.000755,0.0657,0.935708
7.11303,0.000215,0.0657,0.936059
7.11503,0.000215,0.0657,0.936535
7.11703,0.013564,0.0657,0.936904
7.11903,0.004955,0.0657,0.937384
7.12103,0.010639,0.0657,0.937931
7.12303,0.010639,0.0657,0.938414
7.12503,0.024679,0.0657,0.938897
7.12703,0.024679,0.0657,0.939437
7.12903,0.017264,0.0657,0.939841
7.13103,0.017264,0.0657,0.940304
7.13303,0.016069,0.0657,0.940693
7.13544,0.016069,0.0657,0.941045
7.13703,0.000146,0.0657,0.941558
7.13903,0.005892,0.0657,0.941863
7.14103,0.024743,0.0657,0.942214
7.14303,0.028919,0.0657,0.942571
7.14503,0.001357,0.0657,0.942969
7.14703,0.006073,0.0657,0.943297
7.14903,0.006073,0.0657,0.943704
7.15103,0.006073,0.0657,0.944029
7.15303,0.037858,0.0657,0.944286
7.15503,0.037858,0.0657,0.944726
7.15703,0.037858,0.0657,0.945089
7.15903,0.037858,0.0657,0.945494
7.16103,0.037858,0.0657,0.945869
7.16303,0.026663,0.0657,0.9462
7.16504,0.012128,0.0657,0.946492
7.16704,0.012128,0.0657,0.946756
7.16903,0.003602,0.0657,0.947106
7.17145,0.019954,0.0657,0.947328
7.17345,0.003786,0.0657,0.947703
7.17545,0.011789,0.0657,0.948092
7.17745,0.003759,0.0657,0.948251
7.17945,0.003759,0.0657,0.948723
7.18145,0.036314,0.0657,0.948976
7.18345,0.004749,0.0657,0.949467
7.18545,0.004749,0.0657,0.94981
7.18745,0.014243,0.0657,0.950382
7.18945,0.020596,0.0657,0.950789
7.19145,0.020596,0.0657,0.951221
7.19345,0.013015,0.0657,0.951749
7.19545,0.0083,0.0657,0.952239
7.19745,0.0083,0.0657,0.952611
7.19945,0.024431,0.0657,0.953179
7.20145,0.024431,0.0657,0.953546
7.20346,0.019511,0.0657,0.953961
7.20604,0.003526,0.0657,0.954389
7.20804,0.021848,0.0657,0.955003
7.21004,0.021848,0.0657,0.955363
7.21188,0.023741,0.0657,0.955882
7.21404,0.008659,0.0657,0.956236
7.21604,0.008659,0.0657,0.956814
7.21804,0.008659,0.0657,0.957269
7.21988,0.008659,0.0657,0.957813
7.22146,0.008659,0.0657,0.958186
7.22346,0.007182,0.0657,0.958603
7.22546,0.007182,0.0657,0.959042
7.22746,0.007182,0.0657,0.959417
7.22946,0.014432,0.0657,0.959935
7.23146,0.014432,0.0657,0.960149
7.23346,0.00527,0.0657,0.960573
7.23546,0.00527,0.0657,0.961033
7.23746,0.004642,0.0657,0.961387
7.23946,0.005477,0.0657,0.961742
7.24207,0.005477,0.0657,0.9621
7.24391,0.011319,0.0657,0.96244
7.24607,0.011319,0.0657,0.96286
7.24807,0.011319,0.0657,0.963261
7.25007,0.009544,0.0657,0.963527
7.25191,0.009544,0.0657,0.96394
7.25348,0.009544,0.0657,0.964097
7.25548,0.009544,0.0657,0.964415
7.25748,0.009544,0.0657,0.964664
7.25946,0.009544,0.0657,0.964961
7.26146,0.008445,0.0657,0.965129
7.26346,0.008445,0.0657,0.965402
7.26505,0.008445,0.0657,0.965567
7.26705,0.001822,0.0657,0.96576
7.26846,0.001822,0.0657,0.966031
7.27005,0.003534,0.0657,0.966167
7.27205,0.001109,0.0657,0.966283
7.27447,0.002898,0.0657,0.966488
7.27589,0.002898,0.0657,0.966771
7.27805,0.002898,0.0657,0.96692
7.28005,0.002898,0.0657,0.967218
7.28205,0.003712,0.0657,0.967531
7.28389,0.004018,0.0657,0.967678
7.28547,0.004018,0.0657,0.967852
7.28705,0.004018,0.0657,0.968115
7.28905,0.004018,0.0657,0.9683
7.29105,0.009087,0.0657,0.968511
7.29307,0.009087,0.0657,0.968809
7.29507,0.002295,0.0657,0.968986
7.29707,0.004258,0.0657,0.969146
7.29907,0.004258,0.0657,0.969517
7.30047,0.00211,0.0657,0.969676
7.30247,0.00211,0.0657,0.969796
7.30408,0.00211,0.0657,0.970016
7.30648,0.000777,0.0657,0.970204
7.3079,0.011974,0.0657,0.970381
7.31006,0.01056,0.0657,0.970529
7.31206,0.01056,0.0657,0.970813
7.31406,0.012004,0.0657,0.971007
7.31589,0.000246,0.0657,0.971262
7.31747,0.000246,0.0657,0.971443
7.31906,0.008364,0.0657,0.971696
7.32106,0.008364,0.0657,0.971919
7.32248,0.004261,0.0657,0.972138
7.3239,0.004261,0.0657,0.972374
7.32606,0.015545,0.0657,0.972587
7.32806,0.002852,0.0657,0.972991
7.33006,0.018032,0.0657,0.973372
7.33148,0.008964,0.0657,0.973594
7.33348,0.008964,0.0657,0.973879
7.33506,0.008964,0.0657,0.974214
7.33648,0.008964,0.0657,0.974476
7.33848,0.007841,0.0657,0.974689
7.3399,0.007841,0.0657,0.975005
7.34206,0.007841,0.0657,0.975163
7.34348,0.007841,0.0657,0.975336
7.34506,0.007841,0.0657,0.975627
7.34648,0.007841,0.0657,0.975743
7.3479,0.007841,0.0657,0.975843
7.34948,0.007841,0.0657,0.976095
7.35107,0.007841,0.0657,0.976196
7.35307,0.004548,0.0657,0.976329
7.35448,0.013605,0.0657,0.976526
7.3559,0.007155,0.0657,0.97656
7.35807,0.007155,0.0657,0.976762
7.35948,0.007155,0.0657,0.97695
7.36107,0.007155,0.0657,0.977107
7.36248,0.007155,0.0657,0.977203
7.3639,0.007155,0.0657,0.977263
7.36607,0.019414,0.0657,0.977371
7.36748,0.010104,0.0657,0.97764
7.36907,0.010104,0.0657,0.977759
7.37107,0.010104,0.0657,0.977902
7.37248,0.008742,0.0657,0.978062
7.37407,0.008742,0.0657,0.978247
7.37548,0.008742,0.0657,0.978433
7.37707,0.008742,0.0657,0.97854
7.37907,0.002232,0.0657,0.978686
7.38107,0.002232,0.0657,0.97889
7.38307,0.006706,0.0657,0.979101
7.38507,0.012818,0.0657,0.979378
7.38707,0.012818,0.0657,0.97958
7.38907,0.021316,0.0657,0.979701
7.39107,0.021316,0.0657,0.980039
7.39307,0.018533,0.0657,0.98029
7.39507,0.018533,0.0657,0.980557
7.39707,0.001533,0.0657,0.980671
7.39907,0.011282,0.0657,0.980961
7.40107,0.011282,0.0657,0.98122
7.40307,0.005544,0.0657,0.98132
7.40507,0.005544,0.0657,0.981548
7.40707,0.005544,0.0657,0.981747
7.40907,0.005544,0.0657,0.982022
7.41107,0.012174,0.0657,0.98214
7.41249,0.012174,0.0657,0.98227
7.41408,0.012174,0.0657,0.982409
7.41608,0.004721,0.0657,0.982441
7.41808,0.004721,0.0657,0.982545
7.41991,0.000589,0.0657,0.982716
7.42208,0.040841,0.0657,0.982817
7.42408,0.040841,0.0657,0.982972
7.42608,0.000616,0.0657,0.983055
7.42791,0.012881,0.0657,0.98323
7.42949,0.028885,0.0657,0.98331
7.43149,0.028885,0.0657,0.983439
7.43308,0.028885,0.0657,0.983494
7.43508,0.028885,0.0657,0.983722
7.43649,0.008911,0.0657,0.983821
7.43808,0.008911,0.0657,0.98389
7.44008,0.000627,0.0657,0.984084
7.44208,0.013391,0.0657,0.984194
7.44391,0.025235,0.0657,0.984352
7.44549,0.037563,0.0657,0.984589
7.44708,0.021676,0.0657,0.984784
7.44908,0.004274,0.0657,0.985002
7.45108,0.004274,0.0657,0.985111
7.45249,0.006161,0.0657,0.985326
7.45408,0.006161,0.0657,0.985541
7.45608,0.006161,0.0657,0.985776
7.45808,0.011712,0.0657,0.985987
7.45992,0.021988,0.0657,0.986204
7.46208,0.021988,0.0657,0.98652
7.46408,0.021988,0.0657,0.986754
7.46608,0.011283,0.0657,0.986891
7.46792,0.005346,0.0657,0.987145
7.47008,0.005346,0.0657,0.987344
7.47208,0.005346,0.0657,0.987652
7.47408,0.02928,0.0657,0.987906
7.47592,0.02928,0.0657,0.98804
7.4775,0.02928,0.0657,0.988189
7.47908,0.012624,0.0657,0.988414
7.48109,0.012624,0.0657,0.988578
7.48308,0.012624,0.0657,0.988793
7.4845,0.012624,0.0657,0.989057
7.48609,0.012624,0.0657,0.98903
7.48809,0.021296,0.0657,0.989183
7.49009,0.021296,0.0657,0.989499
7.49192,0.021296,0.0657,0.989673
7.49408,0.021296,0.0657,0.989842
7.49609,0.023136,0.0657,0.990091
7.49809,0.00728,0.0657,0.990335
7.49992,0.00728,0.0657,0.990602
7.50209,0.002537,0.0657,0.990738
7.50409,0.017637,0.0657,0.991097
7.50609,0.018731,0.0657,0.991399
7.50792,0.018731,0.0657,0.991566
7.5095,0.018731,0.0657,0.991786
7.51109,0.018731,0.0657,0.991927
7.51309,0.018731,0.0657,0.992135
7.51509,0.018731,0.0657,0.992347
7.51709,0.018731,0.0657,0.992538
7.51909,0.018731,0.0657,0.992816
7.52109,0.018731,0.0657,0.992874
7.52309,0.018731,0.0657,0.993113
7.52451,0.018731,0.0657,0.993225
7.52609,0.018731,0.0657,0.993445
7.52809,0.010677,0.0657,0.993497
7.53009,0.021378,0.0657,0.993527
7.53193,0.021378,0.0657,0.993811
7.53409,0.021378,0.0657,0.99375
7.53609,0.009875,0.0657,0.993903
7.53809,0.009875,0.0657,0.994079
7.53993,0.009875,0.0657,0.994163
7.54151,0.009875,0.0657,0.994282
7.54309,0.010566,0.0657,0.994304
7.54509,0.010566,0.0657,0.994465
7.5471,0.005004,0.0657,0.994585
7.54851,0.005004,0.0657,0.994734
7.5501,0.001083,0.0657,0.994796
7.5521,0.017062,0.0657,0.994904
7.55409,0.01669,0.0657,0.99508
7.55593,0.01669,0.0657,0.995207
7.55751,0.01669,0.0657,0.995404
7.55951,0.01669,0.0657,0.995601
7.5611,0.015958,0.0657,0.995717
7.5631,0.015958,0.0657,0.995885
7.5651,0.015958,0.0657,0.99597
7.5671,0.015958,0.0657,0.996264
7.5691,0.015958,0.0657,0.996467
7.5711,0.015958,0.0657,0.996612
7.5731,0.015958,0.0657,0.996778
7.5751,0.015958,0.0657,0.996976
7.5771,0.019609,0.0657,0.997153
7.5791,0.002505,0.0657,0.997283
7.58051,0.002505,0.0657,0.99746
7.5821,0.015343,0.0657,0.997601
7.5841,0.013179,0.0657,0.997781
7.5861,0.013179,0.0657,0.997896
7.58794,0.001641,0.0657,0.998142
7.58952,0.010825,0.0657,0.99829
7.5911,0.010825,0.0657,0.998477
7.5931,0.010825,0.0657,0.998637
7.5951,0.010909,0.0657,0.99879
7.5971,0.009753,0.0657,0.998922
7.5991,0.009753,0.0657,0.99916
7.6011,0.00597,0.0657,0.999355
7.6031,0.004844,0.0657,0.99942
7.60511,0.002853,0.0657,0.999623
7.6071,0.002853,0.0657,0.999772
7.6091,0.002853,0.0657,0.999904
7.6111,0.006164,0.0657,0.999966
7.61311,0.001476,0.00894,1.00015
7.61511,0.013569,0.02022,1.00034
7.61711,0.041392,0.01932,1.00032
7.61911,0.0554,0.02256,1.00038
7.62111,0.057572,0.03486,1.00058
7.62311,0.073193,0.03498,1.00058
7.62511,0.101617,0.03576,1.0006
7.62752,0.110173,0.03258,1.00054
7.62952,0.10111,0.0291,1.00049
7.63211,0.091477,0.02748,1.00046
7.63411,0.106369,0.02988,1.0005
7.63595,0.086403,0.02916,1.00049
7.63811,0.089515,0.03246,1.00054
7.64011,0.105865,0.04098,1.00068
7.64211,0.10536,0.04512,1.00075
7.64395,0.124402,0.04476,1.00075
7.64611,0.138445,0.051,1.00085
7.64811,0.13605,0.05358,1.00089
7.65011,0.163838,0.05496,1.00092
7.65195,0.161607,0.057,1.00095
7.65411,0.161468,0.04722,1.00079
7.65611,0.159152,0.05322,1.00089
7.65811,0.156841,0.05586,1.00093
7.65995,0.159176,0.05238,1.00087
7.66253,0.168347,0.0564,1.00094
7.66512,0.175706,0.05472,1.00091
7.66712,0.166415,0.05916,1.00099
7.66912,0.181969,0.06066,1.00101
7.67112,0.188874,0.06018,1.001
7.67312,0.171235,0.06168,1.00103
7.67512,0.184646,0.06492,1.00108
7.67712,0.185403,0.06384,1.00106
7.67912,0.184593,0.06492,1.00108
7.68112,0.200685,0.06678,1.00111
7.68312,0.193865,0.06708,1.00112
7.68512,0.194581,0.06414,1.00107
7.68712,0.189502,0.06594,1.0011
7.68912,0.205609,0.066,1.0011
7.69112,0.203209,0.06396,1.00107
7.69312,0.207988,0.066,1.0011
7.69512,0.207314,0.06894,1.00115
7.69712,0.199541,0.07212,1.0012
7.69954,0.206272,0.07338,1.00122
7.70154,0.226277,0.0729,1.00122
7.70412,0.213499,0.07758,1.00129
7.70612,0.224076,0.07872,1.00131
7.70796,0.233631,0.07788,1.0013
7.71012,0.232831,0.07452,1.00124
7.71212,0.232383,0.07284,1.00121
7.71412,0.219973,0.0774,1.00129
7.71596,0.23062,0.07128,1.00119
7.71812,0.220709,0.07686,1.00128
7.72012,0.226442,0.08136,1.00136
7.72212,0.236484,0.08646,1.00144
7.72396,0.245376,0.08598,1.00143
7.72612,0.253883,0.087,1.00145
7.72812,0.25352,0.08616,1.00144
7.73012,0.26625,0.08772,1.00146
7.73196,0.262608,0.08862,1.00148
7.73454,0.270051,0.08826,1.00147
7.73713,0.278284,0.08238,1.00137
7.73913,0.252788,0.0834,1.00139
7.74113,0.2586,0.07776,1.0013
7.74313,0.251238,0.08568,1.00143
7.74513,0.250235,0.08376,1.0014
7.74713,0.253855,0.08556,1.00143
7.74913,0.248857,0.08712,1.00145
7.75113,0.255821,0.08706,1.00145
7.75313,0.266928,0.08742,1.00146
7.75513,0.262607,0.0888,1.00148
7.75713,0.257085,0.08052,1.00134
7.75913,0.24935,0.0831,1.00138
7.76113,0.256194,0.08166,1.00136
7.76313,0.249994,0.08178,1.00136
7.76513,0.257797,0.07524,1.00125
7.76713,0.24389,0.07716,1.00129
7.76913,0.231396,0.07668,1.00128
7.77155,0.232612,0.08352,1.00139
7.77355,0.238961,0.08316,1.00139
7.77613,0.243145,0.08238,1.00137
7.77813,0.256113,0.08124,1.00135
7.77997,0.240652,0.08202,1.00137
7.78213,0.245013,0.08256,1.00138
7.78413,0.251707,0.07638,1.00127
7.78613,0.237014,0.07554,1.00126
7.78797,0.244395,0.07254,1.00121
7.79013,0.224543,0.08202,1.00137
7.79213,0.233896,0.0762,1.00127
7.79413,0.245671,0.08688,1.00145
7.79597,0.248712,0.08982,1.0015
7.79813,0.260998,0.09066,1.00151
7.80014,0.263497,0.09012,1.0015
7.80213,0.26894,0.08982,1.0015
7.80397,0.27644,0.08874,1.00148
7.80655,0.264291,0.0867,1.00145
7.80914,0.266683,0.08394,1.0014
7.81114,0.26976,0.09216,1.00154
7.81314,0.27272,0.08244,1.00137
7.81514,0.267347,0.09384,1.00156
7.81714,0.270035,0.09168,1.00153
7.81914,0.271037,0.0957,1.0016
7.82114,0.275202,0.09438,1.00157
7.82314,0.278791,0.09336,1.00156
7.82514,0.287089,0.0978,1.00163
7.82714,0.279321,0.09294,1.00155
7.82914,0.293781,0.09276,1.00155
7.83114,0.289601,0.08964,1.00149
7.83314,0.273601,0.09318,1.00155
7.83514,0.282086,0.09426,1.00157
7.83714,0.283165,0.08814,1.00147
7.83914,0.27105,0.09072,1.00151
7.84114,0.276647,0.09,1.0015
7.84314,0.273974,0.08946,1.00149
7.84514,0.27414,0.09018,1.0015
7.84714,0.278614,0.08946,1.00149
7.84914,0.266407,0.093,1.00155
7.85114,0.277799,0.09078,1.00151
7.85314,0.272604,0.09018,1.0015
7.85514,0.272633,0.0897,1.0015
7.85714,0.271455,0.09324,1.00155
7.85915,0.273873,0.08868,1.00148
7.86114,0.279917,0.08982,1.0015
7.86315,0.276667,0.09126,1.00152
7.86515,0.271082,0.08622,1.00144
7.86715,0.268864,0.0882,1.00147
7.86915,0.262167,0.08832,1.00147
7.87115,0.259244,0.08304,1.00138
7.87315,0.266026,0.0882,1.00147
7.87515,0.250224,0.0855,1.00143
7.87715,0.263117,0.0843,1.00141
7.87915,0.261387,0.08658,1.00144
7.88115,0.254915,0.08256,1.00138
7.88315,0.263366,0.0762,1.00127
7.88515,0.249038,0.0789,1.00131
7.88715,0.240018,0.07536,1.00126
7.88915,0.226412,0.06846,1.00114
7.89115,0.217169,0.07248,1.00121
7.89315,0.219604,0.07524,1.00125
7.89515,0.222066,0.06816,1.00114
7.89715,0.221301,0.07092,1.00118
7.89915,0.203855,0.07356,1.00123
7.90115,0.221483,0.07776,1.0013
7.90315,0.230463,0.06948,1.00116
7.90515,0.212615,0.06894,1.00115
7.90715,0.212692,0.06486,1.00108
7.90915,0.203331,0.06294,1.00105
7.91157,0.19406,0.06156,1.00103
7.91415,0.193771,0.05718,1.00095
7.91599,0.175486,0.06162,1.00103
7.91815,0.179478,0.06582,1.0011
7.92015,0.202369,0.06906,1.00115
7.92215,0.190156,0.06546,1.00109
7.92399,0.195814,0.06666,1.00111
7.92615,0.203004,0.07458,1.00124
7.92815,0.203404,0.07158,1.00119
7.93015,0.207873,0.06324,1.00105
7.93199,0.207265,0.0633,1.00106
7.93415,0.192481,0.0579,1.00097
7.93616,0.184674,0.06108,1.00102
7.93815,0.193227,0.06636,1.00111
7.93999,0.187407,0.06786,1.00113
7.94215,0.193759,0.06552,1.00109
7.94416,0.207277,0.06654,1.00111
7.94616,0.191735,0.06348,1.00106
7.94799,0.193924,0.06948,1.00116
7.95016,0.205438,0.06036,1.00101
7.95216,0.19165,0.06042,1.00101
7.95416,0.188868,0.06162,1.00103
7.95599,0.182432,0.06036,1.00101
7.95816,0.179938,0.05982,1.001
7.96016,0.189254,0.06102,1.00102
7.96216,0.179957,0.05568,1.00093
7.964,0.175394,0.0555,1.00093
7.96616,0.177639,0.05214,1.00087
7.96816,0.161337,0.05586,1.00093
7.97016,0.170771,0.04752,1.00079
7.972,0.156728,0.05142,1.00086
7.97416,0.147203,0.05052,1.00084
7.97616,0.156687,0.04866,1.00081
7.97816,0.151968,0.0459,1.00077
7.98,0.138013,0.04446,1.00074
7.98258,0.130881,0.04032,1.00067
7.98516,0.129126,0.03846,1.00064
7.98716,0.121937,0.04344,1.00072
7.98858,0.123679,0.04194,1.0007
7.99058,0.119048,0.0387,1.00065
7.99316,0.114906,0.0306,1.00051
7.99516,0.113434,0.02646,1.00044
7.99658,0.090521,0.02934,1.00049
7.99858,0.080842,0.02478,1.00041
8.00117,0.083542,0.0222,1.00037
8.00317,0.077352,0.02196,1.00037
8.00517,0.08025,0.02052,1.00034
8.00716,0.069224,0.01602,1.00027
8.00916,0.058733,0.02232,1.00037
8.01117,0.053744,0.00888,1.00015
8.01258,0.038971,0.01938,1.00032
8.01458,0.050737,0.0159,1.00027
8.01717,0.044353,0.01284,1.00021
8.01917,0.055594,0.01134,1.00019
8.02117,0.036625,0.01152,1.00019
8.02317,0.030248,0.0057,1.00009
8.02517,0.0293,0.00444,1.00007
8.02717,0.009651,0.00396,1.00007
8.02858,0.008245,0.00396,0.999973
8.03058,0.008919,0.00396,0.999862
8.03216,0.003663,0.00396,0.999998
8.03417,0.001763,0.00396,0.999879
8.036,0.001763,0.00396,0.999827
8.03758,0.001763,0.00396,0.99981
8.03917,0.001763,0.00396,0.999807
8.04058,0.001763,0.00396,0.999797
8.04217,0.001763,0.00396,0.999695
8.04401,0.001763,0.00396,0.999647
8.04617,0.00646,0.00396,0.999664
8.04858,0.00646,0.00396,0.999566
8.05017,0.00646,0.00396,0.999321
8.05201,0.000571,0.00396,0.999323
8.05358,0.001075,0.00396,0.999145
8.05517,0.001575,0.00396,0.99906
8.05717,0.008348,0.00396,0.999039
8.05917,0.000976,0.00396,0.998889
8.06117,0.008734,0.00396,0.998739
8.06317,0.005823,0.00396,0.998638
8.06517,0.005823,0.00396,0.998544
8.06717,0.005823,0.00396,0.998544
8.06917,0.005823,0.00396,0.99839
8.07117,0.005823,0.00396,0.998296
8.07317,0.005823,0.00396,0.998078
8.07517,0.015087,0.00396,0.998073
8.07717,0.002134,0.00396,0.998022
8.07917,0.002134,0.00396,0.997845
8.08159,0.002134,0.00396,0.997715
8.08318,0.002134,0.00396,0.997545
8.08517,0.008229,0.00396,0.997447
8.08718,0.013498,0.00396,0.997268
8.08918,0.013498,0.00396,0.997159
8.09118,0.013498,0.00396,0.996954
8.09318,0.013498,0.00396,0.996748
8.09518,0.013498,0.00396,0.996626
8.09718,0.013498,0.00396,0.996463
8.09918,0.028738,0.00396,0.996268
8.10118,0.001221,0.00396,0.996056
8.10259,0.002005,0.00396,0.995821
8.10418,0.002005,0.00396,0.995739
8.10559,0.013357,0.00396,0.9956
8.10718,0.013357,0.00396,0.995495
8.1086,0.013459,0.00396,0.99537
8.11118,0.021832,0.00396,0.995177
8.11318,0.021832,0.00396,0.99492
8.1146,0.010193,0.00396,0.994801
8.11602,0.001848,0.00396,0.994687
8.11759,0.001848,0.00396,0.994485
8.11918,0.001825,0.00396,0.994351
8.1206,0.001825,0.00396,0.994321
8.12218,0.006022,0.00396,0.994195
8.1236,0.005352,0.00396,0.994123
8.12618,0.00074,0.00396,0.993975
8.1276,0.001937,0.00396,0.993942
8.12918,0.010415,0.00396,0.993791
8.1306,0.010415,0.00396,0.993749
8.13202,0.024152,0.00396,0.993678
8.1336,0.006839,0.00396,0.993668
8.13518,0.010487,0.00396,0.993589
8.13718,0.010487,0.00396,0.993548
8.1386,0.010487,0.00396,0.993465
8.1406,0.010487,0.00396,0.993394
8.14318,0.010025,0.00396,0.993315
8.14459,0.010025,0.00396,0.993177
8.14619,0.020275,0.00396,0.99301
8.14802,0.003722,0.00396,0.99307
8.1496,0.0118,0.00396,0.992795
8.15118,0.012844,0.00396,0.992688
8.15318,0.012844,0.00396,0.992612
8.15519,0.003279,0.00396,0.992363
8.15719,0.003279,0.00396,0.992127
8.15918,0.003449,0.00396,0.99198
8.16118,0.003449,0.00396,0.991759
8.16319,0.008188,0.00396,0.991463
8.16519,0.008188,0.00396,0.991234
8.16719,0.008188,0.00396,0.990974
8.16918,0.008188,0.00396,0.990713
8.1716,0.022656,0.00396,0.990373
8.17319,0.022656,0.00396,0.990046
8.17519,0.022656,0.00396,0.989857
8.17719,0.004384,0.00396,0.989591
8.17919,0.023052,0.00396,0.989209
8.18119,0.006873,0.00396,0.98898
8.18319,0.004672,0.00396,0.988678
8.18519,0.004672,0.00396,0.988415
8.18719,0.021295,0.00396,0.988052
8.18919,0.021295,0.00396,0.987841
8.19119,0.000408,0.00396,0.987599
8.19319,0.035535,0.00396,0.987368
8.19519,0.035535,0.00396,0.987226
8.19719,0.038537,0.00396,0.986998
8.19919,0.038537,0.00396,0.986864
8.20119,0.038537,0.00396,0.986796
8.20319,0.038537,0.00396,0.986593
8.20519,0.038537,0.00396,0.986424
8.20719,0.007659,0.00396,0.986333
8.20919,0.007659,0.00396,0.986183
8.21119,0.007659,0.00396,0.986084
8.21319,0.007659,0.00396,0.985943
8.21519,0.007659,0.00396,0.985949
8.21719,0.007659,0.00396,0.98575
8.2192,0.030834,0.00396,0.985671
8.2212,0.043531,0.00396,0.985517
8.2232,0.043531,0.00396,0.985508
8.2252,0.030806,0.00396,0.985365
8.2272,0.030806,0.00396,0.985298
8.2292,0.02203,0.00396,0.985258
8.2312,0.034362,0.00396,0.985215
8.2332,0.034362,0.00396,0.985175
8.2352,0.00539,0.00396,0.985145
8.2372,0.00539,0.00396,0.985215
8.23961,0.016818,0.00396,0.985288
8.2412,0.016818,0.00396,0.985287
8.2432,0.016818,0.00396,0.985311
8.2452,0.016818,0.00396,0.985383
8.2472,0.056017,0.00396,0.985422
8.2492,0.027493,0.00396,0.985518
8.2512,0.027493,0.00396,0.985579
8.2532,0.027493,0.00396,0.985763
8.2552,0.026385,0.00396,0.985864
8.2572,0.04074,0.00396,0.986004
8.2592,0.04074,0.00396,0.986181
8.2612,0.001896,0.00396,0.986222
8.2632,0.029458,0.00396,0.986401
8.2652,0.029458,0.00396,0.986573
8.2672,0.029458,0.00396,0.986707
8.2692,0.006324,0.00396,0.986817
8.2712,0.006324,0.00396,0.98698
8.27362,0.006324,0.00396,0.987191
8.2752,0.006324,0.00396,0.987372
8.2772,0.023119,0.00396,0.987552
8.2792,0.023119,0.00396,0.987698
8.2812,0.015783,0.00396,0.987863
8.28321,0.015783,0.00396,0.987997
8.28521,0.015783,0.00396,0.98818
8.28721,0.020933,0.00396,0.988418
8.28921,0.020933,0.00396,0.988497
8.29121,0.020933,0.00396,0.988804
8.29321,0.01116,0.00396,0.988927
8.29521,0.01116,0.00396,0.989025
8.29721,0.01116,0.00396,0.989195
8.29921,0.011047,0.00396,0.989397
8.30121,0.042701,0.00396,0.989592
8.30321,0.042701,0.00396,0.989752
8.30521,0.016666,0.00396,0.989912
8.30721,0.020219,0.00396,0.990105
8.30921,0.020219,0.00396,0.990249
8.31121,0.020219,0.00396,0.990499
8.31321,0.02783,0.00396,0.990796
8.31521,0.00165,0.00396,0.990998
8.31663,0.00165,0.00396,0.991235
8.31821,0.003014,0.00396,0.991469
8.32021,0.003014,0.00396,0.991653
8.32221,0.003014,0.00396,0.991901
8.32405,0.020449,0.00396,0.992099
8.32521,0.020449,0.00396,0.992258
8.32721,0.006874,0.00396,0.992419
8.32921,0.005057,0.00396,0.992681
8.33121,0.005057,0.00396,0.992803
8.33263,0.005057,0.00396,0.99309
8.33421,0.005057,0.00396,0.993232
8.33621,0.019812,0.00396,0.993345
8.33821,0.019812,0.00396,0.993594
8.34064,0.019812,0.00396,0.993711
8.34221,0.001708,0.00396,0.994085
8.34421,0.014127,0.00396,0.994065
8.34622,0.014127,0.00396,0.994198
8.34805,0.001889,0.00396,0.994413
8.35021,0.013894,0.00396,0.994464
8.35222,0.013894,0.00396,0.994635
8.35422,0.013894,0.00396,0.994926
8.35605,0.013894,0.00396,0.995042
8.35763,0.012087,0.00396,0.995147
8.35922,0.004817,0.00396,0.995341
8.36122,0.016482,0.00396,0.99546
8.36322,0.004673,0.00396,0.99572
8.36522,0.004673,0.00396,0.995797
8.36722,0.004673,0.00396,0.99607
8.36922,0.010607,0.00396,0.996271
8.37122,0.017451,0.00396,0.996478
8.37363,0.000368,0.00396,0.996632
8.37522,0.000368,0.00396,0.996913
8.37722,0.003677,0.00396,0.997087
8.37922,0.016063,0.00396,0.997344
8.38122,0.016063,0.00396,0.997548
8.38322,0.016063,0.00396,0.997792
8.38522,0.002972,0.00396,0.99797
8.38722,0.011342,0.00396,0.99812
8.38922,0.011342,0.00396,0.998409
8.39122,0.011342,0.00396,0.998669
8.39322,0.00098,0.00396,0.998843
8.39522,0.009067,0.00396,0.999109
8.39722,0.009067,0.00396,0.999235
8.39922,0.009067,0.00396,0.999524
8.40122,0.009067,0.00396,0.99977
8.40323,0.001369,0.00672,1.00011
8.40523,0.01274,0.0159,1.00027
8.40723,0.026324,0.0279,1.00047
8.40964,0.052079,0.0426,1.00071
8.41164,0.091517,0.05382,1.0009
8.41422,0.121544,0.06168,1.00103
8.41623,0.161597,0.06366,1.00106
8.41823,0.186951,0.05796,1.00097
8.42007,0.175355,0.05604,1.00093
8.42223,0.177668,0.05448,1.00091
8.42423,0.179979,0.05376,1.0009
8.42623,0.17988,0.05748,1.00096
8.42807,0.17555,0.05898,1.00098
8.43023,0.180239,0.06768,1.00113
8.43223,0.201613,0.07932,1.00132
8.43423,0.213818,0.09228,1.00154
8.43607,0.247191,0.10002,1.00167
8.43823,0.2761,0.10338,1.00172
8.44023,0.293319,0.10602,1.00177
8.44223,0.304139,0.10428,1.00174
8.44422,0.31377,0.10506,1.00175
8.44623,0.314458,0.0996,1.00166
8.44823,0.315892,0.09714,1.00162
8.45023,0.309874,0.0942,1.00157
8.45207,0.296891,0.09486,1.00158
8.45423,0.294579,0.1032,1.00172
8.45623,0.306807,0.11226,1.00187
8.45823,0.317768,0.11862,1.00198
8.46007,0.347422,0.13014,1.00217
8.46223,0.374274,0.13812,1.0023
8.46424,0.389225,0.1446,1.00241
8.46624,0.418233,0.1467,1.00245
8.46807,0.435034,0.14802,1.00247
8.47023,0.436335,0.14514,1.00242
8.47224,0.447831,0.13866,1.00231
8.47424,0.435228,0.14196,1.00237
8.47607,0.430673,0.13686,1.00228
8.47823,0.429211,0.14112,1.00235
8.48065,0.429022,0.15126,1.00252
8.48265,0.44564,0.15834,1.00264
8.48466,0.457871,0.17472,1.00291
8.48665,0.4913,0.18972,1.00316
8.48865,0.532338,0.20742,1.00346
8.49065,0.57329,0.2088,1.00348
8.49266,0.601592,0.2121,1.00354
8.49524,0.622499,0.2076,1.00346
8.49724,0.634624,0.19962,1.00333
8.49924,0.620792,0.19176,1.0032
8.50124,0.609864,0.18852,1.00314
8.50324,0.59814,0.18702,1.00312
8.50524,0.579468,0.19812,1.0033
8.50724,0.601214,0.20658,1.00344
8.50924,0.617392,0.21858,1.00364
8.51124,0.644266,0.23448,1.00391
8.51324,0.671001,0.25062,1.00418
8.51566,0.72529,0.26412,1.0044
8.51767,0.744779,0.27108,1.00452
8.51966,0.77223,0.2685,1.00448
8.52166,0.796342,0.26298,1.00438
8.52366,0.798378,0.2511,1.00419
8.52624,0.780245,0.2322,1.00387
8.52824,0.744744,0.22578,1.00376
8.53025,0.715127,0.2253,1.00375
8.53208,0.710066,0.23694,1.00395
8.53425,0.716088,0.25026,1.00417
8.53624,0.737182,0.2676,1.00446
8.53824,0.779537,0.28716,1.00479
8.54008,0.811615,0.30612,1.0051
8.54224,0.877788,0.3057,1.0051
8.54425,0.894876,0.30852,1.00514
8.54625,0.916586,0.30624,1.0051
8.54808,0.93374,0.29472,1.00491
8.55025,0.899829,0.27666,1.00461
8.55225,0.875533,0.26988,1.0045
8.55425,0.864777,0.26472,1.00441
8.55609,0.833918,0.27198,1.00453
8.55825,0.844879,0.291,1.00485
8.56025,0.859191,0.30024,1.005
8.56225,0.886849,0.31872,1.00531
8.56409,0.923678,0.33486,1.00558
8.56625,0.974376,0.34896,1.00582
8.56825,1.01237,0.35916,1.00599
8.57024,1.04314,0.35616,1.00594
8.57209,1.06002,0.34314,1.00572
8.57425,1.05636,0.33456,1.00558
8.57625,1.03203,0.32292,1.00538
8.57825,1.00541,0.31872,1.00531
8.58009,0.999372,0.31446,1.00524
8.58226,0.978562,0.31626,1.00527
8.58425,0.967161,0.32946,1.00549
8.58666,0.996146,0.35244,1.00587
8.58867,1.02806,0.36972,1.00616
8.59126,1.07235,0.38712,1.00645
8.59326,1.11668,0.39312,1.00655
8.59526,1.14936,0.40044,1.00667
8.59726,1.18074,0.38568,1.00643
8.59926,1.18199,0.37326,1.00622
8.60126,1.14602,0.35628,1.00594
8.60325,1.12166,0.34404,1.00573
8.60525,1.09382,0.33888,1.00565
8.60726,1.07261,0.33822,1.00564
8.60926,1.05736,0.34362,1.00573
8.61126,1.04536,0.3558,1.00593
8.61326,1.05305,0.3786,1.00631
8.61526,1.11202,0.39924,1.00665
8.61726,1.14852,0.41358,1.00689
8.61926,1.16378,0.41544,1.00692
8.62167,1.21619,0.42276,1.00705
8.62325,1.25329,0.40518,1.00675
8.62526,1.23834,0.39294,1.00655
8.62726,1.21144,0.37596,1.00627
8.62926,1.18262,0.3588,1.00598
8.63126,1.13759,0.34788,1.0058
8.63326,1.09749,0.35094,1.00585
8.63526,1.0959,0.36024,1.006
8.63726,1.08465,0.37416,1.00624
8.63926,1.10042,0.39516,1.00659
8.64126,1.15273,0.40836,1.00681
8.64326,1.18471,0.41856,1.00698
8.64526,1.21279,0.4149,1.00692
8.64726,1.23686,0.40908,1.00682
8.64926,1.24444,0.39876,1.00665
8.65126,1.21612,0.37692,1.00628
8.65326,1.18724,0.35892,1.00598
8.65526,1.14783,0.35202,1.00587
8.65768,1.09434,0.35142,1.00586
8.65968,1.09261,0.35976,1.006
8.66168,1.08451,0.3756,1.00626
8.66368,1.09673,0.39132,1.00652
8.66567,1.1444,0.4044,1.00674
8.66768,1.16457,0.40776,1.0068
8.66968,1.20872,0.41382,1.0069
8.67168,1.2134,0.402,1.0067
8.67367,1.21786,0.39348,1.00656
8.67568,1.1963,0.3705,1.00618
8.67768,1.14896,0.3594,1.00599
8.67968,1.13678,0.3465,1.00578
8.68168,1.09477,0.33984,1.00566
8.68368,1.06272,0.34674,1.00578
8.68568,1.05072,0.35334,1.00589
8.68768,1.05984,0.35796,1.00597
8.68968,1.06625,0.37542,1.00626
8.69211,1.10451,0.37446,1.00624
8.69427,1.10077,0.3717,1.0062
8.69627,1.11654,0.35598,1.00593
8.69827,1.08637,0.34548,1.00576
8.70011,1.06337,0.32352,1.00539
8.70227,1.02281,0.3117,1.0052
8.70427,0.980997,0.29352,1.00489
8.70627,0.930549,0.28806,1.0048
8.70811,0.899903,0.28332,1.00472
8.71027,0.877266,0.28662,1.00478
8.71227,0.869402,0.28758,1.00479
8.71427,0.863162,0.28896,1.00482
8.71611,0.862231,0.28638,1.00477
8.71827,0.854215,0.27942,1.00466
8.72027,0.839253,0.27096,1.00452
8.72227,0.806537,0.25116,1.00419
8.72411,0.777656,0.22656,1.00378
8.72669,0.719436,0.19872,1.00331
8.72869,0.660852,0.16674,1.00278
8.73069,0.58093,0.13338,1.00222
8.7327,0.483955,0.11328,1.00189
8.73527,0.405738,0.0888,1.00148
8.73728,0.330997,0.09018,1.0015
8.73928,0.304349,0.0843,1.00141
8.74128,0.271833,0.0909,1.00152
8.74328,0.264263,0.08904,1.00148
8.74528,0.25916,0.09246,1.00154
8.74728,0.250135,0.08454,1.00141
8.74928,0.240313,0.07518,1.00125
8.75128,0.221672,0.04998,1.00083
8.75328,0.170225,0.02352,1.00039
8.75528,0.124544,0.02352,0.999764
8.75728,0.077661,0.02352,0.999428
8.75928,0.02069,0.02352,0.998965
8.76168,0.034293,0.02352,0.99869
8.76328,0.00206,0.02352,0.998383
8.76528,0.00206,0.02352,0.998345
8.76728,0.00206,0.02352,0.997999
8.76928,0.004159,0.02352,0.997869
8.77128,0.004159,0.02352,0.997629
8.77328,0.004159,0.02352,0.99738
8.77528,0.004159,0.02352,0.997081
8.77728,0.004159,0.02352,0.996751
8.77928,0.004159,0.02352,0.996407
8.78128,0.011139,0.02352,0.996064
8.78328,0.011139,0.02352,0.995682
8.78528,0.011139,0.02352,0.995236
8.78728,0.005455,0.02352,0.994822
8.78928,0.013484,0.02352,0.994378
8.79128,0.013484,0.02352,0.993928
8.79328,0.006778,0.02352,0.993401
8.7957,0.006778,0.02352,0.993044
8.79828,0.031449,0.02352,0.992425
8.80028,0.031449,0.02352,0.991839
8.80228,0.031449,0.02352,0.991485
8.80412,0.018258,0.02352,0.990963
8.80628,0.009434,0.02352,0.990643
8.80828,0.009434,0.02352,0.990044
8.81028,0.000938,0.02352,0.989547
8.81212,0.008105,0.02352,0.989099
8.81428,0.008105,0.02352,0.988531
8.81629,0.008105,0.02352,0.987821
8.81828,0.008105,0.02352,0.987246
8.82012,0.02545,0.02352,0.986636
8.8217,0.02545,0.02352,0.986092
8.82329,0.02545,0.02352,0.985562
8.82529,0.013191,0.02352,0.98498
8.82729,0.013191,0.02352,0.984311
8.82928,0.020971,0.02352,0.983604
8.83129,0.036444,0.02352,0.982713
8.83329,0.036444,0.02352,0.982093
8.83529,0.036444,0.02352,0.981189
8.83729,0.000604,0.02352,0.980309
8.83929,0.016954,0.02352,0.979456
8.84129,0.016954,0.02352,0.978637
8.84329,0.016954,0.02352,0.97782
8.84529,0.016954,0.02352,0.976928
8.84729,0.021123,0.02352,0.976104
8.84929,0.021123,0.02352,0.975191
8.85129,0.021123,0.02352,0.974116
8.85329,0.021123,0.02352,0.973254
8.85529,0.021123,0.02352,0.972401
8.85729,0.021123,0.02352,0.971576
8.85929,0.000552,0.02352,0.970589
8.86129,0.003897,0.02352,0.9698
8.86371,0.005285,0.02352,0.968839
8.86529,0.000835,0.02352,0.967894
8.86729,0.001115,0.02352,0.967164
8.86929,0.001115,0.02352,0.966355
8.87129,0.010708,0.02352,0.965633
8.87329,0.005731,0.02352,0.964731
8.87529,0.000826,0.02352,0.964011
8.87729,0.000826,0.02352,0.963246
8.87929,0.021224,0.02352,0.962567
8.88129,0.013936,0.02352,0.961766
8.8833,0.013936,0.02352,0.961124
8.8853,0.013936,0.02352,0.960468
8.8873,0.01461,0.02352,0.959838
8.8893,0.01461,0.02352,0.959173
8.8913,0.01461,0.02352,0.958466
8.8933,0.01461,0.02352,0.957897
8.89571,0.02197,0.02352,0.957287
8.8973,0.038224,0.02352,0.956608
8.8993,0.038224,0.02352,0.956246
8.9013,0.038224,0.02352,0.955531
8.9033,0.034507,0.02352,0.955177
8.9053,0.008001,0.02352,0.954699
8.9073,0.008001,0.02352,0.954238
8.9093,0.008001,0.02352,0.953786
8.9113,0.019852,0.02352,0.95329
8.9133,0.000917,0.02352,0.952802
8.9153,0.000917,0.02352,0.952512
8.9173,0.000917,0.02352,0.952044
8.9193,0.009716,0.02352,0.951567
8.9213,0.000393,0.02352,0.951269
8.9233,0.000393,0.02352,0.950843
8.9253,0.012399,0.02352,0.950541
8.9273,0.012399,0.02352,0.950224
8.92971,0.012399,0.02352,0.949988
8.9313,0.019191,0.02352,0.949699
8.9333,0.020105,0.02352,0.949498
8.9353,0.020105,0.02352,0.94919
8.9373,0.002022,0.02352,0.948982
8.9393,0.003773,0.02352,0.948736
8.9413,0.023518,0.02352,0.948484
8.9433,0.023518,0.02352,0.94828
8.9453,0.022974,0.02352,0.948039
8.94731,0.023356,0.02352,0.947721
8.94931,0.023356,0.02352,0.947586
8.95131,0.023356,0.02352,0.947323
8.9533,0.035272,0.02352,0.947194
8.95531,0.035272,0.02352,0.946813
8.9573,0.035272,0.02352,0.946675
8.95931,0.027187,0.02352,0.946571
8.96131,0.027187,0.02352,0.946401
8.96372,0.01912,0.02352,0.946276
8.9653,0.006888,0.02352,0.946215
8.96731,0.014966,0.02352,0.946235
8.96931,0.010534,0.02352,0.946188
8.97131,0.010534,0.02352,0.946036
8.97331,0.010534,0.02352,0.946098
8.97531,0.022399,0.02352,0.946163
8.97731,0.022399,0.02352,0.946088
8.97931,0.020197,0.02352,0.946197
8.98131,0.015025,0.02352,0.94624
8.98331,0.006634,0.02352,0.94626
8.98531,0.006634,0.02352,0.946307
8.98731,0.031076,0.02352,0.946307
8.98931,0.035035,0.02352,0.946456
8.99131,0.011305,0.02352,0.946458
8.99331,0.011305,0.02352,0.946711
8.99531,0.027499,0.02352,0.946813
8.99773,0.007383,0.02352,0.947039
8.99931,0.007383,0.02352,0.947387
9.00131,0.007383,0.02352,0.947596
9.00331,0.051762,0.02352,0.947954
9.00531,0.011664,0.02352,0.948249
9.00731,0.007399,0.02352,0.948588
9.00931,0.007399,0.02352,0.949088
9.01131,0.028373,0.02352,0.94954
9.01331,0.036151,0.02352,0.950162
9.01532,0.036151,0.02352,0.950709
9.01732,0.036151,0.02352,0.951387
9.01932,0.000647,0.02352,0.95197
9.02132,0.00847,0.02352,0.952731
9.02332,0.00847,0.02352,0.953309
9.02531,0.00847,0.02352,0.953991
9.02732,0.031497,0.02352,0.954707
9.02932,0.006672,0.02352,0.955462
9.03132,0.008848,0.02352,0.956141
9.03332,0.008322,0.02352,0.95689
9.03532,0.00784,0.02352,0.95774
9.03732,0.00784,0.02352,0.958589
9.03932,0.018324,0.02352,0.959452
9.04132,0.000159,0.02352,0.960254
9.04332,0.000159,0.02352,0.961058
9.04532,0.004295,0.02352,0.961895
9.04732,0.0119,0.02352,0.962811
9.04932,0.0119,0.02352,0.963655
9.05132,0.01089,0.02352,0.964607
9.05332,0.00438,0.02352,0.965472
9.05532,0.003138,0.02352,0.966383
9.05732,0.003138,0.02352,0.96725
9.05932,0.003071,0.02352,0.968279
9.06132,0.003071,0.02352,0.969067
9.06332,0.003071,0.02352,0.970047
9.06532,0.007583,0.02352,0.971052
9.06732,0.001694,0.02352,0.971891
9.06932,0.019995,0.02352,0.972884
9.07132,0.019995,0.02352,0.973846
9.07332,0.01767,0.02352,0.974833
9.07532,0.027221,0.02352,0.975814
9.07732,0.026419,0.02352,0.976774
9.07933,0.00192,0.02352,0.977705
9.08132,0.00192,0.02352,0.978636
9.08333,0.00192,0.02352,0.979627
9.08533,0.00192,0.02352,0.98063
9.08733,0.00192,0.02352,0.981528
9.08932,0.00192,0.02352,0.982483
9.09133,0.00192,0.02352,0.98334
9.09332,0.005102,0.02352,0.98422
9.09533,0.054068,0.02352,0.985145
9.09733,0.054068,0.02352,0.986114
9.09933,0.00159,0.02352,0.987062
9.10132,0.00159,0.02352,0.988027
9.10333,0.013349,0.02352,0.989014
9.10533,0.013349,0.02352,0.989897
9.10733,0.002974,0.02352,0.990819
9.10933,0.002589,0.02352,0.991691
9.11133,0.002589,0.02352,0.992762
9.11333,0.022628,0.02352,0.993756
9.11533,0.022628,0.02352,0.994658
9.11733,0.00085,0.02352,0.995576
9.11933,0.006539,0.02352,0.996517
9.12133,0.006539,0.02352,0.997474
9.12333,0.006539,0.02352,0.998403
9.12533,0.007852,0.02352,0.999409
9.12734,0.005552,0.01728,1.00029
9.12934,0.024594,0.0777,1.0013
9.13134,0.121749,0.1317,1.0022
9.13333,0.249402,0.18438,1.00307
9.13534,0.397939,0.21282,1.00355
9.13775,0.519087,0.22842,1.00381
9.13933,0.610043,0.21018,1.0035
9.14134,0.618888,0.18414,1.00307
9.14334,0.577501,0.1635,1.00273
9.14534,0.53659,0.11898,1.00198
9.14734,0.46414,0.09174,1.00153
9.14934,0.395786,0.07818,1.0013
9.15134,0.336789,0.08844,1.00147
9.15334,0.317862,0.12342,1.00206
9.15534,0.363259,0.16848,1.00281
9.15733,0.440162,0.22374,1.00373
9.15934,0.553919,0.28104,1.00468
9.16134,0.689995,0.31686,1.00528
9.16334,0.802666,0.32982,1.0055
9.16534,0.889755,0.32082,1.00535
9.16734,0.932345,0.29166,1.00486
9.16934,0.881136,0.25458,1.00424
9.17176,0.810726,0.20658,1.00344
9.17376,0.736314,0.14022,1.00234
9.17576,0.618124,0.10584,1.00176
9.17776,0.483588,0.09318,1.00155
9.17975,0.41741,0.10578,1.00176
9.18234,0.385931,0.15204,1.00253
9.18434,0.434065,0.2277,1.0038
9.18634,0.558528,0.30654,1.00511
9.18818,0.737063,0.36588,1.0061
9.19034,0.906877,0.4083,1.00681
9.19234,1.0516,0.42498,1.00708
9.19434,1.14393,0.4011,1.00669
9.19617,1.13276,0.35148,1.00586
9.19835,1.06505,0.26952,1.00449
9.20035,0.946013,0.17352,1.00289
9.20234,0.761528,0.09036,1.00151
9.20418,0.57222,0.03306,1.00055
9.20635,0.36106,0.02658,1.00044
9.20834,0.258233,0.07878,1.00131
9.21034,0.290738,0.16944,1.00282
9.21218,0.431098,0.28752,1.00479
9.21435,0.660592,0.41676,1.00695
9.21635,0.927583,0.5,1.00908
9.21834,1.19095,0.5,1.01028
9.22018,1.29376,0.5,1.0104
9.22235,1.33948,0.5,1.00995
9.22435,1.36375,0.5,1.00838
9.22634,1.41562,0.38262,1.00638
9.22818,1.27301,0.22242,1.00371
9.23035,0.943703,0.09078,1.00151
9.23235,0.701951,0.09078,0.999132
9.23434,0.395924,0.09078,0.997861
9.23618,0.279703,0.09078,0.997927
9.23835,0.198959,0.09078,0.998895
9.24035,0.152803,0.07158,1.00119
9.24234,0.166805,0.26286,1.00438
9.24419,0.466962,0.4365,1.00728
9.24635,0.866037,0.5,1.00972
9.24835,1.11203,0.5,1.01163
9.25035,1.27893,0.5,1.01172
9.25218,1.30967,0.5,1.01097
9.25435,1.31358,0.5,1.00967
9.25635,1.38529,0.40386,1.00673
9.25835,1.28317,0.2226,1.00371
9.26019,1.02488,0.01716,1.00029
9.26236,0.512057,0.01716,0.99777
9.26435,0.357956,0.01716,0.995269
9.26635,0.280463,0.01716,0.994941
9.26818,0.190655,0.01716,0.995562
9.27035,0.136529,0.01716,0.996944
9.27235,0.087355,0.01716,0.999358
9.27435,0.038668,0.10938,1.00182
9.27634,0.145624,0.28728,1.00479
9.27936,0.473833,0.49008,1.00817
9.28136,0.901627,0.5,1.00973
9.28336,1.16752,0.5,1.00984
9.28535,1.22968,0.5,1.00865
9.28736,1.27247,0.36738,1.00612
9.28936,1.19877,0.16038,1.00267
9.29136,0.844589,0.16038,0.998691
9.29436,0.34983,0.16038,0.994791
9.29636,0.244259,0.16038,0.991097
9.29836,0.19689,0.16038,0.990003
9.30019,0.154786,0.16038,0.989801
9.30235,0.129308,0.16038,0.990242
9.30436,0.054971,0.16038,0.991382
9.30636,0.028877,0.16038,0.992591
9.30819,0.028877,0.16038,0.993905
9.31036,0.028877,0.16038,0.995135
9.31236,0.028877,0.16038,0.996552
9.31435,0.028877,0.16038,0.997574
9.3162,0.028877,0.16038,0.998368
9.31836,0.028877,0.16038,0.998757
9.32036,0.028877,0.16038,0.998938
9.32236,0.028877,0.16038,0.998539
9.32419,0.028877,0.16038,0.998069
9.32636,0.001462,0.16038,0.997587
9.32836,0.001462,0.16038,0.996781
9.33036,0.001462,0.16038,0.996047
9.33219,0.005074,0.16038,0.995371
9.33436,0.034892,0.16038,0.994714
9.33636,0.034892,0.16038,0.993962
9.33836,0.001142,0.16038,0.99334
9.34019,0.038623,0.16038,0.992794
9.34236,0.038623,0.16038,0.992397
9.34436,0.002511,0.16038,0.991793
9.34636,0.010255,0.16038,0.991362
9.34836,0.010255,0.16038,0.990999
9.35036,0.013249,0.16038,0.990422
9.35237,0.00316,0.16038,0.990091
9.35437,0.00316,0.16038,0.989542
9.3562,0.00316,0.16038,0.988952
9.35836,0.00316,0.16038,0.988441
9.36037,0.037309,0.16038,0.987899
9.36236,0.037309,0.16038,0.987385
9.3642,0.007312,0.16038,0.986887
9.36636,0.030052,0.16038,0.986375
9.36837,0.030052,0.16038,0.985949
9.37037,0.030052,0.16038,0.985557
9.3722,0.021858,0.16038,0.985086
9.37437,0.021858,0.16038,0.984715
9.37637,0.021858,0.16038,0.984195
9.37837,0.021336,0.16038,0.983772
9.38035,0.021336,0.16038,0.983263
9.38337,0.021336,0.16038,0.982621
9.38537,0.021336,0.16038,0.98208
9.38737,0.023999,0.16038,0.98158
9.38937,0.001563,0.16038,0.981143
9.39137,0.001563,0.16038,0.980712
9.39337,0.033988,0.16038,0.980313
9.39537,0.033988,0.16038,0.979898
9.39737,0.011351,0.16038,0.979574
9.39937,0.016948,0.16038,0.979154
9.40137,0.016948,0.16038,0.978839
9.40337,0.016948,0.16038,0.978474
9.40537,0.016948,0.16038,0.978127
9.40737,0.016948,0.16038,0.977842
9.40937,0.016948,0.16038,0.977559
9.41137,0.004905,0.16038,0.977199
9.41337,0.004905,0.16038,0.976934
9.41537,0.000725,0.16038,0.976605
9.41737,0.010088,0.16038,0.976296
9.41938,0.002094,0.16038,0.976015
9.42138,0.002094,0.16038,0.975726
9.42337,0.002094,0.16038,0.975529
9.42538,0.009262,0.16038,0.975366
9.42737,0.012453,0.16038,0.975152
9.42937,0.013936,0.16038,0.975024
9.43137,0.016686,0.16038,0.974883
9.43338,0.013514,0.16038,0.97481
9.43538,0.013514,0.16038,0.974723
9.43738,0.014591,0.16038,0.974705
9.43937,0.026438,0.16038,0.974582
9.44138,0.026438,0.16038,0.974502
9.44338,0.026438,0.16038,0.974426
9.44537,0.026438,0.16038,0.97432
9.44738,0.004268,0.16038,0.974144
9.44979,0.004268,0.16038,0.974131
9.45138,0.015624,0.16038,0.974104
9.45338,0.015624,0.16038,0.974099
9.45538,0.001922,0.16038,0.973997
9.45738,0.00078,0.16038,0.973942
9.45938,0.003055,0.16038,0.973952
9.46138,0.003055,0.16038,0.973946
9.46338,0.000785,0.16038,0.973944
9.46538,0.000785,0.16038,0.973952
9.46738,0.008645,0.16038,0.973962
9.46938,0.008645,0.16038,0.974027
9.47138,0.008645,0.16038,0.974053
9.47338,0.000416,0.16038,0.974169
9.47538,0.005444,0.16038,0.974155
9.47738,0.005444,0.16038,0.974273
9.47938,0.00155,0.16038,0.974313
9.48138,0.008746,0.16038,0.974533
9.48338,0.014539,0.16038,0.974576
9.48538,0.00271,0.16038,0.974718
9.48739,0.00271,0.16038,0.974854
9.48939,0.016555,0.16038,0.975066
9.49139,0.008891,0.16038,0.975287
9.49338,0.017098,0.16038,0.97551
9.49538,0.004307,0.16038,0.975712
9.49739,0.055756,0.16038,0.976087
9.49939,0.055756,0.16038,0.976354
9.50138,0.054868,0.16038,0.976721
9.50339,0.020911,0.16038,0.977036
9.50539,0.004483,0.16038,0.977425
9.50739,0.011142,0.16038,0.977808
9.50938,0.011142,0.16038,0.978241
9.51139,0.004555,0.16038,0.978712
9.51339,0.004555,0.16038,0.979117
9.51539,0.004555,0.16038,0.9797
9.51738,0.004555,0.16038,0.980022
9.51981,0.004555,0.16038,0.980638
9.52139,0.004555,0.16038,0.981239
9.52339,0.015502,0.16038,0.981632
9.52539,0.000596,0.16038,0.982057
9.52739,0.000596,0.16038,0.982517
9.52939,0.028728,0.16038,0.983086
9.53139,0.028728,0.16038,0.983427
9.53339,0.005074,0.16038,0.983938
9.53539,0.032246,0.16038,0.984379
9.53739,0.003998,0.16038,0.984966
9.53939,0.002928,0.16038,0.985345
9.54139,0.002928,0.16038,0.985877
9.54339,0.020464,0.16038,0.986415
9.54539,0.020464,0.16038,0.986954
9.5474,0.020464,0.16038,0.987525
9.54939,0.020464,0.16038,0.988036
9.55139,0.020464,0.16038,0.988507
9.55381,0.020464,0.16038,0.989083
9.5554,0.020464,0.16038,0.989772
9.5574,0.000864,0.16038,0.990189
9.5594,0.000864,0.16038,0.990692
9.5614,0.000864,0.16038,0.991287
9.5634,0.031266,0.16038,0.991781
9.56539,0.031266,0.16038,0.992257
9.56739,0.031266,0.16038,0.992887
9.5694,0.031266,0.16038,0.99351
9.5714,0.017779,0.16038,0.994027
9.57339,0.017779,0.16038,0.994741
9.5754,0.000781,0.16038,0.99527
9.5774,0.000552,0.16038,0.995895
9.5794,0.014043,0.16038,0.996426
9.5814,0.014043,0.16038,0.997011
9.5834,0.014043,0.16038,0.997603
9.5854,0.014043,0.16038,0.998163
9.58782,0.017444,0.16038,0.998845
9.5894,0.017444,0.16038,0.999579
9.59141,0.017444,0.0105,1.00018
9.5934,0.014711,0.05064,1.00084
9.59541,0.083578,0.08232,1.00137
9.5984,0.188171,0.11934,1.00199
9.60041,0.256041,0.15366,1.00256
9.6024,0.359506,0.16476,1.00275
9.60424,0.434112,0.16086,1.00268
9.6064,0.454816,0.15378,1.00256
9.60841,0.465781,0.13884,1.00231
9.6104,0.460098,0.1239,1.00206
9.61224,0.423497,0.10986,1.00183
9.6144,0.381795,0.11412,1.0019
9.61641,0.369406,0.1239,1.00206
9.61841,0.377301,0.13938,1.00232
9.62024,0.389093,0.16068,1.00268
9.62241,0.443939,0.18282,1.00305
9.62483,0.506242,0.19338,1.00322
9.62682,0.539452,0.20598,1.00343
9.62883,0.583337,0.20922,1.00349
9.63141,0.61271,0.21012,1.0035
9.63341,0.628521,0.20046,1.00334
9.63541,0.62227,0.19446,1.00324
9.63741,0.622546,0.19014,1.00317
9.63941,0.59356,0.19464,1.00324
9.64141,0.59233,0.20328,1.00339
9.64341,0.603381,0.21348,1.00356
9.64541,0.62134,0.2283,1.00381
9.64741,0.655546,0.23952,1.00399
9.64941,0.694489,0.2481,1.00414
9.65141,0.704764,0.25764,1.00429
9.65341,0.736952,0.25398,1.00423
9.65541,0.756648,0.25788,1.0043
9.65741,0.773129,0.25074,1.00418
9.65983,0.770953,0.25368,1.00423
9.66183,0.780684,0.24864,1.00414
9.66383,0.776392,0.2532,1.00422
9.66583,0.778438,0.25746,1.00429
9.66783,0.782455,0.26724,1.00445
9.66982,0.791076,0.27246,1.00454
9.67183,0.816784,0.28296,1.00472
9.67383,0.84066,0.29202,1.00487
9.67583,0.856754,0.30132,1.00502
9.67782,0.893957,0.30066,1.00501
9.67983,0.892918,0.29916,1.00499
9.68183,0.908972,0.2925,1.00488
9.68383,0.90023,0.29364,1.00489
9.68582,0.894925,0.28896,1.00482
9.68783,0.895865,0.28806,1.0048
9.68942,0.885592,0.29088,1.00485
9.69142,0.877061,0.29304,1.00488
9.69342,0.866913,0.29904,1.00498
9.69583,0.906142,0.306,1.0051
9.69783,0.90885,0.3099,1.00517
9.69984,0.915717,0.31134,1.00519
9.70184,0.926156,0.30942,1.00516
9.70384,0.927704,0.3036,1.00506
9.70583,0.927663,0.30486,1.00508
9.70784,0.925894,0.29412,1.0049
9.70984,0.908119,0.29226,1.00487
9.71184,0.897477,0.28272,1.00471
9.71383,0.871233,0.28302,1.00472
9.71584,0.858776,0.28908,1.00482
9.71784,0.869267,0.28764,1.00479
9.71984,0.877234,0.29604,1.00493
9.72183,0.882106,0.29088,1.00485
9.72384,0.874552,0.28116,1.00469
9.72584,0.860564,0.27972,1.00466
9.72784,0.8468,0.26874,1.00448
9.73043,0.820387,0.25242,1.00421
9.73226,0.803162,0.2469,1.00412
9.73443,0.767344,0.2412,1.00402
9.73643,0.752989,0.23328,1.00389
9.73842,0.730498,0.23592,1.00393
9.74026,0.713386,0.22236,1.00371
9.74243,0.687767,0.22524,1.00375
9.74443,0.681822,0.21936,1.00366
9.74642,0.673886,0.21462,1.00358
9.74826,0.65681,0.204,1.0034
9.75043,0.631038,0.19896,1.00332
9.75243,0.616058,0.18366,1.00306
9.75442,0.578043,0.17724,1.00295
9.75626,0.556181,0.1689,1.00282
9.75843,0.527457,0.1569,1.00262
9.76043,0.497364,0.15192,1.00253
9.76242,0.488774,0.14874,1.00248
9.76485,0.466942,0.14568,1.00243
9.76685,0.447504,0.14424,1.0024
9.76884,0.445081,0.14226,1.00237
9.77084,0.426993,0.13998,1.00233
9.77285,0.419435,0.13308,1.00222
9.77543,0.414039,0.1242,1.00207
9.77743,0.388615,0.1161,1.00194
9.77943,0.366685,0.1038,1.00173
9.78143,0.346724,0.09594,1.0016
9.78343,0.306128,0.0828,1.00138
9.78543,0.276754,0.07632,1.00127
9.78743,0.256191,0.07236,1.00121
9.78943,0.233488,0.06468,1.00108
9.79144,0.223885,0.06558,1.00109
9.79343,0.189472,0.06348,1.00106
9.79543,0.18921,0.06648,1.00111
9.79743,0.198472,0.05436,1.00091
9.79985,0.168136,0.0534,1.00089
9.80185,0.156032,0.04308,1.00072
9.80385,0.156962,0.03222,1.00054
9.80644,0.102449,0.01398,1.00023
9.80843,0.074948,0.01398,0.999976
9.81043,0.050007,0.01398,0.999816
9.81227,0.006279,0.01398,0.999733
9.81385,0.019316,0.01398,0.999719
9.81544,0.019316,0.01398,0.999612
9.81743,0.019316,0.01398,0.999624
9.81944,0.007376,0.01398,0.999558
9.82144,0.007376,0.01398,0.999329
9.82344,0.007376,0.01398,0.999262
9.82543,0.009087,0.01398,0.999109
9.82743,0.009087,0.01398,0.998777
9.82944,0.010257,0.01398,0.998665
9.83144,0.002662,0.01398,0.998288
9.83344,0.008657,0.01398,0.998154
9.83544,0.008657,0.01398,0.99783
9.83744,0.004347,0.01398,0.997527
9.83944,0.0168,0.01398,0.997305
9.84144,0.0168,0.01398,0.997064
9.84344,0.0168,0.01398,0.996859
9.84544,0.0168,0.01398,0.996574
9.84744,0.0168,0.01398,0.996385
9.84944,0.0168,0.01398,0.996153
9.85144,0.026291,0.01398,0.995894
9.85344,0.004542,0.01398,0.995717
9.85544,0.000932,0.01398,0.9955
9.85744,0.012953,0.01398,0.995245
9.85944,0.012953,0.01398,0.995048
9.86144,0.009278,0.01398,0.994963
9.86344,0.0053,0.01398,0.99472
9.86544,0.0053,0.01398,0.994515
9.86785,0.0053,0.01398,0.994326
9.87044,0.0053,0.01398,0.994126
9.87244,0.013809,0.01398,0.993855
9.87445,0.013809,0.01398,0.993686
9.87628,0.013809,0.01398,0.993504
9.87844,0.01698,0.01398,0.993242
9.88044,0.010771,0.01398,0.992981
9.88245,0.010771,0.01398,0.992799
9.88428,0.010771,0.01398,0.992561
9.88644,0.021313,0.01398,0.992441
9.88845,0.021313,0.01398,0.992139
9.89045,0.021313,0.01398,0.991873
9.89228,0.026949,0.01398,0.991724
9.89344,0.026949,0.01398,0.991383
9.89544,0.018115,0.01398,0.99121
9.89745,0.018115,0.01398,0.990898
9.89944,0.018115,0.01398,0.990599
9.90144,0.025469,0.01398,0.99029
9.90345,0.025469,0.01398,0.990064
9.90545,0.037366,0.01398,0.989611
9.90745,0.019804,0.01398,0.98935
9.90945,0.036301,0.01398,0.989056
9.91145,0.022307,0.01398,0.988675
9.91345,0.022307,0.01398,0.988484
9.91545,0.017782,0.01398,0.988132
9.91745,0.017782,0.01398,0.987953
9.91945,0.009741,0.01398,0.987772
9.92145,0.037415,0.01398,0.987594
9.92345,0.002185,0.01398,0.987394
9.92545,0.023776,0.01398,0.987339
9.92745,0.0255,0.01398,0.987206
9.92945,0.0255,0.01398,0.987143
9.93145,0.008773,0.01398,0.98705
9.93386,0.008773,0.01398,0.987004
9.93545,0.008773,0.01398,0.98685
9.93745,0.008773,0.01398,0.986811
9.93945,0.004373,0.01398,0.986825
9.94145,0.022638,0.01398,0.986746
9.94345,0.025692,0.01398,0.986635
9.94546,0.025692,0.01398,0.986612
9.94745,0.025692,0.01398,0.986497
9.94945,0.025692,0.01398,0.986435
9.95145,0.025692,0.01398,0.986375
9.95346,0.025692,0.01398,0.986237
9.95546,0.005913,0.01398,0.986121
9.95746,0.005913,0.01398,0.985987
9.95945,0.005913,0.01398,0.985899
9.96146,0.005913,0.01398,0.985705
9.96345,0.005913,0.01398,0.985631
9.96546,0.025171,0.01398,0.985478
9.96745,0.025171,0.01398,0.985147
9.96946,0.025171,0.01398,0.984989
9.97146,0.025171,0.01398,0.984731
9.97346,0.025171,0.01398,0.984432
9.97546,0.025171,0.01398,0.984232
9.97746,0.025171,0.01398,0.983978
9.97946,0.029914,0.01398,0.983739
9.98146,0.009381,0.01398,0.983412
9.98346,0.013375,0.01398,0.983182
9.98546,0.013375,0.01398,0.982852
9.98746,0.013375,0.01398,0.982476
9.98946,0.013375,0.01398,0.982203
9.99146,0.013375,0.01398,0.981868
9.99346,0.013375,0.01398,0.98167
9.99546,0.020017,0.01398,0.981416
9.99746,0.009102,0.01398,0.981232
9.99946,0.009102,0.01398,0.981048
10.0015,0.01343,0.01398,0.980903
10.0035,0.01343,0.01398,0.980848
10.0055,0.055004,0.01398,0.980713
10.0075,0.036895,0.01398,0.980561
10.0095,0.036895,0.01398,0.980514
10.0115,0.036895,0.01398,0.980329
10.0135,0.036895,0.01398,0.980287
10.0155,0.003281,0.01398,0.980307
10.0175,0.003281,0.01398,0.980235
10.0195,0.053412,0.01398,0.980151
10.0215,0.053412,0.01398,0.980114
10.0235,0.053412,0.01398,0.980118
10.0255,0.033406,0.01398,0.980044
10.0275,0.01094,0.01398,0.980035
10.0295,0.005566,0.01398,0.980024
10.0315,0.005566,0.01398,0.980069
10.0335,0.034349,0.01398,0.980082
10.0355,0.026707,0.01398,0.980007
10.0375,0.003188,0.01398,0.980141
10.0395,0.002262,0.01398,0.980105
10.0415,0.010933,0.01398,0.980092
10.0435,0.010933,0.01398,0.980163
10.0455,0.018802,0.01398,0.980136
10.0475,0.01997,0.01398,0.980107
10.0495,0.004358,0.01398,0.980145
10.0515,0.004358,0.01398,0.980142
10.0535,0.012307,0.01398,0.980072
10.0555,0.026713,0.01398,0.980037
10.0575,0.0278,0.01398,0.980174
10.0595,0.0278,0.01398,0.980221
10.0615,9.7e-05,0.01398,0.980221
10.0635,0.003397,0.01398,0.980242
10.0655,0.034658,0.01398,0.980254
10.0675,0.034658,0.01398,0.980204
10.0695,0.002233,0.01398,0.980365
10.0715,0.02365,0.01398,0.980376
10.0735,0.024785,0.01398,0.980465
10.0755,0.024785,0.01398,0.980502
10.0775,0.007214,0.01398,0.980625
10.0795,0.001213,0.01398,0.980721
10.0815,0.001213,0.01398,0.980801
10.0835,0.001213,0.01398,0.980969
10.0855,0.017849,0.01398,0.981072
10.0875,0.028295,0.01398,0.981299
10.0895,0.028295,0.01398,0.981456
10.0915,0.005427,0.01398,0.981649
10.0935,0.005427,0.01398,0.981892
10.0955,0.022157,0.01398,0.982057
10.0975,0.022157,0.01398,0.982355
10.0995,0.005365,0.01398,0.982553
10.1015,0.025352,0.01398,0.982769
10.1039,0.025352,0.01398,0.983008
10.1055,0.005171,0.01398,0.98338
10.1075,0.025679,0.01398,0.983601
10.1095,0.025679,0.01398,0.983858
10.1115,0.019912,0.01398,0.984166
10.1135,0.014153,0.01398,0.98447
10.1155,0.008348,0.01398,0.984774
10.1175,0.008348,0.01398,0.985145
10.1195,0.008348,0.01398,0.985441
10.1215,0.02123,0.01398,0.985851
10.1235,0.02123,0.01398,0.986171
10.1255,0.02123,0.01398,0.986565
10.1275,0.02123,0.01398,0.986917
10.1295,0.02123,0.01398,0.987208
10.1315,0.02123,0.01398,0.987577
10.1335,0.003794,0.01398,0.98781
10.1355,0.003794,0.01398,0.98816
10.1375,0.003794,0.01398,0.98848
10.1399,0.026886,0.01398,0.988688
10.1425,0.005775,0.01398,0.989015
10.1445,0.005775,0.01398,0.98941
10.1465,0.005775,0.01398,0.989688
10.1483,0.014927,0.01398,0.989923
10.1505,0.014927,0.01398,0.990149
10.1525,0.014927,0.01398,0.990521
10.1545,0.020884,0.01398,0.990892
10.1563,0.020884,0.01398,0.99116
10.1585,0.020884,0.01398,0.991357
10.1605,0.00552,0.01398,0.991732
10.1625,0.00552,0.01398,0.992023
10.1643,0.00552,0.01398,0.992323
10.1665,0.019527,0.01398,0.99252
10.1685,0.019527,0.01398,0.992891
10.1705,0.019527,0.01398,0.993076
10.1723,0.014775,0.01398,0.9934
10.1745,0.014775,0.01398,0.993726
10.1765,0.014775,0.01398,0.99404
10.1785,0.014045,0.01398,0.994224
10.1803,0.014045,0.01398,0.994399
10.1825,0.014045,0.01398,0.994778
10.1845,0.005009,0.01398,0.99491
10.1865,0.005009,0.01398,0.995182
10.1883,0.000804,0.01398,0.995353
10.1905,0.015358,0.01398,0.995519
10.1925,0.015358,0.01398,0.995703
10.1945,0.000544,0.01398,0.99594
10.1963,0.018483,0.01398,0.996244
10.1979,0.021874,0.01398,0.996383
10.1995,0.031202,0.01398,0.996608
10.2015,0.031202,0.01398,0.996799
10.2035,0.031202,0.01398,0.997116
10.2055,0.001958,0.01398,0.997352
10.2079,0.001958,0.01398,0.99761
10.2095,0.001958,0.01398,0.99784
10.2115,0.016322,0.01398,0.998014
10.2135,0.016322,0.01398,0.998327
10.2155,0.016322,0.01398,0.998523
10.2175,0.009862,0.01398,0.998779
10.2195,0.009862,0.01398,0.99903
10.2215,0.009862,0.01398,0.999258
10.2235,0.008481,0.01398,0.999393
10.2255,0.008481,0.01398,0.999519
10.2275,0.008481,0.01398,0.999791
10.2295,0.006163,0.01398,0.999891
10.2315,0.006163,0.01398,0.999995
10.2335,0.006163,0.00522,1.00009
10.2355,0.013641,0.01878,1.00031
10.2375,0.026116,0.02946,1.00049
10.2395,0.06373,0.03864,1.00064
10.2415,0.091301,0.03996,1.00067
10.2439,0.102328,0.03966,1.00066
10.2459,0.117143,0.04488,1.00075
10.2479,0.131411,0.0408,1.00068
10.2499,0.128834,0.039,1.00065
10.2519,0.129174,0.03822,1.00064
10.2539,0.119088,0.0429,1.00072
10.2559,0.119527,0.0429,1.00072
10.2579,0.140433,0.04974,1.00083
10.2599,0.133635,0.04836,1.00081
10.2619,0.147232,0.05286,1.00088
10.2639,0.148088,0.0606,1.00101
10.2659,0.169152,0.05874,1.00098
10.2679,0.186919,0.05994,1.001
10.2699,0.179991,0.06078,1.00101
10.2719,0.19369,0.06672,1.00111
10.2745,0.195472,0.06372,1.00106
10.2763,0.200655,0.06756,1.00113
10.2789,0.196907,0.07176,1.0012
10.2815,0.204533,0.0735,1.00123
10.2835,0.221735,0.0747,1.00125
10.2855,0.219048,0.08454,1.00141
10.2875,0.234172,0.08358,1.00139
10.2895,0.254647,0.0819,1.00137
10.2915,0.241088,0.08448,1.00141
10.2935,0.25621,0.08748,1.00146
10.2955,0.259256,0.08334,1.00139
10.2975,0.263115,0.09066,1.00151
10.2995,0.265423,0.09864,1.00164
10.3015,0.279861,0.09828,1.00164
10.3035,0.296845,0.09954,1.00166
10.3055,0.302775,0.10692,1.00178
10.3075,0.312351,0.11304,1.00188
10.3095,0.324053,0.11118,1.00185
10.3115,0.331806,0.11412,1.0019
10.3135,0.333052,0.11142,1.00186
10.3159,0.338049,0.11814,1.00197
10.3179,0.350399,0.1212,1.00202
10.3199,0.362302,0.11628,1.00194
10.3219,0.353837,0.1173,1.00196
10.3239,0.3609,0.12072,1.00201
10.3259,0.362175,0.11892,1.00198
10.3279,0.350399,0.12732,1.00212
10.3299,0.380888,0.12828,1.00214
10.3319,0.380737,0.12678,1.00211
10.3339,0.386233,0.12534,1.00209
10.3359,0.38628,0.1314,1.00219
10.3379,0.389873,0.12408,1.00207
10.3399,0.393488,0.12666,1.00211
10.3419,0.387266,0.1326,1.00221
10.3439,0.390812,0.12714,1.00212
10.3459,0.396997,0.12996,1.00217
10.3479,0.393104,0.12936,1.00216
10.3505,0.392743,0.12972,1.00216
10.3525,0.398267,0.13338,1.00222
10.3545,0.388921,0.13026,1.00217
10.3564,0.38994,0.13188,1.0022
10.3585,0.399034,0.12954,1.00216
10.3605,0.388072,0.12912,1.00215
10.3625,0.392701,0.13044,1.00217
10.3644,0.397211,0.13146,1.00219
10.3665,0.39464,0.13596,1.00227
10.3685,0.397351,0.13392,1.00223
10.3705,0.410048,0.14232,1.00237
10.3724,0.414928,0.14076,1.00235
10.3745,0.417849,0.13836,1.00231
10.3765,0.42192,0.14292,1.00238
10.3785,0.423022,0.14232,1.00237
10.3804,0.421541,0.14562,1.00243
10.3825,0.44352,0.1458,1.00243
10.3845,0.438321,0.1473,1.00246
10.3869,0.442307,0.15552,1.00259
10.3889,0.453845,0.15078,1.00251
10.3909,0.457845,0.1575,1.00263
10.3929,0.469414,0.15744,1.00262
10.3949,0.469466,0.16314,1.00272
10.3969,0.49059,0.1632,1.00272
10.3995,0.485679,0.16296,1.00272
10.4015,0.488317,0.16488,1.00275
10.4035,0.495984,0.168,1.0028
10.4055,0.500028,0.17136,1.00286
10.4075,0.512057,0.16698,1.00278
10.4095,0.513081,0.17244,1.00287
10.4115,0.514743,0.17052,1.00284
10.4135,0.519612,0.17718,1.00295
10.4155,0.523567,0.1746,1.00291
10.4175,0.521546,0.18024,1.003
10.4195,0.52933,0.17616,1.00294
10.4219,0.543413,0.1779,1.00297
10.4239,0.535182,0.17814,1.00297
10.4259,0.540183,0.17376,1.0029
10.4279,0.533365,0.17724,1.00295
10.4299,0.532038,0.17412,1.0029
10.4319,0.536924,0.17448,1.00291
10.4335,0.53234,0.1758,1.00293
10.4355,0.532989,0.17652,1.00294
10.4375,0.532145,0.17736,1.00296
10.4395,0.533717,0.1755,1.00293
10.4415,0.527768,0.18018,1.003
10.4435,0.542878,0.18408,1.00307
10.4455,0.547514,0.18438,1.00307
10.4475,0.555047,0.1746,1.00291
10.4495,0.545837,0.1806,1.00301
10.4515,0.54309,0.18072,1.00301
10.4535,0.550532,0.17988,1.003
10.4555,0.545908,0.1824,1.00304
10.4579,0.549118,0.18594,1.0031
10.4599,0.556007,0.18348,1.00306
10.4619,0.556673,0.18414,1.00307
10.4639,0.556646,0.18786,1.00313
10.4659,0.55819,0.1893,1.00316
10.4675,0.570284,0.18942,1.00316
10.4695,0.568915,0.19398,1.00323
10.4715,0.576916,0.19476,1.00325
10.4735,0.585024,0.19908,1.00332
10.4755,0.592183,0.20286,1.00338
10.4775,0.606176,0.19902,1.00332
10.4795,0.604854,0.20898,1.00348
10.4815,0.619967,0.20538,1.00342
10.4835,0.617227,0.2103,1.00351
10.4855,0.630477,0.21624,1.0036
10.4875,0.63757,0.21516,1.00359
10.4895,0.636256,0.22482,1.00375
10.492,0.666682,0.228,1.0038
10.494,0.6848,0.22596,1.00377
10.496,0.683623,0.2397,1.004
10.498,0.69257,0.23778,1.00396
10.4999,0.712906,0.24582,1.0041
10.502,0.730486,0.24372,1.00406
10.504,0.726353,0.24096,1.00402
10.506,0.731523,0.24306,1.00405
10.5079,0.732761,0.24366,1.00406
10.5105,0.73815,0.24372,1.00406
10.5125,0.739144,0.24138,1.00402
10.5145,0.730497,0.24246,1.00404
10.5164,0.72935,0.24444,1.00407
10.5185,0.728223,0.24672,1.00411
10.5205,0.748488,0.2448,1.00408
10.5225,0.737239,0.24564,1.00409
10.5244,0.740563,0.24624,1.0041
10.5265,0.746253,0.2424,1.00404
10.529,0.735888,0.24408,1.00407
10.531,0.734949,0.24636,1.00411
10.533,0.739287,0.24792,1.00413
10.535,0.748739,0.25266,1.00421
10.537,0.753993,0.25152,1.00419
10.539,0.759214,0.25026,1.00417
10.541,0.75769,0.2517,1.0042
10.5435,0.757401,0.24894,1.00415
10.5455,0.761058,0.26172,1.00436
10.5475,0.769693,0.25866,1.00431
10.5495,0.784696,0.25998,1.00433
10.5515,0.783059,0.26754,1.00446
10.5535,0.790655,0.27084,1.00451
10.5555,0.817461,0.26628,1.00444
10.5575,0.810997,0.26526,1.00442
10.5595,0.816852,0.26892,1.00448
10.5615,0.812849,0.26778,1.00446
10.564,0.809569,0.26916,1.00449
10.566,0.812401,0.27726,1.00462
10.568,0.830871,0.28242,1.00471
10.57,0.840765,0.2871,1.00479
10.572,0.858839,0.28368,1.00473
10.5745,0.856102,0.28326,1.00472
10.5766,0.858856,0.28614,1.00477
10.5786,0.871705,0.28896,1.00482
10.5804,0.868629,0.29358,1.00489
10.5825,0.872323,0.29526,1.00492
10.5845,0.888098,0.2985,1.00498
10.5866,0.903629,0.29832,1.00497
10.5884,0.906069,0.29868,1.00498
10.5906,0.900213,0.29832,1.00497
10.5926,0.899043,0.29976,1.005
10.5946,0.906391,0.30444,1.00507
10.5964,0.908052,0.30894,1.00515
10.5985,0.923357,0.3033,1.00506
10.601,0.922986,0.30774,1.00513
10.603,0.921833,0.31032,1.00517
10.605,0.940903,0.31494,1.00525
10.6076,0.932911,0.31686,1.00528
10.6096,0.951221,0.31716,1.00529
10.6116,0.96229,0.32232,1.00537
10.6136,0.95871,0.31794,1.0053
10.6156,0.961053,0.31686,1.00528
10.6176,0.963161,0.32238,1.00537
10.6196,0.967894,0.3195,1.00533
10.6216,0.962189,0.31782,1.0053
10.6236,0.961825,0.3228,1.00538
10.6256,0.967156,0.3264,1.00544
10.6276,0.975683,0.31884,1.00531
10.6296,0.972823,0.32592,1.00543
10.6316,0.969047,0.32454,1.00541
10.6336,0.975497,0.3264,1.00544
10.636,0.984093,0.32538,1.00542
10.6386,0.980084,0.32568,1.00543
10.6406,0.989712,0.33228,1.00554
10.6426,0.996012,0.33402,1.00557
10.6444,1.00751,0.33834,1.00564
10.6466,1.01699,0.33384,1.00556
10.6486,0.995607,0.34212,1.0057
10.6506,1.02714,0.34086,1.00568
10.6524,1.03059,0.34248,1.00571
10.6546,1.04541,0.35154,1.00586
10.6566,1.04104,0.34446,1.00574
10.6586,1.0361,0.35052,1.00584
10.6604,1.05124,0.35226,1.00587
10.6626,1.058,0.3525,1.00588
10.6646,1.06673,0.34986,1.00583
10.6666,1.06315,0.35718,1.00595
10.6684,1.06467,0.35646,1.00594
10.6706,1.07892,0.35694,1.00595
10.673,1.0789,0.35688,1.00595
10.675,1.07133,0.36228,1.00604
10.677,1.09053,0.36546,1.00609
10.679,1.10294,0.36954,1.00616
10.681,1.11003,0.36966,1.00616
10.683,1.12504,0.36354,1.00606
10.685,1.11102,0.366,1.0061
10.6876,1.12007,0.36882,1.00615
10.6896,1.11405,0.36966,1.00616
10.6916,1.11163,0.37182,1.0062
10.6936,1.11569,0.36714,1.00612
10.6956,1.11521,0.3696,1.00616
10.6976,1.12167,0.37332,1.00622
10.6996,1.12263,0.37284,1.00621
10.7016,1.12587,0.37518,1.00625
10.7036,1.13351,0.37422,1.00624
10.7056,1.13097,0.3747,1.00625
10.708,1.13048,0.37764,1.00629
10.7103,1.14856,0.37968,1.00633
10.713,1.14553,0.37812,1.0063
10.715,1.14599,0.38406,1.0064
10.717,1.16435,0.3855,1.00643
10.72,1.15699,0.3831,1.00639
10.722,1.16897,0.38718,1.00645
10.724,1.15475,0.3876,1.00646
10.726,1.17718,0.38976,1.0065
10.728,1.16939,0.39516,1.00659
10.73,1.18118,0.3999,1.00667
10.732,1.19715,0.40188,1.0067
10.7346,1.22913,0.40356,1.00673
10.7366,1.22524,0.41022,1.00684
10.7386,1.22934,0.4083,1.00681
10.7404,1.23343,0.41454,1.00691
10.7426,1.25385,0.41604,1.00693
10.7446,1.24964,0.41952,1.00699
10.747,1.26162,0.42138,1.00702
10.749,1.27058,0.4254,1.00709
10.7516,1.27856,0.43014,1.00717
10.7536,1.29001,0.42876,1.00715
10.7556,1.28988,0.43068,1.00718
10.7576,1.30709,0.4401,1.00734
10.7596,1.31119,0.44178,1.00736
10.7616,1.3224,0.44616,1.00744
10.7636,1.35754,0.44436,1.00741
10.7656,1.35316,0.44304,1.00738
10.7676,1.34422,0.44712,1.00745
10.7696,1.33903,0.44742,1.00746
10.7716,1.34428,0.44568,1.00743
10.7736,1.34237,0.44628,1.00744
10.7756,1.33059,0.45402,1.00757
10.7776,1.3699,0.44844,1.00747
10.7796,1.34331,0.45612,1.0076
10.7816,1.35133,0.45894,1.00765
10.784,1.3776,0.44946,1.00749
10.786,1.35976,0.4572,1.00762
10.788,1.3964,0.45678,1.00761
10.79,1.36742,0.459,1.00765
10.792,1.38747,0.456,1.0076
10.794,1.3763,0.46146,1.00769
10.796,1.37413,0.46302,1.00772
10.7986,1.39085,0.4671,1.00779
10.8006,1.41407,0.46824,1.0078
10.8026,1.43053,0.4692,1.00782
10.8044,1.42212,0.4728,1.00788
10.8066,1.39394,0.4746,1.00791
10.8086,1.41013,0.4779,1.00796
10.8106,1.4386,0.47436,1.00791
10.8124,1.43234,0.4779,1.00796
10.8146,1.44869,0.47946,1.00799
10.8166,1.45091,0.48546,1.00809
10.8186,1.47706,0.48432,1.00807
10.8204,1.46215,0.49296,1.00822
10.8226,1.47562,0.4959,1.00827
10.8246,1.47163,0.49806,1.0083
10.8266,1.49653,0.498,1.0083
10.8284,1.48822,0.49752,1.00829
10.8306,1.52463,0.49236,1.00821
10.8326,1.49103,0.49896,1.00832
10.8346,1.50379,0.5,1.00836
10.8364,1.49787,0.5,1.00837
10.8386,1.51824,0.5,1.00834
10.8406,1.50215,0.49932,1.00832
10.8426,1.50284,0.5,1.00839
10.8444,1.50288,0.49854,1.00831
10.8466,1.49789,0.5,1.00841
10.8486,1.49297,0.5,1.00837
10.8506,1.49266,0.5,1.00838
10.8524,1.50922,0.5,1.00845
10.855,1.46251,0.5,1.00849
10.857,1.50714,0.5,1.00859
10.859,1.50634,0.5,1.00864
10.861,1.48836,0.5,1.00858
10.8636,1.51706,0.5,1.00861
10.8656,1.50285,0.5,1.00883
10.8676,1.49972,0.5,1.00883
10.8696,1.52241,0.5,1.00893
10.8716,1.51285,0.5,1.00897
10.8736,1.48994,0.5,1.00902
10.8756,1.50524,0.5,1.00914
10.8776,1.46596,0.5,1.00914
10.8796,1.49053,0.5,1.00927
10.8816,1.49605,0.5,1.00938
10.8836,1.48728,0.5,1.00945
10.8856,1.48386,0.5,1.00945
10.8876,1.49815,0.5,1.00966
10.89,1.50711,0.5,1.00964
10.892,1.5028,0.5,1.00974
10.8936,1.48991,0.5,1.00981
10.8956,1.50285,0.5,1.00984
10.8976,1.48846,0.5,1.00985
10.8996,1.4865,0.5,1.00996
10.9016,1.48268,0.5,1.01
10.9036,1.49673,0.5,1.00997
10.9056,1.51693,0.5,1.01005
10.9076,1.47747,0.5,1.01012
10.9096,1.49026,0.5,1.01013
10.9116,1.49291,0.5,1.01017
10.9136,1.48975,0.5,1.01024
10.9156,1.49653,0.5,1.01022
10.9176,1.5122,0.5,1.0104
10.9196,1.50977,0.5,1.01038
10.9216,1.48239,0.5,1.01049
10.9236,1.47171,0.5,1.01057
10.9256,1.4822,0.5,1.01064
10.9276,1.48499,0.5,1.01071
10.9296,1.50407,0.5,1.01074
10.9316,1.48672,0.5,1.01089
10.9336,1.47894,0.5,1.01097
10.9356,1.4896,0.5,1.0111
10.9376,1.50618,0.5,1.01122
10.9396,1.49341,0.5,1.01133
10.9416,1.51258,0.5,1.01136
10.9436,1.51146,0.5,1.01142
10.9456,1.48845,0.5,1.01152
10.9476,1.50442,0.5,1.01162
10.9496,1.50853,0.5,1.01168
10.9516,1.50323,0.5,1.01175
10.9536,1.53374,0.5,1.01187
10.9556,1.50987,0.5,1.01185
10.9576,1.50085,0.5,1.01196
10.9596,1.52282,0.5,1.01209
10.962,1.49497,0.5,1.01223
10.9636,1.49963,0.5,1.01223
10.9656,1.49499,0.5,1.01233
10.9676,1.48993,0.5,1.01248
10.9696,1.50771,0.5,1.01248
10.9716,1.49838,0.5,1.01255
10.9736,1.52596,0.5,1.01268
10.9756,1.52375,0.5,1.01274
10.9776,1.48415,0.5,1.01289
10.9796,1.50743,0.5,1.01294
10.9816,1.48866,0.5,1.01292
10.9836,1.47951,0.5,1.01306
10.9856,1.47938,0.5,1.0131
10.9876,1.48211,0.5,1.01313
10.9896,1.50396,0.5,1.01323
10.9916,1.48535,0.5,1.01329
10.9936,1.49284,0.5,1.01334
10.996,1.52926,0.5,1.01348
10.998,1.49114,0.5,1.01348
11,1.4886,0.5,1.01353
11.002,1.53769,0.5,1.01349
11.004,1.46113,0.5,1.01352
11.006,1.48949,0.5,1.01374
11.008,1.50793,0.5,1.01366
11.01,1.50592,0.5,1.0137
11.012,1.52864,0.5,1.01376
11.014,1.50276,0.5,1.01388
11.016,1.48134,0.5,1.01382
11.018,1.48536,0.5,1.01391
11.02,1.48537,0.5,1.01388
11.022,1.5033,0.5,1.01393
11.024,1.49748,0.5,1.01392
11.026,1.48192,0.5,1.01392
11.028,1.49532,0.5,1.01392
11.03,1.47796,0.5,1.01396
11.0326,1.50183,0.5,1.0139
11.0346,1.51381,0.5,1.01387
11.0365,1.49911,0.5,1.01396
11.0386,1.53188,0.5,1.01396
11.0406,1.4805,0.5,1.0138
11.0426,1.4983,0.5,1.01389
11.0445,1.5202,0.5,1.01395
11.0466,1.47843,0.5,1.01378
11.0486,1.49239,0.5,1.01383
11.0506,1.51216,0.5,1.01385
11.0525,1.48348,0.5,1.01379
11.0546,1.51937,0.5,1.01388
11.0566,1.50506,0.5,1.01376
11.0586,1.48524,0.5,1.01385
11.0605,1.51616,0.5,1.01385
11.0626,1.52343,0.5,1.01378
11.0646,1.48215,0.5,1.01379
11.067,1.49948,0.5,1.01389
11.069,1.49948,0.5,1.01385
11.0716,1.49006,0.5,1.01384
11.0736,1.48412,0.5,1.01376
11.0756,1.53637,0.5,1.01383
11.0776,1.49136,0.5,1.0137
11.0796,1.48933,0.5,1.01367
11.0816,1.50843,0.5,1.0137
11.0836,1.4861,0.5,1.01358
11.0856,1.50672,0.5,1.01353
11.0876,1.52776,0.5,1.01344
11.0896,1.5077,0.5,1.0134
11.0916,1.50217,0.5,1.01322
11.0936,1.49996,0.5,1.01316
11.0956,1.48994,0.5,1.01311
11.0976,1.5089,0.5,1.01309
11.0996,1.50383,0.5,1.01286
11.1016,1.48995,0.5,1.01291
11.1036,1.48072,0.5,1.01274
11.1056,1.50611,0.5,1.01269
11.1076,1.51125,0.5,1.01252
11.1096,1.48852,0.5,1.01255
11.1116,1.50493,0.5,1.01232
11.1136,1.47203,0.5,1.01218
11.1156,1.49849,0.5,1.01215
11.1176,1.49442,0.5,1.01194
11.1196,1.47953,0.5,1.01185
11.1216,1.49813,0.5,1.01162
11.1236,1.48268,0.5,1.01145
11.1256,1.50416,0.5,1.01128
11.1276,1.49306,0.5,1.01098
11.1296,1.4928,0.5,1.01073
11.1316,1.51432,0.5,1.01047
11.1336,1.48434,0.5,1.01017
11.1356,1.52458,0.5,1.00983
11.1381,1.51763,0.5,1.0095
11.1401,1.49156,0.5,1.00916
11.1421,1.49677,0.5,1.00877
11.1441,1.49319,0.5,1.00834
11.146,1.48385,0.47946,1.00799
11.1481,1.47134,0.45504,1.00758
11.1501,1.43412,0.42756,1.00713
11.1521,1.36966,0.3999,1.00667
11.1541,1.2942,0.39,1.0065
11.1561,1.24578,0.38562,1.00643
11.1581,1.18952,0.39048,1.00651
11.1601,1.1843,0.39954,1.00666
11.1621,1.18836,0.4092,1.00682
11.1641,1.20899,0.42228,1.00704
11.1661,1.24559,0.42636,1.00711
11.1681,1.26136,0.42708,1.00712
11.1701,1.26896,0.42168,1.00703
11.1725,1.28495,0.40578,1.00676
11.1746,1.25407,0.38796,1.00647
11.1766,1.22189,0.38514,1.00642
11.1786,1.18947,0.38214,1.00637
11.1805,1.15914,0.37542,1.00626
11.1826,1.14471,0.37794,1.0063
11.1846,1.12246,0.3831,1.00639
11.1866,1.14552,0.37962,1.00633
11.1885,1.14109,0.37728,1.00629
11.1906,1.12837,0.37044,1.00617
11.1926,1.13079,0.36066,1.00601
11.1946,1.10634,0.34872,1.00581
11.1965,1.08873,0.3324,1.00554
11.1986,1.03604,0.32952,1.00549
11.2006,1.025,0.32088,1.00535
11.2026,0.994872,0.32004,1.00533
11.2045,0.980777,0.31824,1.0053
11.2071,0.961069,0.3186,1.00531
11.2091,0.962304,0.3219,1.00537
11.2111,0.963576,0.31968,1.00533
11.2131,0.956901,0.3174,1.00529
11.2156,0.964824,0.30636,1.00511
11.2176,0.93749,0.29886,1.00498
11.2196,0.914672,0.2937,1.0049
11.2216,0.896244,0.28566,1.00476
11.2236,0.877937,0.279,1.00465
11.2256,0.868879,0.27636,1.00461
11.2276,0.84613,0.27366,1.00456
11.2296,0.837311,0.27402,1.00457
11.2316,0.831289,0.27432,1.00457
11.2336,0.833743,0.26538,1.00442
11.2356,0.808021,0.26466,1.00441
11.2377,0.798672,0.26076,1.00435
11.2397,0.797026,0.25836,1.00431
11.2421,0.783649,0.24876,1.00415
11.2441,0.770057,0.24414,1.00407
11.2461,0.750194,0.23694,1.00395
11.2481,0.735124,0.23784,1.00396
11.2501,0.723308,0.22782,1.0038
11.2521,0.709977,0.22878,1.00381
11.2541,0.692804,0.22098,1.00368
11.2561,0.676076,0.22314,1.00372
11.2581,0.68405,0.22284,1.00371
11.2601,0.673329,0.21858,1.00364
11.2621,0.662925,0.21786,1.00363
11.2641,0.658303,0.21462,1.00358
11.2661,0.652979,0.20598,1.00343
11.2681,0.641956,0.20442,1.00341
11.2701,0.623761,0.1953,1.00326
11.2721,0.608371,0.1929,1.00321
11.2741,0.591512,0.1926,1.00321
11.2765,0.576175,0.18432,1.00307
11.2787,0.563906,0.18414,1.00307
11.2807,0.569947,0.18702,1.00312
11.2827,0.562334,0.18474,1.00308
11.2845,0.562319,0.18378,1.00306
11.2867,0.555167,0.18648,1.00311
11.2887,0.555967,0.18024,1.003
11.2907,0.548802,0.17304,1.00288
11.2925,0.54039,0.17112,1.00285
11.2947,0.519916,0.17184,1.00286
11.2967,0.52645,0.17544,1.00292
11.2987,0.521418,0.17388,1.0029
11.3005,0.530865,0.17208,1.00287
11.3027,0.519719,0.17412,1.0029
11.3047,0.519565,0.16908,1.00282
11.3067,0.518739,0.16248,1.00271
11.3085,0.497556,0.16476,1.00275
11.3107,0.502697,0.15864,1.00264
11.3131,0.484991,0.15288,1.00255
11.3151,0.473246,0.15318,1.00255
11.3171,0.465803,0.14994,1.0025
11.3191,0.449127,0.14652,1.00244
11.3211,0.454365,0.14346,1.00239
11.3231,0.440887,0.14214,1.00237
11.3251,0.435902,0.1395,1.00233
11.3277,0.42314,0.13608,1.00227
11.3297,0.418589,0.1287,1.00215
11.3317,0.397188,0.12594,1.0021
11.3337,0.384142,0.12456,1.00208
11.3357,0.382489,0.1185,1.00198
11.3377,0.364629,0.12054,1.00201
11.3397,0.36269,0.11004,1.00183
11.3417,0.348551,0.10968,1.00183
11.3437,0.32936,0.10704,1.00178
11.3457,0.330416,0.10494,1.00175
11.3481,0.319192,0.09618,1.0016
11.3501,0.293056,0.08952,1.00149
11.3521,0.2819,0.07788,1.0013
11.3541,0.254658,0.07542,1.00126
11.3561,0.235955,0.06486,1.00108
11.3587,0.205974,0.05856,1.00098
11.3607,0.194071,0.0513,1.00086
11.3627,0.162909,0.04254,1.00071
11.3645,0.138226,0.03708,1.00062
11.3667,0.124283,0.02946,1.00049
11.3687,0.100275,0.0237,1.0004
11.3707,0.095782,0.01452,1.00024
11.3725,0.062216,0.01386,1.00023
11.3747,0.058326,0.0081,1.00014
11.3767,0.031499,0.00246,1.00004
11.3787,0.020797,0.00246,0.999967
11.3805,0.005878,0.00246,0.999858
11.3827,0.005878,0.00246,0.99977
11.3847,0.008183,0.00246,0.99971
11.3867,0.008183,0.00246,0.999518
11.3885,0.008183,0.00246,0.999289
11.3907,0.008183,0.00246,0.999158
11.3927,0.008183,0.00246,0.999061
11.3947,0.005598,0.00246,0.998825
11.3965,0.005598,0.00246,0.998621
11.3981,0.005598,0.00246,0.99835
11.4001,0.005598,0.00246,0.998148
11.4021,0.006769,0.00246,0.997857
11.4041,0.006769,0.00246,0.997417
11.4061,0.002442,0.00246,0.997106
11.4081,0.006174,0.00246,0.996763
11.4097,0.006174,0.00246,0.99636
11.4117,0.006174,0.00246,0.996027
11.4137,0.012602,0.00246,0.995619
11.4161,0.012602,0.00246,0.995165
11.4177,0.005654,0.00246,0.994625
11.4197,0.006286,0.00246,0.994249
11.4217,0.006286,0.00246,0.993762
11.4237,0.006286,0.00246,0.99326
11.4257,0.019896,0.00246,0.992897
11.4277,0.002374,0.00246,0.992466
11.4297,0.002374,0.00246,0.991995
11.4317,0.013293,0.00246,0.991612
11.4337,0.013293,0.00246,0.991136
11.4357,0.013293,0.00246,0.990668
11.4377,0.005947,0.00246,0.990209
11.4397,0.005947,0.00246,0.989616
11.4417,0.013065,0.00246,0.989082
11.4437,0.013065,0.00246,0.988641
11.4457,0.013065,0.00246,0.988103
11.4481,0.013065,0.00246,0.987491
11.4501,0.001244,0.00246,0.986822
11.4521,1.4e-05,0.00246,0.986376
11.4541,0.033621,0.00246,0.98577
11.4557,0.033621,0.00246,0.985192
11.4577,0.021876,0.00246,0.984702
11.4597,0.013194,0.00246,0.984136
11.4617,0.013047,0.00246,0.983446
11.4637,0.013047,0.00246,0.982785
11.4657,0.036156,0.00246,0.982092
11.4677,0.036156,0.00246,0.981401
11.4697,0.036156,0.00246,0.98075
11.4717,0.025524,0.00246,0.979978
11.4737,0.025524,0.00246,0.979276
11.4757,0.005291,0.00246,0.978544
11.4777,0.005291,0.00246,0.977994
11.4797,0.005291,0.00246,0.977185
11.4817,0.011683,0.00246,0.976441
11.4837,0.011683,0.00246,0.975861
11.4857,0.030277,0.00246,0.975265
11.4877,0.016229,0.00246,0.974505
11.4897,0.014844,0.00246,0.97397
11.4917,0.002063,0.00246,0.973478
11.4937,0.003089,0.00246,0.972995
11.4957,0.00296,0.00246,0.972512
11.4977,0.013283,0.00246,0.972075
11.4997,0.013283,0.00246,0.971679
11.5017,0.007737,0.00246,0.971186
11.5037,0.010696,0.00246,0.970874
11.5057,0.010696,0.00246,0.970348
11.5077,0.010696,0.00246,0.969993
11.5097,0.003284,0.00246,0.969522
11.5117,0.004864,0.00246,0.969098
11.5137,0.001691,0.00246,0.968759
11.5161,0.003363,0.00246,0.968304
11.5181,0.000141,0.00246,0.967873
11.5197,0.002515,0.00246,0.967397
11.5217,0.002515,0.00246,0.967077
11.5237,0.000436,0.00246,0.966654
11.5257,0.000436,0.00246,0.966189
11.5277,0.000436,0.00246,0.965798
11.5297,0.006139,0.00246,0.96527
11.5317,0.0037,0.00246,0.964903
11.5337,0.013657,0.00246,0.964464
11.5357,0.015288,0.00246,0.964042
11.5377,0.015288,0.00246,0.963669
11.5397,0.013532,0.00246,0.963351
11.5417,0.013532,0.00246,0.963063
11.5437,0.013532,0.00246,0.96272
11.5457,0.010514,0.00246,0.962598
11.5477,0.003302,0.00246,0.962316
11.5507,0.008794,0.00246,0.96233
11.5527,0.006651,0.00246,0.962274
11.5547,0.017409,0.00246,0.962154
11.5565,0.004474,0.00246,0.962129
11.5581,0.008856,0.00246,0.962177
11.5597,0.00428,0.00246,0.962138
11.5617,0.00428,0.00246,0.962209
11.5637,0.01598,0.00246,0.962271
11.5657,0.010648,0.00246,0.962328
11.5677,0.010648,0.00246,0.962355
11.5697,0.006653,0.00246,0.962377
11.5717,0.006653,0.00246,0.96233
11.5737,0.006635,0.00246,0.962421
11.5757,0.011513,0.00246,0.962582
11.5777,0.011513,0.00246,0.962654
11.5797,0.011133,0.00246,0.962718
11.5817,0.011133,0.00246,0.962818
11.5841,0.003422,0.00246,0.963049
11.5857,0.012264,0.00246,0.963193
11.5877,0.017991,0.00246,0.963331
11.5897,0.021266,0.00246,0.963715
11.5917,0.016818,0.00246,0.963962
11.5937,0.011209,0.00246,0.964388
11.5957,0.005739,0.00246,0.964695
11.5977,0.012995,0.00246,0.965093
11.5997,0.010377,0.00246,0.965615
11.6017,0.003587,0.00246,0.966103
11.6037,0.007459,0.00246,0.966631
11.6057,0.007459,0.00246,0.967119
11.6077,0.006807,0.00246,0.967703
11.6097,0.006807,0.00246,0.968264
11.6117,0.006807,0.00246,0.968891
11.6137,0.006807,0.00246,0.969355
11.6157,0.006807,0.00246,0.969851
11.6177,0.017695,0.00246,0.970297
11.6201,0.017695,0.00246,0.970637
11.6221,0.008126,0.00246,0.971232
11.6237,0.007992,0.00246,0.971497
11.6257,0.000477,0.00246,0.971886
11.6277,0.000477,0.00246,0.972144
11.6297,0.007017,0.00246,0.972543
11.6317,0.007066,0.00246,0.972811
11.6337,0.014602,0.00246,0.973219
11.6357,0.002951,0.00246,0.973534
11.6377,0.002951,0.00246,0.973832
11.6397,0.012133,0.00246,0.974212
11.6417,0.012133,0.00246,0.97451
11.6437,0.012133,0.00246,0.974866
11.6457,0.012133,0.00246,0.975225
11.6477,0.012133,0.00246,0.975417
11.6497,0.012133,0.00246,0.975736
11.6517,0.002363,0.00246,0.976108
11.6541,0.002363,0.00246,0.976355
11.6557,0.002098,0.00246,0.976777
11.6577,0.002098,0.00246,0.976998
11.6597,0.008934,0.00246,0.977425
11.6617,0.008934,0.00246,0.977635
11.6637,0.028576,0.00246,0.977995
11.6657,1.6e-05,0.00246,0.97835
11.6677,1.6e-05,0.00246,0.978736
11.6697,1.6e-05,0.00246,0.979093
11.6717,1.6e-05,0.00246,0.979477
11.6737,1.6e-05,0.00246,0.979847
11.6757,0.044944,0.00246,0.980142
11.6777,0.044944,0.00246,0.980523
11.6797,0.044944,0.00246,0.980813
11.6817,0.003891,0.00246,0.98113
11.6837,0.003891,0.00246,0.9814
11.6857,0.01537,0.00246,0.981775
11.6881,0.004505,0.00246,0.981978
11.6897,0.027976,0.00246,0.982198
11.6917,0.027976,0.00246,0.982423
11.6937,0.020292,0.00246,0.982561
11.6957,0.004422,0.00246,0.982847
11.6977,0.004422,0.00246,0.983084
11.6997,0.004422,0.00246,0.983244
11.7017,0.004422,0.00246,0.983461
11.7037,0.012727,0.00246,0.983565
11.7057,0.012727,0.00246,0.983893
11.7077,0.008133,0.00246,0.984129
11.7097,0.008133,0.00246,0.984281
11.7117,0.008133,0.00246,0.984513
11.7137,0.008133,0.00246,0.984693
11.7157,0.004215,0.00246,0.984987
11.7177,0.004215,0.00246,0.985266
11.7197,0.004215,0.00246,0.985529
11.7217,0.004215,0.00246,0.985701
11.7241,0.000651,0.00246,0.985967
11.7261,0.014281,0.00246,0.98631
11.7281,0.014281,0.00246,0.986557
11.7301,0.014281,0.00246,0.986777
11.7317,0.0234,0.00246,0.987005
11.7337,0.01443,0.00246,0.987121
11.7357,0.01443,0.00246,0.987257
11.7377,0.021875,0.00246,0.987485
11.7397,0.021875,0.00246,0.987708
11.7417,0.019975,0.00246,0.987848
11.7437,0.012603,0.00246,0.987947
11.7457,0.056147,0.00246,0.988131
11.7477,0.056147,0.00246,0.988157
11.7497,0.056147,0.00246,0.988309
11.7517,0.036158,0.00246,0.988454
11.7537,0.036158,0.00246,0.988583
11.7557,0.036158,0.00246,0.988804
11.7587,0.01702,0.00246,0.98896
11.7607,0.01007,0.00246,0.989171
11.7627,0.035137,0.00246,0.989236
11.7646,0.035137,0.00246,0.989494
11.7661,0.035137,0.00246,0.98961
11.7677,0.002828,0.00246,0.989753
11.7697,0.002828,0.00246,0.989866
11.7717,0.009231,0.00246,0.990062
11.7737,0.009231,0.00246,0.990221
11.7757,0.009231,0.00246,0.990382
11.7777,0.00997,0.00246,0.990475
11.7797,0.014537,0.00246,0.990718
11.7817,0.014537,0.00246,0.99088
11.7837,0.002272,0.00246,0.991012
11.7857,0.017565,0.00246,0.991052
11.7877,0.017565,0.00246,0.99131
11.7897,0.030759,0.00246,0.991403
11.7917,0.008566,0.00246,0.991549
11.7937,0.027229,0.00246,0.991652
11.7957,0.027229,0.00246,0.991856
11.7977,0.0143,0.00246,0.992
11.7997,0.027324,0.00246,0.992199
11.8017,0.027324,0.00246,0.992395
11.8037,0.027324,0.00246,0.99257
11.8057,0.027324,0.00246,0.99271
11.8077,0.019144,0.00246,0.992959
11.8097,0.019144,0.00246,0.993061
11.8117,0.019144,0.00246,0.99324
11.8137,0.019144,0.00246,0.993415
11.8157,0.002889,0.00246,0.993566
11.8177,0.002889,0.00246,0.993719
11.8197,0.01875,0.00246,0.994008
11.8217,0.001226,0.00246,0.994159
11.8237,0.001226,0.00246,0.994254
11.8257,0.005022,0.00246,0.994331
11.8282,0.005022,0.00246,0.994553
11.8301,0.005022,0.00246,0.994705
11.8322,0.005022,0.00246,0.994801
11.8342,0.005022,0.00246,0.995
11.8362,0.005022,0.00246,0.99511
11.8381,0.028065,0.00246,0.995197
11.8402,0.023809,0.00246,0.995436
11.8422,0.023809,0.00246,0.995528
11.8442,0.023809,0.00246,0.995729
11.8461,0.022584,0.00246,0.995743
11.8482,0.022584,0.00246,0.99603
11.8502,0.000433,0.00246,0.996088
11.8522,0.000433,0.00246,0.99638
11.8541,0.000433,0.00246,0.996478
11.8562,0.01448,0.00246,0.996613
11.8582,0.00525,0.00246,0.996894
11.8602,0.00525,0.00246,0.997023
11.8627,0.013604,0.00246,0.997325
11.8647,0.01123,0.00246,0.99756
11.8667,0.01123,0.00246,0.997695
11.8686,0.01123,0.00246,0.997947
11.8707,0.01123,0.00246,0.998008
11.8727,0.007632,0.00246,0.998349
11.8747,0.001206,0.00246,0.998423
11.8766,0.001206,0.00246,0.998673
11.8782,0.011468,0.00246,0.998837
11.8802,0.011468,0.00246,0.998931
11.8822,0.000479,0.00246,0.999083
11.8842,0.011645,0.00246,0.999283
11.8862,0.011645,0.00246,0.999401
11.8882,0.011645,0.00246,0.999605
11.8902,0.011645,0.00246,0.99987
11.8922,0.000966,0.00246,0.999951
11.8942,0.000966,0.00666,1.00011
11.8967,0.005231,0.01668,1.00028
11.8988,0.033732,0.02874,1.00048
11.9006,0.061649,0.03186,1.00053
11.9027,0.07315,0.03612,1.0006
11.9047,0.089509,0.03738,1.00062
11.9068,0.113437,0.04182,1.0007
11.9086,0.105079,0.0402,1.00067
11.9107,0.128962,0.04056,1.00068
11.9127,0.129003,0.0432,1.00072
11.9148,0.12657,0.04248,1.00071
11.9166,0.131302,0.04464,1.00074
11.9187,0.128881,0.05106,1.00085
11.9207,0.147524,0.05796,1.00097
11.9228,0.166115,0.05646,1.00094
11.9246,0.162418,0.05856,1.00098
11.9267,0.17084,0.06318,1.00105
11.9288,0.179773,0.06594,1.0011
11.9308,0.189975,0.07314,1.00122
11.9332,0.216657,0.0666,1.00111
11.9358,0.208551,0.06924,1.00115
11.9378,0.213548,0.07728,1.00129
11.9398,0.213867,0.07896,1.00132
11.9418,0.230181,0.08058,1.00134
11.9438,0.244232,0.08448,1.00141
11.9458,0.241534,0.08544,1.00142
11.9478,0.254767,0.08706,1.00145
11.9498,0.255189,0.08862,1.00148
11.9518,0.259757,0.08688,1.00145
11.9538,0.26702,0.09222,1.00154
11.9558,0.267137,0.09066,1.00151
11.9578,0.276638,0.0951,1.00159
11.9598,0.282756,0.09462,1.00158
11.9618,0.285711,0.09324,1.00155
11.9638,0.279017,0.10128,1.00169
11.9658,0.29362,0.09846,1.00164
11.9678,0.304038,0.10116,1.00169
11.9702,0.300747,0.10398,1.00173
11.9722,0.31018,0.1029,1.00172
11.9742,0.314076,0.10452,1.00174
11.9762,0.307997,0.10302,1.00172
11.9782,0.313537,0.1125,1.00188
11.9802,0.324161,0.1092,1.00182
11.9822,0.329643,0.1131,1.00189
11.9842,0.336215,0.11604,1.00193
11.9862,0.348823,0.11862,1.00198
11.9882,0.350289,0.11652,1.00194
11.9902,0.349028,0.12246,1.00204
11.9922,0.361047,0.12246,1.00204
11.9942,0.36368,0.12624,1.0021
11.9962,0.37247,0.1203,1.00201
11.9982,0.376127,0.12792,1.00213
12.0002,0.366861,0.1281,1.00213
12.0022,0.382615,0.1269,1.00212
12.0046,0.380787,0.12858,1.00214
12.0068,0.393469,0.1332,1.00222
12.0088,0.392012,0.1353,1.00226
12.0108,0.402848,0.1392,1.00232
12.0126,0.414577,0.13806,1.0023
12.0148,0.411288,0.1413,1.00236
12.0168,0.422306,0.1413,1.00236
12.0188,0.425093,0.14304,1.00238
12.0206,0.427199,0.1401,1.00233
12.0228,0.42951,0.14094,1.00235
12.0248,0.424174,0.14208,1.00237
12.0268,0.424441,0.13824,1.0023
12.0286,0.411726,0.14256,1.00238
12.0308,0.425201,0.14766,1.00246
12.0328,0.440023,0.147,1.00245
12.0348,0.43763,0.1434,1.00239
12.0366,0.435414,0.15186,1.00253
12.0388,0.444618,0.14712,1.00245
12.0412,0.444623,0.1512,1.00252
12.0432,0.456378,0.14646,1.00244
12.0452,0.448563,0.1488,1.00248
12.0478,0.441757,0.15078,1.00251
12.0498,0.449755,0.1515,1.00253
12.0518,0.456189,0.15174,1.00253
12.0538,0.460123,0.16134,1.00269
12.0558,0.475715,0.1536,1.00256
12.0578,0.470487,0.15468,1.00258
12.0598,0.467716,0.15876,1.00265
12.0618,0.467904,0.15192,1.00253
12.0638,0.473921,0.15162,1.00253
12.0658,0.464228,0.14964,1.00249
12.0678,0.453813,0.15102,1.00252
12.0698,0.454478,0.1521,1.00253
12.0718,0.450339,0.1536,1.00256
12.0738,0.461798,0.15066,1.00251
12.0762,0.45568,0.1563,1.0026
12.0788,0.463654,0.15102,1.00252
12.0808,0.456708,0.15282,1.00255
12.0828,0.461889,0.15546,1.00259
12.0846,0.461843,0.15306,1.00255
12.0868,0.460098,0.15048,1.00251
12.0888,0.46178,0.15228,1.00254
12.0908,0.459105,0.15108,1.00252
12.0926,0.459347,0.1473,1.00246
12.0948,0.450625,0.1491,1.00249
12.0968,0.449055,0.14994,1.0025
12.0988,0.453413,0.15618,1.0026
12.1006,0.456177,0.15522,1.00259
12.1028,0.46027,0.15084,1.00251
12.1048,0.464181,0.15348,1.00256
12.1068,0.454957,0.1506,1.00251
12.1086,0.46014,0.1554,1.00259
12.1112,0.468749,0.15666,1.00261
12.1132,0.464675,0.15048,1.00251
12.1152,0.465971,0.1506,1.00251
12.1172,0.458357,0.15534,1.00259
12.1192,0.466264,0.15528,1.00259
12.1212,0.4708,0.15612,1.0026
12.1232,0.465339,0.14874,1.00248
12.1252,0.4549,0.14934,1.00249
12.1278,0.45781,0.14562,1.00243
12.1298,0.451591,0.15,1.0025
12.1318,0.441105,0.14136,1.00236
12.1338,0.439955,0.14328,1.00239
12.1358,0.436082,0.14544,1.00242
12.1378,0.432387,0.14616,1.00244
12.1398,0.439969,0.14358,1.00239
12.1418,0.432318,0.14052,1.00234
12.1438,0.429863,0.14082,1.00235
12.1458,0.426803,0.13614,1.00227
12.1482,0.42097,0.13926,1.00232
12.1502,0.413266,0.13728,1.00229
12.1522,0.412187,0.13656,1.00228
12.1542,0.417931,0.13524,1.00225
12.1562,0.403992,0.13818,1.0023
12.1588,0.413548,0.13692,1.00228
12.1608,0.411184,0.13758,1.00229
12.1628,0.424684,0.13512,1.00225
12.1646,0.405088,0.13446,1.00224
12.1668,0.403768,0.13824,1.0023
12.1688,0.418354,0.13596,1.00227
12.1708,0.409445,0.13254,1.00221
12.1726,0.401014,0.13932,1.00232
12.1748,0.414865,0.13548,1.00226
12.1768,0.414821,0.13542,1.00226
12.1788,0.409438,0.13716,1.00229
12.1806,0.408414,0.13452,1.00224
12.1832,0.411052,0.13782,1.0023
12.1852,0.415021,0.13818,1.0023
12.1872,0.414378,0.13518,1.00225
12.1892,0.413027,0.13656,1.00228
12.1918,0.410034,0.13608,1.00227
12.1938,0.409403,0.14082,1.00235
12.1958,0.413317,0.13584,1.00226
12.1978,0.419475,0.13452,1.00224
12.1998,0.40868,0.1401,1.00233
12.2018,0.410614,0.1395,1.00233
12.2038,0.422191,0.13932,1.00232
12.2058,0.413486,0.14034,1.00234
12.2078,0.420499,0.13758,1.00229
12.2098,0.414103,0.1347,1.00225
12.2118,0.41127,0.13866,1.00231
12.2138,0.424418,0.13584,1.00226
12.2158,0.415793,0.13566,1.00226
12.2182,0.417623,0.13464,1.00224
12.2202,0.415842,0.12954,1.00216
12.2228,0.401472,0.13344,1.00222
12.2248,0.404789,0.12498,1.00208
12.2268,0.389048,0.12918,1.00215
12.2286,0.389976,0.12426,1.00207
12.2308,0.387445,0.12582,1.0021
12.2328,0.379783,0.12384,1.00206
12.2348,0.373116,0.1203,1.00201
12.2366,0.378756,0.12192,1.00203
12.2388,0.365459,0.11646,1.00194
12.2408,0.359899,0.12168,1.00203
12.2428,0.366042,0.11766,1.00196
12.2446,0.358797,0.11736,1.00196
12.2468,0.353168,0.1167,1.00195
12.2488,0.359279,0.10968,1.00183
12.2508,0.339931,0.10854,1.00181
12.2526,0.338654,0.10704,1.00178
12.2548,0.337268,0.10488,1.00175
12.2568,0.316288,0.1041,1.00174
12.2588,0.324152,0.09942,1.00166
12.2606,0.311598,0.09624,1.0016
12.2628,0.295542,0.0954,1.00159
12.2648,0.297417,0.10176,1.0017
12.2668,0.295774,0.1011,1.00169
12.2686,0.304155,0.10044,1.00167
12.2708,0.30675,0.09744,1.00162
12.2728,0.291112,0.09546,1.00159
12.2748,0.295921,0.09036,1.00151
12.2766,0.28774,0.08898,1.00148
12.2788,0.272396,0.08712,1.00145
12.2808,0.274485,0.09558,1.00159
12.2828,0.287069,0.09396,1.00157
12.2846,0.278825,0.09684,1.00161
12.2868,0.287567,0.09666,1.00161
12.2892,0.288043,0.09492,1.00158
12.2912,0.284441,0.09282,1.00155
12.2932,0.288495,0.09588,1.0016
12.2952,0.286583,0.09828,1.00164
12.2972,0.296366,0.10002,1.00167
12.2992,0.291119,0.09966,1.00166
12.3012,0.300047,0.105,1.00175
12.3038,0.308081,0.10362,1.00173
12.3058,0.316034,0.11022,1.00184
12.3078,0.325333,0.1092,1.00182
12.3098,0.321997,0.11346,1.00189
12.3118,0.331776,0.1134,1.00189
12.3138,0.343757,0.10974,1.00183
12.3158,0.342032,0.10872,1.00181
12.3178,0.341773,0.1107,1.00185
12.3198,0.341908,0.11028,1.00184
12.3218,0.332159,0.11634,1.00194
12.3242,0.343804,0.11256,1.00188
12.3262,0.33956,0.11808,1.00197
12.3282,0.346532,0.11832,1.00197
12.3302,0.356954,0.12234,1.00204
12.3322,0.358259,0.12486,1.00208
12.3348,0.370502,0.12744,1.00212
12.3368,0.377076,0.12666,1.00211
12.3388,0.383498,0.12912,1.00215
12.3407,0.3888,0.1287,1.00215
12.3428,0.39172,0.12618,1.0021
12.3448,0.390149,0.1233,1.00206
12.3468,0.374107,0.1257,1.0021
12.3487,0.383359,0.12414,1.00207
12.3508,0.377123,0.12924,1.00215
12.3528,0.387124,0.13266,1.00221
12.3548,0.39849,0.13188,1.0022
12.3567,0.397167,0.12978,1.00216
12.3588,0.400988,0.13236,1.00221
12.3612,0.395705,0.13314,1.00222
12.3632,0.402559,0.13434,1.00224
12.3652,0.405722,0.13314,1.00222
12.3678,0.409306,0.13812,1.0023
12.3698,0.413181,0.13398,1.00223
12.3718,0.408209,0.13884,1.00231
12.3738,0.42241,0.13992,1.00233
12.3758,0.420691,0.14124,1.00235
12.3778,0.42143,0.14286,1.00238
12.3798,0.431729,0.1425,1.00238
12.3818,0.430684,0.14352,1.00239
12.3838,0.440491,0.14712,1.00245
12.3858,0.436701,0.14706,1.00245
12.3878,0.444273,0.1392,1.00232
12.3898,0.434424,0.14226,1.00237
12.3918,0.436433,0.14994,1.0025
12.3938,0.441026,0.14748,1.00246
12.3962,0.442734,0.14502,1.00242
12.3988,0.440373,0.14046,1.00234
12.4008,0.441156,0.1461,1.00244
12.4028,0.441544,0.14046,1.00234
12.4047,0.428934,0.14616,1.00244
12.4068,0.442895,0.14688,1.00245
12.4088,0.440483,0.14628,1.00244
12.4108,0.449149,0.14334,1.00239
12.4127,0.441679,0.14442,1.00241
12.4148,0.439261,0.14184,1.00236
12.4168,0.43658,0.14466,1.00241
12.4188,0.434655,0.1419,1.00237
12.4207,0.427317,0.1455,1.00243
12.4228,0.44559,0.14934,1.00249
12.4248,0.443458,0.15156,1.00253
12.4268,0.451746,0.15258,1.00254
12.4287,0.464676,0.15402,1.00257
12.4308,0.464081,0.14838,1.00247
12.4332,0.456118,0.14796,1.00247
12.4352,0.446952,0.14478,1.00241
12.4373,0.447664,0.14904,1.00248
12.4392,0.452598,0.15372,1.00256
12.4412,0.456731,0.15246,1.00254
12.4432,0.461491,0.1554,1.00259
12.4453,0.464133,0.15738,1.00262
12.4478,0.475796,0.15864,1.00264
12.4498,0.474553,0.1536,1.00256
12.4518,0.473875,0.16098,1.00268
12.4538,0.475887,0.15852,1.00264
12.4558,0.48292,0.16008,1.00267
12.4578,0.481781,0.16158,1.00269
12.4598,0.493914,0.15846,1.00264
12.4618,0.480357,0.16416,1.00274
12.4638,0.493669,0.16428,1.00274
12.4658,0.498085,0.15798,1.00263
12.4682,0.485754,0.16266,1.00271
12.4703,0.483246,0.16038,1.00267
12.4723,0.479159,0.16644,1.00277
12.4743,0.500746,0.16704,1.00278
12.4763,0.499884,0.17166,1.00286
12.4782,0.510891,0.17238,1.00287
12.4803,0.518873,0.17094,1.00285
12.4822,0.51695,0.17172,1.00286
12.4843,0.52027,0.17424,1.0029
12.4863,0.519911,0.17454,1.00291
12.4883,0.530305,0.16944,1.00282
12.4902,0.525159,0.17994,1.003
12.4923,0.531777,0.16692,1.00278
12.4943,0.515333,0.1782,1.00297
12.4963,0.531166,0.17922,1.00299
12.4983,0.533573,0.17406,1.0029
12.5003,0.529223,0.17742,1.00296
12.5023,0.535454,0.18204,1.00303
12.5048,0.544388,0.18408,1.00307
12.5068,0.555096,0.17958,1.00299
12.5087,0.550652,0.18636,1.00311
12.5108,0.559778,0.18594,1.0031
12.5128,0.565607,0.1869,1.00312
12.5148,0.570376,0.18786,1.00313
12.5167,0.567467,0.18864,1.00314
12.5188,0.573493,0.18948,1.00316
12.5208,0.572294,0.19668,1.00328
12.5228,0.586469,0.19224,1.0032
12.5247,0.58642,0.1977,1.0033
12.5268,0.583181,0.20244,1.00337
12.5288,0.604281,0.20772,1.00346
12.5308,0.61576,0.20928,1.00349
12.5327,0.624098,0.21654,1.00361
12.5348,0.647786,0.21342,1.00356
12.5368,0.641096,0.20892,1.00348
12.5393,0.637663,0.20922,1.00349
12.5413,0.634975,0.21012,1.0035
12.5438,0.641357,0.20988,1.0035
12.5458,0.639703,0.21588,1.0036
12.5478,0.644559,0.21804,1.00363
12.5498,0.650468,0.22056,1.00368
12.5518,0.662333,0.22896,1.00382
12.5538,0.676106,0.22944,1.00382
12.5558,0.692282,0.2265,1.00378
12.5578,0.68228,0.2289,1.00382
12.5598,0.688403,0.23394,1.0039
12.5618,0.712211,0.23664,1.00394
12.5638,0.703699,0.23868,1.00398
12.5658,0.721671,0.24,1.004
12.5678,0.721616,0.24654,1.00411
12.5698,0.74385,0.24768,1.00413
12.5718,0.743875,0.25494,1.00425
12.5739,0.754836,0.25308,1.00422
12.5763,0.764588,0.25452,1.00424
12.5783,0.764707,0.25842,1.00431
12.5803,0.772186,0.26172,1.00436
12.5823,0.794814,0.2634,1.00439
12.5843,0.783906,0.26124,1.00435
12.5863,0.790952,0.2613,1.00436
12.5883,0.796282,0.26472,1.00441
12.5903,0.79335,0.26568,1.00443
12.5923,0.803481,0.26538,1.00442
12.5943,0.805263,0.26376,1.0044
12.5963,0.787925,0.26478,1.00441
12.5983,0.79481,0.27096,1.00452
12.6003,0.811501,0.26472,1.00441
12.6023,0.81208,0.26964,1.00449
12.6043,0.819066,0.27618,1.0046
12.6063,0.829216,0.2694,1.00449
12.6083,0.817515,0.27252,1.00454
12.6109,0.826606,0.27456,1.00458
12.6127,0.828948,0.2673,1.00446
12.6149,0.816864,0.26802,1.00447
12.6169,0.815119,0.26982,1.0045
12.6189,0.813963,0.26556,1.00443
12.6207,0.802568,0.267,1.00445
12.6229,0.809656,0.27024,1.0045
12.6249,0.805225,0.27288,1.00455
12.6269,0.821699,0.27036,1.00451
12.6287,0.82084,0.2664,1.00444
12.6309,0.81495,0.26328,1.00439
12.6329,0.788479,0.26916,1.00449
12.6349,0.816908,0.27078,1.00451
12.6367,0.817793,0.26664,1.00444
12.6389,0.810442,0.26436,1.00441
12.6409,0.801099,0.26286,1.00438
12.6429,0.794811,0.26304,1.00438
12.6448,0.808455,0.26346,1.00439
12.6469,0.798875,0.26106,1.00435
12.6489,0.795922,0.25986,1.00433
12.6509,0.788785,0.26526,1.00442
12.6527,0.789773,0.26238,1.00437
12.6549,0.803304,0.26958,1.00449
12.6569,0.80314,0.26556,1.00443
12.6589,0.818836,0.26568,1.00443
12.6607,0.797637,0.26124,1.00435
12.6629,0.789939,0.25566,1.00426
12.6649,0.790037,0.25548,1.00426
12.6669,0.783242,0.25578,1.00426
12.6687,0.778741,0.2562,1.00427
12.6709,0.774059,0.25038,1.00417
12.6729,0.765091,0.2517,1.0042
12.6749,0.760654,0.25062,1.00418
12.6767,0.75837,0.2538,1.00423
12.6789,0.769465,0.24762,1.00413
12.6813,0.755078,0.24852,1.00414
12.6833,0.750393,0.25068,1.00418
12.6853,0.750357,0.23844,1.00397
12.6879,0.736876,0.23838,1.00397
12.6899,0.721542,0.2331,1.00389
12.6919,0.718098,0.2268,1.00378
12.6939,0.702705,0.21852,1.00364
12.6959,0.687103,0.22098,1.00368
12.6979,0.675667,0.21804,1.00363
12.6999,0.664653,0.21174,1.00353
12.7013,0.6601,0.21678,1.00361
12.7033,0.651759,0.21846,1.00364
12.7053,0.658903,0.21612,1.0036
12.7073,0.651909,0.21468,1.00358
12.7093,0.643402,0.2154,1.00359
12.7113,0.649672,0.2172,1.00362
12.7133,0.649017,0.21234,1.00354
12.7159,0.630617,0.20496,1.00342
12.7179,0.625398,0.19404,1.00323
12.7199,0.600501,0.18642,1.00311
12.7219,0.57231,0.17208,1.00287
12.7239,0.555006,0.15708,1.00262
12.7259,0.513736,0.14622,1.00244
12.7279,0.480496,0.13254,1.00221
12.7299,0.448784,0.12828,1.00214
12.7319,0.416762,0.13266,1.00221
12.7339,0.412572,0.14196,1.00237
12.7359,0.421116,0.1446,1.00241
12.7379,0.423874,0.1449,1.00242
12.7399,0.42856,0.15594,1.0026
12.7419,0.435344,0.16122,1.00269
12.7439,0.458365,0.15582,1.0026
12.7459,0.467441,0.1443,1.0024
12.7479,0.438757,0.12936,1.00216
12.7503,0.420117,0.11508,1.00192
12.7523,0.389759,0.09642,1.00161
12.7549,0.329596,0.07962,1.00133
12.7567,0.291784,0.07386,1.00123
12.7589,0.267485,0.07926,1.00132
12.7609,0.249958,0.08628,1.00144
12.7629,0.26379,0.0981,1.00164
12.7647,0.273901,0.1134,1.00189
12.7669,0.304875,0.12966,1.00216
12.7689,0.33832,0.13596,1.00227
12.7709,0.364962,0.13344,1.00222
12.7727,0.381366,0.1305,1.00218
12.7749,0.377222,0.1221,1.00204
12.7769,0.378851,0.09264,1.00154
12.7789,0.333488,0.06588,1.0011
12.7807,0.275715,0.04824,1.0008
12.7829,0.202653,0.03174,1.00053
12.7849,0.166188,0.0297,1.0005
12.7873,0.138202,0.03378,1.00056
12.7893,0.11269,0.06246,1.00104
12.7913,0.149171,0.08628,1.00144
12.7933,0.204176,0.11748,1.00196
12.7953,0.273977,0.1413,1.00236
12.7973,0.336987,0.15216,1.00254
12.7999,0.387172,0.14406,1.0024
12.8019,0.401207,0.11754,1.00196
12.8039,0.363636,0.0765,1.00128
12.8053,0.303162,0.03096,1.00052
12.8073,0.203235,0.00144,1.00002
12.8099,0.108446,0.00144,0.999421
12.8119,0.082342,0.00144,0.999231
12.8139,0.054435,0.00144,0.999308
12.8159,0.044266,0.00144,0.999787
12.8179,0.014758,0.02346,1.00039
12.8199,0.042966,0.06636,1.00111
12.8229,0.146895,0.10314,1.00172
12.8249,0.201749,0.16176,1.0027
12.8269,0.326803,0.17718,1.00295
12.8287,0.403535,0.17166,1.00286
12.8309,0.440015,0.14106,1.00235
12.8329,0.43118,0.0831,1.00138
12.8349,0.345396,0.02088,1.00035
12.8367,0.204696,0.02088,0.999164
12.8389,0.124241,0.02088,0.998188
12.8409,0.089263,0.02088,0.997661
12.8429,0.064455,0.02088,0.99749
12.8447,0.064639,0.02088,0.997665
12.8469,0.050775,0.02088,0.998032
12.8489,0.014615,0.02088,0.998504
12.8509,0.007327,0.02088,0.99916
12.8527,0.007327,0.02088,0.999763
12.8543,0.007327,0.0243,1.00041
12.8569,0.012969,0.04626,1.00077
12.8589,0.058006,0.07572,1.00126
12.8607,0.129099,0.08724,1.00145
12.8629,0.193276,0.07884,1.00131
12.8649,0.20793,0.05826,1.00097
12.8669,0.181451,0.02502,1.00042
12.8687,0.13029,0.02502,0.999785
12.8709,0.084299,0.02502,0.999164
12.8729,0.029731,0.02502,0.998542
12.8749,0.030513,0.02502,0.998328
12.8767,0.040778,0.02502,0.998036
12.8789,0.024938,0.02502,0.998078
12.8809,0.021116,0.02502,0.998251
12.8829,0.011867,0.02502,0.998293
12.8847,0.011867,0.02502,0.998499
12.8863,0.002625,0.02502,0.998674
12.8879,0.002625,0.02502,0.998682
12.8899,0.001068,0.02502,0.998723
12.8923,0.007428,0.02502,0.998578
12.8943,0.007428,0.02502,0.998668
12.8959,0.007428,0.02502,0.998533
12.8979,0.007428,0.02502,0.998557
12.8999,0.019016,0.02502,0.998378
12.9019,0.010541,0.02502,0.998413
12.9039,0.002537,0.02502,0.998415
12.9059,0.002537,0.02502,0.998463
12.9079,0.002537,0.02502,0.998551
12.9093,0.002537,0.02502,0.998515
12.9113,0.002537,0.02502,0.998501
12.9129,0.002537,0.02502,0.99857
12.9149,0.002537,0.02502,0.998485
12.9167,0.009204,0.02502,0.998537
12.9183,0.009204,0.02502,0.998567
12.9199,0.009204,0.02502,0.998578
12.9213,0.009204,0.02502,0.998569
12.9233,0.005861,0.02502,0.998588
12.9248,0.007532,0.02502,0.99857
12.9269,0.007532,0.02502,0.998568
12.9289,0.007532,0.02502,0.998458
12.9309,0.012174,0.02502,0.998423
12.9328,0.005628,0.02502,0.998477
12.9349,0.007531,0.02502,0.998451
12.9369,0.007531,0.02502,0.998513
12.9389,0.007531,0.02502,0.998467
12.9407,0.018865,0.02502,0.998394
12.9429,0.018865,0.02502,0.998469
12.9449,0.018865,0.02502,0.998329
12.9463,0.018865,0.02502,0.998357
12.9483,0.018865,0.02502,0.998281
12.9499,0.018865,0.02502,0.998273
12.9519,0.018865,0.02502,0.998254
12.9539,0.003673,0.02502,0.998295
12.9563,0.012729,0.02502,0.998105
12.9589,0.02223,0.02502,0.998116
12.9609,0.02223,0.02502,0.997972
12.9629,0.003267,0.02502,0.997964
12.9647,0.007815,0.02502,0.997872
12.9663,0.003309,0.02502,0.997827
12.9679,0.003309,0.02502,0.997782
12.9699,0.003309,0.02502,0.997745
12.9719,0.013436,0.02502,0.997727
12.9733,0.013436,0.02502,0.997716
12.9753,0.000139,0.02502,0.997654
12.9769,0.005945,0.02502,0.997493
12.9789,0.002213,0.02502,0.997441
12.9807,0.009062,0.02502,0.997349
12.9823,0.009062,0.02502,0.997368
12.9839,0.009062,0.02502,0.997319
12.9859,0.002135,0.02502,0.997256
12.9883,0.002135,0.02502,0.997116
12.9909,0.007567,0.02502,0.997045
12.9929,0.007567,0.02502,0.996851
12.9949,0.004309,0.02502,0.996745
12.9967,0.004309,0.02502,0.996621
12.9983,0.004309,0.02502,0.996513
12.9999,0.004309,0.02502,0.996387
13.0019,0.001933,0.02502,0.996281
13.0039,0.012444,0.02502,0.99617
13.0053,0.012444,0.02502,0.996016
13.0069,0.006095,0.02502,0.995989
13.0089,0.001418,0.02502,0.99584
13.0109,0.019501,0.02502,0.995783
13.0127,0.019501,0.02502,0.995665
13.0143,0.001755,0.02502,0.995548
13.0159,0.001755,0.02502,0.995501
13.0183,0.001755,0.02502,0.995474
13.0199,0.009622,0.02502,0.995339
13.0219,0.001542,0.02502,0.995285
13.0239,0.001542,0.02502,0.995139
13.0259,0.025866,0.02502,0.99501
13.0279,0.025866,0.02502,0.994804
13.0299,0.025866,0.02502,0.994619
13.0319,0.0014,0.02502,0.994484
13.0339,0.019492,0.02502,0.994343
13.0359,0.011249,0.02502,0.9942
13.0379,0.019235,0.02502,0.994043
13.0399,0.019235,0.02502,0.993843
13.0419,0.011031,0.02502,0.993615
13.0439,0.011031,0.02502,0.993453
13.0459,0.011031,0.02502,0.993238
13.0479,0.013067,0.02502,0.99306
13.0499,0.013067,0.02502,0.992837
13.0519,0.0098,0.02502,0.992649
13.0539,0.020864,0.02502,0.992472
13.0559,0.003173,0.02502,0.992144
13.0579,0.032592,0.02502,0.991953
13.0599,0.032592,0.02502,0.991719
13.0619,0.032592,0.02502,0.991465
13.0639,0.032592,0.02502,0.991242
13.0659,0.032592,0.02502,0.990954
13.0679,0.035091,0.02502,0.990724
13.0699,0.021412,0.02502,0.990437
13.0719,0.021412,0.02502,0.990244
13.0739,0.015887,0.02502,0.989908
13.0759,0.015887,0.02502,0.989601
13.0779,0.015887,0.02502,0.989365
13.0799,0.029844,0.02502,0.989101
13.0819,0.029844,0.02502,0.988927
13.0839,0.038122,0.02502,0.988624
13.0869,0.015847,0.02502,0.988477
13.0889,0.027796,0.02502,0.988055
13.0909,2.4e-05,0.02502,0.987844
13.0928,0.013996,0.02502,0.987747
13.0943,0.009385,0.02502,0.98751
13.0959,0.009385,0.02502,0.987425
13.0979,0.023219,0.02502,0.987317
13.0999,0.023219,0.02502,0.987204
13.1019,0.004861,0.02502,0.987196
13.1039,0.027782,0.02502,0.987104
13.1053,0.029188,0.02502,0.987105
13.1073,0.029188,0.02502,0.98704
13.1088,0.010824,0.02502,0.986991
13.1103,0.010824,0.02502,0.986916
13.1119,0.010824,0.02502,0.986923
13.1139,0.010824,0.02502,0.986826
13.1159,0.010824,0.02502,0.986893
13.1189,0.010824,0.02502,0.986828
13.1209,0.010824,0.02502,0.986774
13.1229,0.010824,0.02502,0.986768
13.1248,0.021681,0.02502,0.986732
13.1263,0.014013,0.02502,0.9866
13.1279,0.009438,0.02502,0.986678
13.1299,0.013993,0.02502,0.986624
13.1319,0.013993,0.02502,0.986523
13.1339,0.011172,0.02502,0.986611
13.1359,0.016794,0.02502,0.9866
13.1379,0.016794,0.02502,0.986548
13.1393,0.016794,0.02502,0.986578
13.1408,0.016794,0.02502,0.986683
13.1423,0.016794,0.02502,0.98663
13.1439,0.001806,0.02502,0.986734
13.1459,0.001806,0.02502,0.986704
13.1479,0.004916,0.02502,0.986699
13.1509,0.023128,0.02502,0.986809
13.1529,0.015481,0.02502,0.986849
13.1549,0.015481,0.02502,0.986929
13.1568,0.004713,0.02502,0.986952
13.1583,0.004713,0.02502,0.987013
13.1599,0.004713,0.02502,0.987189
13.1619,0.003087,0.02502,0.987033
13.1639,0.032227,0.02502,0.987292
13.1659,0.021298,0.02502,0.987224
13.1679,0.021298,0.02502,0.987303
13.1699,0.030396,0.02502,0.987342
13.1719,0.030396,0.02502,0.987538
13.1739,0.008158,0.02502,0.987571
13.1759,0.030344,0.02502,0.987664
13.1779,0.030344,0.02502,0.987733
13.1799,0.004369,0.02502,0.987808
13.1819,0.020166,0.02502,0.987978
13.1844,0.020166,0.02502,0.988113
13.1859,0.002256,0.02502,0.98821
13.1879,0.02069,0.02502,0.98824
13.1899,0.02069,0.02502,0.988376
13.1919,0.02069,0.02502,0.988541
13.1939,0.004088,0.02502,0.988668
13.1959,0.018041,0.02502,0.98885
13.1979,0.018041,0.02502,0.989048
13.1999,0.003885,0.02502,0.989339
13.2019,0.024335,0.02502,0.989508
13.2039,0.010966,0.02502,0.989903
13.2059,0.005264,0.02502,0.990148
13.2079,0.005264,0.02502,0.990362
13.2099,0.021535,0.02502,0.99074
13.2119,0.021535,0.02502,0.991033
13.2139,0.021535,0.02502,0.991421
13.2159,0.026248,0.02502,0.991727
13.2179,0.026248,0.02502,0.992236
13.2204,0.036638,0.02502,0.992602
13.2219,0.049438,0.02502,0.993119
13.2239,0.049438,0.02502,0.993456
13.2259,0.00136,0.02502,0.993812
13.2279,0.018004,0.02502,0.99423
13.2299,0.018004,0.02502,0.994638
13.2319,0.018004,0.02502,0.994965
13.2339,0.012405,0.02502,0.995432
13.2359,0.012405,0.02502,0.995657
13.2379,0.019839,0.02502,0.99607
13.2399,0.00772,0.02502,0.996393
13.2419,0.00772,0.02502,0.996726
13.2439,0.00772,0.02502,0.997071
13.2459,0.006806,0.02502,0.997355
13.2479,0.015104,0.02502,0.997707
13.2499,0.015104,0.02502,0.998112
13.2519,0.015104,0.02502,0.998492
13.2539,0.005201,0.02502,0.998828
13.2559,0.001119,0.02502,0.999131
13.2579,0.001119,0.02502,0.999509
13.2599,0.000949,0.02502,0.999911
13.2619,0.000949,0.01068,1.00018
13.264,0.007998,0.0252,1.00042
13.266,0.045183,0.045,1.00075
13.268,0.086127,0.05622,1.00094
13.2699,0.115123,0.07428,1.00124
13.272,0.16649,0.07896,1.00132
13.274,0.209626,0.07266,1.00121
13.276,0.208445,0.0672,1.00112
13.2779,0.219328,0.05448,1.00091
13.28,0.203803,0.04674,1.00078
13.282,0.158929,0.04098,1.00068
13.284,0.149046,0.04248,1.00071
13.286,0.142385,0.04842,1.00081
13.2884,0.145454,0.05484,1.00091
13.2904,0.156099,0.07056,1.00118
13.2924,0.171876,0.08046,1.00134
13.2944,0.20564,0.08886,1.00148
13.2964,0.239508,0.08394,1.0014
13.2984,0.239223,0.08814,1.00147
13.3008,0.26765,0.0819,1.00137
13.303,0.245943,0.07254,1.00121
13.305,0.247325,0.06216,1.00104
13.307,0.212481,0.06348,1.00106
13.3088,0.203358,0.06282,1.00105
13.311,0.211473,0.069,1.00115
13.313,0.202051,0.0672,1.00112
13.315,0.201555,0.08526,1.00142
13.3168,0.233954,0.10146,1.00169
13.319,0.266988,0.09864,1.00164
13.321,0.276936,0.10794,1.0018
13.323,0.305241,0.10656,1.00178
13.3254,0.309216,0.09732,1.00162
13.328,0.303836,0.08634,1.00144
13.33,0.282864,0.07596,1.00127
13.332,0.27051,0.06774,1.00113
13.334,0.245442,0.06918,1.00115
13.336,0.22744,0.07392,1.00123
13.338,0.239067,0.0828,1.00138
13.34,0.230041,0.0999,1.00167
13.342,0.27468,0.11244,1.00187
13.344,0.303401,0.1212,1.00202
13.346,0.323227,0.12192,1.00203
13.348,0.34337,0.12558,1.00209
13.35,0.362556,0.12,1.002
13.352,0.362902,0.10938,1.00182
13.354,0.353621,0.09732,1.00162
13.356,0.328944,0.08928,1.00149
13.358,0.311276,0.0849,1.00142
13.3604,0.294686,0.08328,1.00139
13.3624,0.272158,0.09564,1.00159
13.3644,0.286112,0.10728,1.00179
13.367,0.305522,0.11796,1.00197
13.369,0.331925,0.13788,1.0023
13.371,0.36139,0.13992,1.00233
13.3728,0.390587,0.1464,1.00244
13.375,0.411452,0.14034,1.00234
13.377,0.410095,0.13224,1.0022
13.379,0.415382,0.11514,1.00192
13.3808,0.375305,0.10086,1.00168
13.383,0.356541,0.0855,1.00143
13.385,0.310971,0.0798,1.00133
13.387,0.280654,0.08088,1.00135
13.3888,0.276221,0.09198,1.00153
13.391,0.264325,0.10524,1.00175
13.393,0.296307,0.12168,1.00203
13.395,0.317781,0.14004,1.00233
13.3974,0.374104,0.14628,1.00244
13.3994,0.396408,0.15258,1.00254
13.402,0.429365,0.13224,1.0022
13.404,0.411133,0.11712,1.00195
13.4054,0.385072,0.09114,1.00152
13.4074,0.346874,0.07458,1.00124
13.41,0.286847,0.05958,1.00099
13.412,0.240394,0.05658,1.00094
13.4134,0.226704,0.06492,1.00108
13.4154,0.212305,0.07974,1.00133
13.4174,0.226572,0.10386,1.00173
13.4194,0.260395,0.12888,1.00215
13.4214,0.323458,0.14466,1.00241
13.424,0.361513,0.1545,1.00258
13.426,0.409296,0.15012,1.0025
13.428,0.417816,0.1305,1.00218
13.43,0.405609,0.09882,1.00165
13.4324,0.34264,0.06942,1.00116
13.435,0.271435,0.02994,1.0005
13.4368,0.199377,0.01314,1.00022
13.439,0.141139,0.01104,1.00018
13.441,0.099893,0.0186,1.00031
13.443,0.084923,0.05268,1.00088
13.4448,0.125972,0.09156,1.00153
13.447,0.188287,0.13566,1.00226
13.449,0.282405,0.17196,1.00287
13.451,0.383187,0.19158,1.00319
13.4528,0.456378,0.18348,1.00306
13.455,0.470131,0.16104,1.00268
13.457,0.473342,0.10452,1.00174
13.459,0.409289,0.04374,1.00073
13.4608,0.266372,0.04374,0.999768
13.463,0.142569,0.04374,0.99896
13.465,0.098473,0.04374,0.998492
13.4674,0.072473,0.04374,0.998402
13.4694,0.069315,0.04374,0.998817
13.4714,0.037001,0.04374,0.999715
13.4734,0.017148,0.02178,1.00036
13.4754,0.042517,0.08202,1.00137
13.4774,0.135873,0.12822,1.00214
13.4794,0.230623,0.17538,1.00292
13.4814,0.359073,0.198,1.0033
13.484,0.463258,0.1941,1.00324
13.4854,0.496258,0.15168,1.00253
13.4874,0.463662,0.10284,1.00171
13.49,0.355515,0.02532,1.00042
13.492,0.246322,0.02532,0.998724
13.494,0.136907,0.02532,0.997588
13.496,0.084616,0.02532,0.9968
13.498,0.090854,0.02532,0.996416
13.5,0.064852,0.02532,0.9965
13.502,0.066923,0.02532,0.996834
13.5044,0.039966,0.02532,0.997347
13.506,0.031974,0.02532,0.998191
13.508,0.035099,0.02532,0.998797
13.5094,0.005001,0.02532,0.999773
13.5114,0.005001,0.02496,1.00042
13.5134,0.011636,0.07206,1.0012
13.5154,0.098676,0.11958,1.00199
13.5174,0.2062,0.14574,1.00243
13.52,0.30855,0.14874,1.00248
13.522,0.373697,0.12234,1.00204
13.524,0.344926,0.08628,1.00144
13.526,0.316738,0.02658,1.00044
13.528,0.204812,0.02658,0.999476
13.53,0.099232,0.02658,0.998489
13.532,0.071438,0.02658,0.997998
13.534,0.051332,0.02658,0.997558
13.536,0.055951,0.02658,0.997623
13.5384,0.034579,0.02658,0.997866
13.54,0.01903,0.02658,0.998428
13.5414,0.011816,0.02658,0.998829
13.543,0.002781,0.02658,0.999255
13.545,0.000975,0.02658,0.9996
13.5464,0.000975,0.01146,1.00019
13.5484,0.003219,0.0408,1.00068
13.551,0.054443,0.06102,1.00102
13.553,0.10342,0.08034,1.00134
13.555,0.163846,0.07878,1.00131
13.5568,0.193737,0.0645,1.00108
13.559,0.191224,0.04212,1.0007
13.561,0.151345,0.01302,1.00022
13.563,0.099032,0.01302,0.999727
13.5648,0.072234,0.01302,0.999374
13.567,0.029641,0.01302,0.999115
13.5684,0.043153,0.01302,0.999114
13.5704,0.018563,0.01302,0.999134
13.572,0.015582,0.01302,0.999281
13.5734,0.00755,0.01302,0.99949
13.575,0.004937,0.01302,0.999731
13.5764,0.004937,0.01302,0.999949
13.578,0.004937,0.01362,1.00023
13.58,0.001003,0.01776,1.0003
13.582,0.018117,0.02568,1.00043
13.584,0.039652,0.02598,1.00043
13.586,0.05419,0.0222,1.00037
13.588,0.068531,0.01008,1.00017
13.59,0.043955,0.01008,0.999937
13.592,0.023358,0.01008,0.999833
13.5934,0.012181,0.01008,0.999613
13.595,0.012228,0.01008,0.999637
13.5968,0.01217,0.01008,0.999615
13.599,0.022881,0.01008,0.999624
13.601,0.022881,0.01008,0.999735
13.6034,0.003046,0.01008,0.999817
13.6048,0.003046,0.01008,0.999947
13.6064,0.004638,0.01008,0.999878
13.608,0.008394,0.01008,0.999851
13.61,0.008394,0.01008,0.999904
13.612,0.008394,0.01008,0.99993
13.614,0.008394,0.01008,0.99983
13.6154,0.006556,0.01008,0.999852
13.617,0.006636,0.01008,0.999742
13.619,0.004887,0.01008,0.999665
13.6208,0.004887,0.01008,0.999653
13.6224,0.004887,0.01008,0.999669
13.624,0.004887,0.01008,0.999667
13.626,0.004887,0.01008,0.999559
13.628,0.006608,0.01008,0.999562
13.6294,0.005954,0.01008,0.999637
13.631,0.00578,0.01008,0.999606
13.6334,0.00578,0.01008,0.999529
13.635,0.004839,0.01008,0.99957
13.6364,0.005716,0.01008,0.999555
13.638,0.005716,0.01008,0.999622
13.64,0.014201,0.01008,0.999633
13.642,0.014201,0.01008,0.99955
13.644,0.001175,0.01008,0.999567
13.6454,0.003028,0.01008,0.999562
13.647,0.003028,0.01008,0.999585
13.649,0.003028,0.01008,0.999517
13.651,0.010966,0.01008,0.999582
13.6528,0.010966,0.01008,0.99965
13.6544,0.010966,0.01008,0.999613
13.656,0.010966,0.01008,0.999568
13.658,0.010966,0.01008,0.999633
13.66,0.003124,0.01008,0.999567
13.662,0.003124,0.01008,0.99958
13.6644,0.008588,0.01008,0.999618
13.666,0.01031,0.01008,0.999435
13.668,0.005801,0.01008,0.999513
13.67,0.016353,0.01008,0.999363
13.672,0.010469,0.01008,0.999415
13.674,0.002236,0.01008,0.999395
13.676,0.002236,0.01008,0.999391
13.6774,0.002236,0.01008,0.999404
13.68,0.011887,0.01008,0.99936
13.682,0.011887,0.01008,0.999318
13.684,0.011887,0.01008,0.99931
13.686,0.011887,0.01008,0.99931
13.688,0.012211,0.01008,0.999286
13.69,0.012211,0.01008,0.999233
13.692,0.012211,0.01008,0.999232
13.6934,0.012211,0.01008,0.999274
13.695,0.012211,0.01008,0.999181
13.6974,0.012211,0.01008,0.999271
13.699,0.012211,0.01008,0.999244
13.7009,0.012211,0.01008,0.99926
13.7024,0.012211,0.01008,0.999138
13.704,0.012211,0.01008,0.999162
13.706,0.012356,0.01008,0.999105
13.7074,0.012356,0.01008,0.999164
13.7089,0.012356,0.01008,0.999191
13.711,0.012356,0.01008,0.999197
13.7124,0.001583,0.01008,0.999135
13.714,0.005363,0.01008,0.999204
13.716,0.002928,0.01008,0.999122
13.718,0.002346,0.01008,0.99917
13.72,0.011254,0.01008,0.999129
13.722,0.011254,0.01008,0.999135
13.724,0.011254,0.01008,0.999141
13.726,0.011254,0.01008,0.999238
13.728,0.004158,0.01008,0.999158
13.73,0.004158,0.01008,0.999176
13.732,0.002354,0.01008,0.999248
13.7334,0.002354,0.01008,0.999258
13.735,0.004021,0.01008,0.999254
13.737,0.004021,0.01008,0.99922
13.738,0.00635,0.01008,0.999238
13.74,0.01217,0.01008,0.999207
13.7414,0.006947,0.01008,0.99925
13.743,0.009148,0.01008,0.999271
13.745,0.00921,0.01008,0.999299
13.747,0.001168,0.01008,0.999415
13.748,0.001168,0.01008,0.999335
13.7494,0.009762,0.01008,0.999454
13.751,0.009762,0.01008,0.999395
13.753,0.009762,0.01008,0.999451
13.755,0.020155,0.01008,0.999485
13.7574,0.020155,0.01008,0.999539
13.76,0.004674,0.01008,0.999506
13.762,0.004674,0.01008,0.999734
13.764,0.004674,0.01008,0.999797
13.7654,0.004674,0.01008,0.999856
13.767,0.004674,0.01008,0.999907
13.769,0.001738,0.01008,0.99993
13.771,0.010001,0.0006,1.00001
13.7729,0.010001,0.00354,1.00006
13.775,0.005217,0.0096,1.00016
13.777,0.023904,0.01686,1.00028
13.779,0.036077,0.02148,1.00036
13.7809,0.06088,0.02448,1.00041
13.783,0.053525,0.0273,1.00046
13.785,0.070761,0.0297,1.0005
13.787,0.094003,0.03372,1.00056
13.7889,0.084146,0.03264,1.00054
13.791,0.089684,0.03318,1.00055
13.7934,0.105771,0.03006,1.0005
13.796,0.104386,0.02652,1.00044
13.798,0.099516,0.03096,1.00052
13.8,0.092212,0.03816,1.00064
13.802,0.103164,0.04158,1.00069
13.804,0.112624,0.0513,1.00086
13.806,0.133564,0.05262,1.00088
13.808,0.147621,0.05862,1.00098
13.81,0.158966,0.0549,1.00091
13.812,0.158891,0.05556,1.00093
13.814,0.170924,0.04938,1.00082
13.816,0.166024,0.054,1.0009
13.818,0.156889,0.05058,1.00084
13.82,0.163793,0.0531,1.00089
13.822,0.159172,0.04704,1.00078
13.824,0.156818,0.04986,1.00083
13.826,0.154575,0.05292,1.00088
13.8284,0.15467,0.05994,1.001
13.831,0.166859,0.06708,1.00112
13.833,0.188147,0.07254,1.00121
13.835,0.201175,0.07608,1.00127
13.8369,0.220719,0.07338,1.00122
13.839,0.214641,0.07536,1.00126
13.841,0.225969,0.07572,1.00126
13.843,0.230725,0.07332,1.00122
13.8449,0.222197,0.0744,1.00124
13.847,0.234548,0.07086,1.00118
13.849,0.221984,0.0708,1.00118
13.851,0.220635,0.07518,1.00125
13.8529,0.225195,0.0747,1.00125
13.855,0.231165,0.0768,1.00128
13.857,0.228091,0.08004,1.00133
13.859,0.23085,0.0831,1.00138
13.8609,0.246292,0.08946,1.00149
13.863,0.250931,0.09054,1.00151
13.8655,0.267117,0.0921,1.00154
13.868,0.281659,0.09414,1.00157
13.87,0.283858,0.08832,1.00147
13.872,0.28195,0.09264,1.00154
13.874,0.270261,0.08688,1.00145
13.876,0.268213,0.08958,1.00149
13.878,0.269564,0.08598,1.00143
13.88,0.26021,0.09498,1.00158
13.882,0.279096,0.09312,1.00155
13.884,0.278984,0.09666,1.00161
13.886,0.275044,0.09984,1.00166
13.888,0.291063,0.09654,1.00161
13.89,0.300093,0.1014,1.00169
13.892,0.294102,0.10662,1.00178
13.894,0.314946,0.10122,1.00169
13.896,0.3063,0.10308,1.00172
13.898,0.3089,0.10032,1.00167
13.9005,0.316543,0.10104,1.00168
13.903,0.304276,0.102,1.0017
13.905,0.311541,0.10464,1.00174
13.9071,0.31685,0.10806,1.0018
13.9089,0.316196,0.11142,1.00186
13.911,0.326057,0.11208,1.00187
13.913,0.332518,0.1206,1.00201
13.9151,0.348797,0.11754,1.00196
13.9169,0.347473,0.1176,1.00196
13.919,0.359338,0.12156,1.00203
13.921,0.353917,0.11898,1.00198
13.9231,0.362522,0.1155,1.00192
13.9249,0.353984,0.11604,1.00193
13.9271,0.355921,0.11592,1.00193
13.9291,0.352802,0.1092,1.00182
13.9311,0.335441,0.11604,1.00193
13.9329,0.351869,0.11916,1.00199
13.9351,0.348514,0.1212,1.00202
13.9375,0.352996,0.12444,1.00207
13.9395,0.369415,0.12852,1.00214
13.9415,0.37401,0.1284,1.00214
13.9435,0.386435,0.11508,1.00192
13.9455,0.366046,0.11682,1.00195
13.9475,0.36295,0.11604,1.00193
13.9495,0.351331,0.1194,1.00199
13.9521,0.361071,0.11376,1.0019
13.9541,0.345565,0.11922,1.00199
13.9561,0.351212,0.12528,1.00209
13.9581,0.361975,0.12924,1.00215
13.9601,0.373381,0.12978,1.00216
13.9621,0.381769,0.12768,1.00213
13.9641,0.380792,0.12138,1.00202
13.9671,0.373261,0.12258,1.00204
13.9691,0.376424,0.12222,1.00204
13.9711,0.37059,0.11286,1.00188
13.9735,0.359535,0.11784,1.00196
13.9755,0.348843,0.12324,1.00205
13.9775,0.361385,0.12384,1.00206
13.9795,0.361314,0.12654,1.00211
13.9815,0.372407,0.12528,1.00209
13.9841,0.37327,0.12588,1.0021
13.9861,0.375059,0.12726,1.00212
13.9881,0.379827,0.1227,1.00205
13.9901,0.372753,0.11946,1.00199
13.9921,0.366573,0.11508,1.00192
13.9941,0.362463,0.11376,1.0019
13.9961,0.348395,0.11796,1.00197
13.9991,0.359344,0.11148,1.00186
14.0011,0.353575,0.11922,1.00199
14.0031,0.352844,0.12264,1.00204
14.0049,0.360902,0.12354,1.00206
14.0071,0.366843,0.1248,1.00208
14.0095,0.37538,0.12252,1.00204
14.0115,0.369797,0.11694,1.00195
14.0135,0.364279,0.12408,1.00207
14.0161,0.369538,0.1116,1.00186
14.0181,0.354636,0.11478,1.00191
14.0201,0.358577,0.11556,1.00193
14.0221,0.346275,0.1209,1.00202
14.0241,0.353393,0.12102,1.00202
14.0261,0.364865,0.12306,1.00205
14.0281,0.361301,0.12894,1.00215
14.0311,0.373261,0.123,1.00205
14.0331,0.374109,0.12726,1.00212
14.0351,0.378295,0.12126,1.00202
14.0369,0.36783,0.1173,1.00196
14.0391,0.365127,0.1119,1.00187
14.0411,0.357012,0.11466,1.00191
14.0431,0.350392,0.11442,1.00191
14.0449,0.351335,0.12012,1.002
14.0475,0.360432,0.12576,1.0021
14.0495,0.363912,0.13068,1.00218
14.0515,0.377128,0.13116,1.00219
14.0535,0.389903,0.13074,1.00218
14.0555,0.384415,0.12654,1.00211
14.0575,0.390665,0.1248,1.00208
14.0595,0.378669,0.11814,1.00197
14.0615,0.380996,0.11364,1.00189
14.0641,0.349698,0.11586,1.00193
14.0661,0.356124,0.11532,1.00192
14.0681,0.344683,0.12228,1.00204
14.0701,0.361587,0.12546,1.00209
14.0721,0.365022,0.126,1.0021
14.0741,0.375211,0.13008,1.00217
14.0761,0.375614,0.12726,1.00212
14.0791,0.377616,0.12558,1.00209
14.0811,0.386123,0.1191,1.00199
14.0835,0.365878,0.11658,1.00194
14.0855,0.369796,0.11484,1.00191
14.0875,0.349299,0.1107,1.00185
14.0895,0.347782,0.1164,1.00194
14.0921,0.34746,0.12414,1.00207
14.0951,0.367759,0.12498,1.00208
14.0971,0.365023,0.13386,1.00223
14.0991,0.377978,0.13398,1.00223
14.1009,0.401066,0.12936,1.00216
14.1031,0.38518,0.13038,1.00217
14.1051,0.395582,0.129,1.00215
14.1071,0.39859,0.123,1.00205
14.1089,0.382564,0.12876,1.00215
14.1111,0.397499,0.12438,1.00207
14.1131,0.370609,0.12222,1.00204
14.1151,0.38344,0.13326,1.00222
14.1169,0.388986,0.13128,1.00219
14.1195,0.402026,0.13788,1.0023
14.1221,0.402019,0.14244,1.00237
14.1241,0.411924,0.14382,1.0024
14.1271,0.428498,0.14556,1.00243
14.1291,0.438163,0.1449,1.00242
14.1311,0.436312,0.14232,1.00237
14.1329,0.425546,0.1395,1.00233
14.1351,0.421351,0.13548,1.00226
14.1371,0.419849,0.1392,1.00232
14.1391,0.42673,0.13992,1.00233
14.1409,0.421938,0.1419,1.00237
14.1431,0.426083,0.14628,1.00244
14.1451,0.432825,0.15012,1.0025
14.1471,0.441573,0.1521,1.00253
14.1489,0.451651,0.15156,1.00253
14.1511,0.453187,0.15102,1.00252
14.1531,0.456168,0.15264,1.00254
14.1551,0.450312,0.14754,1.00246
14.1575,0.454208,0.1431,1.00239
14.1601,0.446361,0.14802,1.00247
14.1621,0.443983,0.14406,1.0024
14.1641,0.436435,0.1515,1.00253
14.1661,0.441752,0.147,1.00245
14.1681,0.438875,0.14904,1.00248
14.1701,0.450162,0.15372,1.00256
14.1721,0.452125,0.15222,1.00254
14.1751,0.457552,0.15246,1.00254
14.1771,0.462469,0.15834,1.00264
14.1791,0.467811,0.15078,1.00251
14.1809,0.460855,0.15132,1.00252
14.1831,0.454329,0.14484,1.00241
14.1851,0.452828,0.15192,1.00253
14.1871,0.45377,0.1563,1.0026
14.1889,0.468105,0.15102,1.00252
14.1911,0.466186,0.1551,1.00259
14.1935,0.454184,0.15822,1.00264
14.1955,0.472182,0.15438,1.00257
14.1975,0.471575,0.15858,1.00264
14.1995,0.475082,0.15312,1.00255
14.2015,0.465413,0.15498,1.00258
14.2035,0.468846,0.156,1.0026
14.2055,0.476798,0.14868,1.00248
14.2081,0.463026,0.1584,1.00264
14.2101,0.468847,0.15618,1.0026
14.2121,0.470092,0.15924,1.00265
14.2141,0.472592,0.15894,1.00265
14.2161,0.479865,0.1614,1.00269
14.2181,0.489659,0.16386,1.00273
14.2201,0.493715,0.16596,1.00277
14.2215,0.496567,0.16668,1.00278
14.2235,0.494695,0.16602,1.00277
14.2255,0.502097,0.16656,1.00278
14.2275,0.506528,0.16416,1.00274
14.2301,0.489786,0.1686,1.00281
14.2321,0.501947,0.16932,1.00282
14.2341,0.514755,0.1683,1.00281
14.2361,0.509228,0.1725,1.00287
14.2375,0.515065,0.17568,1.00293
14.2395,0.524674,0.17622,1.00294
14.2415,0.523268,0.18456,1.00308
14.2435,0.536845,0.1926,1.00321
14.2455,0.561302,0.18864,1.00314
14.2475,0.567546,0.19206,1.0032
14.2495,0.573035,0.195,1.00325
14.2515,0.579684,0.18852,1.00314
14.2535,0.571928,0.18972,1.00316
14.2561,0.579763,0.18396,1.00307
14.2581,0.561192,0.19098,1.00318
14.2601,0.573427,0.18858,1.00314
14.2621,0.573194,0.1932,1.00322
14.2645,0.581958,0.19458,1.00324
14.2665,0.582281,0.19956,1.00333
14.2685,0.592775,0.19932,1.00332
14.2705,0.596857,0.20076,1.00335
14.2725,0.604535,0.20052,1.00334
14.2745,0.606671,0.19848,1.00331
14.2765,0.601394,0.19506,1.00325
14.2785,0.5963,0.1902,1.00317
14.2805,0.589658,0.18888,1.00315
14.2825,0.584619,0.19338,1.00322
14.2845,0.577868,0.19092,1.00318
14.2865,0.575234,0.19686,1.00328
14.2885,0.58767,0.19542,1.00326
14.2905,0.592268,0.2043,1.00341
14.2925,0.598848,0.20736,1.00346
14.2945,0.60957,0.20526,1.00342
14.2965,0.613022,0.20772,1.00346
14.2985,0.622887,0.20166,1.00336
14.3009,0.611781,0.19926,1.00332
14.3031,0.609052,0.192,1.0032
14.3051,0.600413,0.20058,1.00334
14.3071,0.604949,0.20328,1.00339
14.3089,0.613255,0.20616,1.00344
14.3111,0.618452,0.21498,1.00358
14.3131,0.629169,0.2112,1.00352
14.3151,0.632791,0.2124,1.00354
14.3169,0.629865,0.21732,1.00362
14.3191,0.644116,0.2142,1.00357
14.3211,0.649605,0.21138,1.00352
14.3231,0.64145,0.21,1.0035
14.3249,0.643033,0.20574,1.00343
14.3271,0.634889,0.2082,1.00347
14.3291,0.626838,0.21084,1.00351
14.3311,0.631421,0.21834,1.00364
14.333,0.639563,0.21846,1.00364
14.3355,0.655708,0.21474,1.00358
14.3375,0.637765,0.22128,1.00369
14.3395,0.661785,0.21822,1.00364
14.3415,0.657004,0.21342,1.00356
14.3435,0.650431,0.2115,1.00353
14.3455,0.640551,0.20976,1.0035
14.3475,0.639548,0.2061,1.00344
14.3495,0.632019,0.2043,1.00341
14.3521,0.619608,0.20676,1.00345
14.3541,0.630522,0.20526,1.00342
14.3561,0.618091,0.20976,1.0035
14.3581,0.625965,0.21192,1.00353
14.3601,0.633669,0.21468,1.00358
14.3621,0.638146,0.20802,1.00347
14.3641,0.626507,0.21186,1.00353
14.3661,0.630018,0.2073,1.00346
14.3681,0.631445,0.2022,1.00337
14.3701,0.624736,0.20172,1.00336
14.3721,0.613558,0.19938,1.00332
14.3741,0.612783,0.20058,1.00334
14.3761,0.605282,0.204,1.0034
14.3781,0.610495,0.20088,1.00335
14.3801,0.613226,0.21006,1.0035
14.3821,0.62276,0.20916,1.00349
14.3841,0.625445,0.207,1.00345
14.3861,0.622974,0.20442,1.00341
14.3881,0.622473,0.20466,1.00341
14.3901,0.621215,0.19572,1.00326
14.3921,0.608398,0.19584,1.00326
14.3941,0.599505,0.19158,1.00319
14.3961,0.592848,0.19158,1.00319
14.3981,0.585952,0.19032,1.00317
14.4001,0.576563,0.19242,1.00321
14.4021,0.579281,0.19584,1.00326
14.4041,0.573101,0.19218,1.0032
14.4065,0.577859,0.19452,1.00324
14.4085,0.58119,0.19656,1.00328
14.4105,0.588926,0.18744,1.00312
14.4125,0.580763,0.19044,1.00317
14.4151,0.577903,0.19212,1.0032
14.4171,0.578143,0.1824,1.00304
14.4191,0.565821,0.17322,1.00289
14.421,0.545337,0.16722,1.00279
14.4231,0.521842,0.16578,1.00276
14.4251,0.511055,0.16728,1.00279
14.4271,0.514834,0.16866,1.00281
14.429,0.513112,0.16974,1.00283
14.4311,0.512895,0.1737,1.0029
14.4331,0.512284,0.17574,1.00293
14.4351,0.518592,0.1746,1.00291
14.437,0.521586,0.16116,1.00269
14.4391,0.508986,0.16716,1.00279
14.4415,0.501006,0.15744,1.00262
14.4435,0.479047,0.15276,1.00255
14.4455,0.481328,0.14364,1.00239
14.4481,0.45454,0.14136,1.00236
14.4501,0.438959,0.13986,1.00233
14.4521,0.42212,0.13638,1.00227
14.4541,0.426577,0.1404,1.00234
14.4561,0.423057,0.14388,1.0024
14.4581,0.420181,0.14532,1.00242
14.4601,0.425089,0.15084,1.00251
14.4621,0.4371,0.14262,1.00238
14.4641,0.433428,0.13824,1.0023
14.4661,0.42524,0.13746,1.00229
14.4681,0.416659,0.12552,1.00209
14.4701,0.404608,0.12126,1.00202
14.4721,0.388908,0.11676,1.00195
14.4741,0.365257,0.11232,1.00187
14.4765,0.35321,0.11226,1.00187
14.4791,0.343295,0.11094,1.00185
14.4811,0.343193,0.11262,1.00188
14.4831,0.334642,0.11904,1.00198
14.485,0.343657,0.11952,1.00199
14.4871,0.348094,0.11826,1.00197
14.4891,0.34923,0.11628,1.00194
14.4911,0.353243,0.1089,1.00182
14.493,0.334639,0.11154,1.00186
14.4951,0.339738,0.09798,1.00163
14.4971,0.31192,0.09306,1.00155
14.4991,0.291859,0.09048,1.00151
14.501,0.290814,0.08712,1.00145
14.5031,0.276061,0.0843,1.00141
14.5051,0.26758,0.07926,1.00132
14.5071,0.25045,0.08364,1.00139
14.509,0.251046,0.08424,1.0014
14.5111,0.251783,0.09252,1.00154
14.5136,0.260996,0.09438,1.00157
14.5156,0.275338,0.0903,1.00151
14.5176,0.276775,0.08586,1.00143
14.5196,0.262419,0.08652,1.00144
14.5216,0.263727,0.07644,1.00127
14.5236,0.249946,0.07326,1.00122
14.5256,0.222774,0.06846,1.00114
14.5281,0.224193,0.06258,1.00104
14.5301,0.201121,0.06066,1.00101
14.5321,0.194125,0.05562,1.00093
14.5341,0.180248,0.05682,1.00095
14.5361,0.171482,0.06678,1.00111
14.5381,0.184981,0.06576,1.0011
14.5401,0.198207,0.07572,1.00126
14.5421,0.205753,0.07092,1.00118
14.5441,0.213044,0.0753,1.00126
14.5461,0.212615,0.06996,1.00117
14.5486,0.20347,0.06402,1.00107
14.5506,0.196308,0.05556,1.00093
14.5526,0.192018,0.04734,1.00079
14.5546,0.163032,0.04296,1.00072
14.5566,0.152511,0.03606,1.0006
14.5591,0.126514,0.03504,1.00058
14.5611,0.124787,0.0372,1.00062
14.5631,0.10772,0.04554,1.00076
14.565,0.117232,0.05376,1.0009
14.5671,0.156767,0.05238,1.00087
14.5691,0.138332,0.05364,1.00089
14.5711,0.145165,0.05256,1.00088
14.573,0.159766,0.04392,1.00073
14.5751,0.132969,0.03798,1.00063
14.5771,0.12352,0.03042,1.00051
14.5792,0.114605,0.0231,1.00039
14.581,0.091767,0.01908,1.00032
14.5836,0.079513,0.0117,1.0002
14.5856,0.050584,0.0114,1.00019
14.5876,0.035636,0.02208,1.00037
14.5896,0.064586,0.01986,1.00033
14.5922,0.059798,0.03264,1.00054
14.5942,0.077983,0.03216,1.00054
14.5961,0.077641,0.03606,1.0006
14.5982,0.09093,0.03156,1.00053
14.6002,0.109155,0.02934,1.00049
14.6021,0.083905,0.01914,1.00032
14.6042,0.076234,0.0153,1.00026
14.6062,0.077259,0.00882,1.00015
14.6082,0.031698,0.01338,1.00022
14.6102,0.051344,0.01302,1.00022
14.6122,0.039859,0.01986,1.00033
14.6142,0.048933,0.0288,1.00048
14.6162,0.078248,0.03516,1.00059
14.6182,0.082204,0.0411,1.00069
14.6206,0.105619,0.03876,1.00065
14.6232,0.100728,0.03168,1.00053
14.6252,0.102545,0.03246,1.00054
14.6272,0.093032,0.02184,1.00036
14.629,0.08261,0.01278,1.00021
14.6312,0.068701,0.00558,1.00009
14.6332,0.035027,0.00228,1.00004
14.6352,0.025591,0.01128,1.00019
14.637,0.039434,0.0153,1.00026
14.6392,0.034912,0.02214,1.00037
14.6412,0.041139,0.03024,1.0005
14.6432,0.068944,0.03342,1.00056
14.645,0.075291,0.03528,1.00059
14.6472,0.084779,0.03456,1.00058
14.6492,0.102508,0.02568,1.00043
14.6512,0.080234,0.01728,1.00029
14.653,0.064806,0.0042,1.00007
14.6556,0.048135,0.0042,0.999888
14.6576,0.021268,0.0042,0.999882
14.6592,0.011213,0.0042,0.999761
14.6606,0.017505,0.0042,0.999817
14.6622,0.017505,0.0042,0.999975
14.6636,0.011847,0.0042,0.999893
14.6652,0.011847,0.0003,1.00001
14.6672,0.001801,0.0003,0.999985
14.669,3.2e-05,0.00516,1.00009
14.6712,3.2e-05,0.00438,1.00007
14.6732,0.003786,0.00546,1.00009
14.6752,0.01831,0.00546,0.999931
14.677,0.01831,0.00546,0.999899
14.6782,0.002084,0.00546,0.999874
14.6802,0.002084,0.00546,0.999823
14.6822,0.002084,0.00546,0.999772
14.6842,0.006624,0.00546,0.999637
14.6866,0.006624,0.00546,0.99967
14.6882,0.006624,0.00546,0.999621
14.6902,0.008776,0.00546,0.999577
14.6922,0.008776,0.00546,0.99949
14.6942,0.008776,0.00546,0.999537
14.6952,0.008776,0.00546,0.999506
14.6972,0.008776,0.00546,0.99942
14.6992,0.008776,0.00546,0.999331
14.701,0.003724,0.00546,0.999338
14.7032,0.003724,0.00546,0.999296
14.7052,0.003724,0.00546,0.999231
14.7072,0.002151,0.00546,0.999224
14.709,0.012865,0.00546,0.999093
14.7102,0.001711,0.00546,0.999044
14.7122,0.006071,0.00546,0.998986
14.7142,0.006071,0.00546,0.998954
14.7162,0.006071,0.00546,0.998848
14.7192,0.006071,0.00546,0.998766
14.7212,0.011002,0.00546,0.998753
14.7232,0.011002,0.00546,0.998645
14.725,0.011002,0.00546,0.998587
14.7262,0.011002,0.00546,0.998612
14.7282,0.000596,0.00546,0.998484
14.7302,0.006728,0.00546,0.9984
14.7322,0.006728,0.00546,0.998338
14.7342,0.004845,0.00546,0.99822
14.7362,0.008835,0.00546,0.998218
14.7382,0.008835,0.00546,0.998026
14.7402,0.008835,0.00546,0.99797
14.7422,0.01171,0.00546,0.997857
14.7442,0.01171,0.00546,0.997622
14.7462,0.004296,0.00546,0.99747
14.7482,0.001881,0.00546,0.997444
14.7502,0.00639,0.00546,0.997194
14.7526,0.025392,0.00546,0.99703
14.7542,0.025392,0.00546,0.996688
14.7562,0.025392,0.00546,0.996567
14.7582,0.025392,0.00546,0.996341
14.7602,0.025392,0.00546,0.996076
14.7622,0.025392,0.00546,0.995851
14.7642,0.006326,0.00546,0.995537
14.7662,0.006326,0.00546,0.995332
14.7682,0.006326,0.00546,0.994989
14.7702,0.002436,0.00546,0.994528
14.7722,0.002436,0.00546,0.994207
14.7742,0.002436,0.00546,0.993996
14.7762,0.020867,0.00546,0.993619
14.7782,0.020867,0.00546,0.993277
14.7802,0.03083,0.00546,0.99301
14.7822,0.015897,0.00546,0.992667
14.7842,0.003732,0.00546,0.992478
14.7862,0.008373,0.00546,0.992225
14.7882,0.008373,0.00546,0.991864
14.7902,0.008373,0.00546,0.991629
14.7922,0.028513,0.00546,0.991383
14.7942,0.028513,0.00546,0.991124
14.7962,0.028513,0.00546,0.99091
14.7982,0.039256,0.00546,0.990609
14.8002,0.039256,0.00546,0.990396
14.8022,0.022454,0.00546,0.990151
14.8042,0.022454,0.00546,0.989756
14.8062,0.022454,0.00546,0.989588
14.8082,0.022454,0.00546,0.989306
14.8102,0.022454,0.00546,0.989123
14.8122,0.022454,0.00546,0.988933
14.8142,0.022454,0.00546,0.988727
14.8162,0.022454,0.00546,0.988475
14.8186,0.022454,0.00546,0.988281
14.8202,0.005264,0.00546,0.988123
14.8222,0.031143,0.00546,0.987921
14.8242,0.031143,0.00546,0.987711
14.8262,0.031143,0.00546,0.987558
14.8282,0.02978,0.00546,0.987398
14.8302,0.02978,0.00546,0.987157
14.8322,0.010075,0.00546,0.986996
14.8342,0.010075,0.00546,0.98688
14.8362,0.010075,0.00546,0.986627
14.8382,0.010075,0.00546,0.986388
14.8402,0.006995,0.00546,0.98619
14.8422,0.006995,0.00546,0.985957
14.8442,0.005909,0.00546,0.985778
14.8462,0.004327,0.00546,0.98545
14.8482,0.004327,0.00546,0.985158
14.8502,0.004327,0.00546,0.984903
14.8522,0.004327,0.00546,0.984562
14.8542,0.004327,0.00546,0.984277
14.8562,0.004327,0.00546,0.983975
14.8582,0.038835,0.00546,0.983608
14.8602,0.038835,0.00546,0.983251
14.8622,0.038835,0.00546,0.982932
14.8642,0.002157,0.00546,0.982483
14.8662,0.030003,0.00546,0.982159
14.8682,0.030003,0.00546,0.981851
14.8702,0.030003,0.00546,0.981508
14.8722,0.029301,0.00546,0.9812
14.8742,0.007381,0.00546,0.980915
14.8762,0.007381,0.00546,0.980669
14.8782,0.007381,0.00546,0.980534
14.8802,0.004,0.00546,0.980395
14.8822,0.004,0.00546,0.980179
14.8842,0.004,0.00546,0.980084
14.8866,0.019224,0.00546,0.980029
14.8882,0.019224,0.00546,0.979847
14.8902,0.019224,0.00546,0.979749
14.8922,0.019224,0.00546,0.979787
14.8942,0.012625,0.00546,0.979686
14.8962,0.012625,0.00546,0.979606
14.8982,0.012625,0.00546,0.979406
14.9002,0.012625,0.00546,0.979463
14.9022,0.004714,0.00546,0.979293
14.9042,0.004714,0.00546,0.979214
14.9062,0.004714,0.00546,0.979088
14.9082,0.04401,0.00546,0.979034
14.9102,0.00914,0.00546,0.978879
14.9122,0.010817,0.00546,0.978943
14.9142,0.010817,0.00546,0.978745
14.9162,0.009802,0.00546,0.97865
14.9186,0.006159,0.00546,0.978474
14.9202,0.032009,0.00546,0.978485
14.9222,0.032009,0.00546,0.97832
14.9242,0.00072,0.00546,0.97824
14.9262,0.00072,0.00546,0.978094
14.9282,0.01126,0.00546,0.978078
14.9302,0.016577,0.00546,0.977919
14.9322,0.016577,0.00546,0.977874
14.9342,0.012282,0.00546,0.97768
14.9362,0.012282,0.00546,0.977597
14.9382,0.010803,0.00546,0.977471
14.9402,0.010803,0.00546,0.977302
14.9422,0.010803,0.00546,0.977273
14.9442,0.019873,0.00546,0.977186
14.9462,0.019873,0.00546,0.977098
14.9482,0.019873,0.00546,0.977102
14.9502,0.019873,0.00546,0.977014
14.9526,0.024464,0.00546,0.977013
14.9542,0.008156,0.00546,0.977027
14.9562,0.008156,0.00546,0.977036
14.9582,0.008156,0.00546,0.977044
14.9602,0.01041,0.00546,0.977071
14.9622,0.017437,0.00546,0.977098
14.9642,0.017437,0.00546,0.977089
14.9662,0.017437,0.00546,0.977145
14.9682,0.015065,0.00546,0.977136
14.9702,0.022022,0.00546,0.977108
14.9722,0.010372,0.00546,0.977196
14.9742,0.010372,0.00546,0.977137
14.9762,0.010372,0.00546,0.977181
14.9782,0.010372,0.00546,0.977281
14.9802,0.047762,0.00546,0.977298
14.9822,0.047762,0.00546,0.97725
14.9842,0.005782,0.00546,0.977325
14.9862,0.015608,0.00546,0.977537
14.9882,0.001178,0.00546,0.977592
14.9902,0.001178,0.00546,0.977618
14.9922,0.001126,0.00546,0.977774
14.9942,0.013397,0.00546,0.97779
14.9962,0.011035,0.00546,0.977804
14.9982,0.011035,0.00546,0.977968
15.0002,0.003056,0.00546,0.978078
15.0022,0.001955,0.00546,0.978078
15.0042,0.001955,0.00546,0.978233
15.0062,0.001955,0.00546,0.978372
15.0082,0.001955,0.00546,0.978489
15.0102,0.001955,0.00546,0.978562
15.0122,0.023624,0.00546,0.978653
15.0142,0.023624,0.00546,0.978725
15.0162,0.023624,0.00546,0.978934
15.0182,0.011601,0.00546,0.978916
15.0202,0.02234,0.00546,0.979073
15.0232,0.001067,0.00546,0.979174
15.0252,0.001067,0.00546,0.979402
15.0272,0.001067,0.00546,0.979528
15.029,0.01339,0.00546,0.979663
15.0306,0.008899,0.00546,0.979799
15.0322,0.00242,0.00546,0.979979
15.0342,0.019085,0.00546,0.980082
15.0362,0.019085,0.00546,0.980264
15.0382,0.019085,0.00546,0.980437
15.0402,0.012476,0.00546,0.980507
15.0422,0.004735,0.00546,0.980687
15.0442,0.004735,0.00546,0.980844
15.0462,0.004735,0.00546,0.981084
15.0482,0.028125,0.00546,0.981286
15.0502,0.013514,0.00546,0.981382
15.0522,0.03746,0.00546,0.981645
15.0542,0.03746,0.00546,0.981815
15.0566,0.000906,0.00546,0.982065
15.0582,0.000906,0.00546,0.982213
15.0602,0.013603,0.00546,0.982392
15.0622,0.013187,0.00546,0.982554
15.0642,0.013187,0.00546,0.982712
15.0662,0.013187,0.00546,0.982987
15.0682,0.013359,0.00546,0.9832
15.0702,0.037535,0.00546,0.983436
15.0722,0.037535,0.00546,0.98374
15.0742,0.013109,0.00546,0.984054
15.0762,0.00625,0.00546,0.984264
15.0782,0.036808,0.00546,0.984606
15.0802,0.036808,0.00546,0.984865
15.0822,0.029374,0.00546,0.985186
15.0842,0.0023,0.00546,0.98562
15.0862,0.0023,0.00546,0.986024
15.0882,0.014969,0.00546,0.986446
15.0902,0.014969,0.00546,0.986913
15.0926,0.006056,0.00546,0.98723
15.0942,0.001462,0.00546,0.987711
15.0962,0.017985,0.00546,0.988029
15.0982,0.00179,0.00546,0.988411
15.1002,0.00179,0.00546,0.988692
15.1022,0.00179,0.00546,0.988945
15.1042,0.026651,0.00546,0.989237
15.1062,0.026651,0.00546,0.989639
15.1082,0.026651,0.00546,0.989788
15.1102,0.026651,0.00546,0.990149
15.1122,0.015491,0.00546,0.990457
15.1142,0.015491,0.00546,0.990607
15.1162,0.015491,0.00546,0.990994
15.1182,0.017616,0.00546,0.99124
15.1202,0.017616,0.00546,0.991507
15.1222,0.017616,0.00546,0.991808
15.1242,0.011549,0.00546,0.992085
15.1262,0.011549,0.00546,0.992373
15.1282,0.011549,0.00546,0.992691
15.1302,0.002327,0.00546,0.992911
15.1322,0.000986,0.00546,0.993203
15.1342,0.000986,0.00546,0.993421
15.1362,0.000986,0.00546,0.993578
15.1382,0.02385,0.00546,0.993812
15.1402,0.02385,0.00546,0.994001
15.1422,0.02385,0.00546,0.994132
15.1442,0.035768,0.00546,0.994285
15.1462,0.017953,0.00546,0.994494
15.1482,0.017953,0.00546,0.994667
15.1502,0.017953,0.00546,0.994798
15.1522,0.013257,0.00546,0.99497
15.1542,0.009471,0.00546,0.995088
15.1562,0.009471,0.00546,0.995243
15.1582,0.009471,0.00546,0.995439
15.1606,0.013172,0.00546,0.995605
15.1622,0.013172,0.00546,0.995845
15.1642,0.013172,0.00546,0.995827
15.1662,0.005284,0.00546,0.996042
15.1682,0.003245,0.00546,0.996241
15.1702,0.003245,0.00546,0.996431
15.1722,0.003245,0.00546,0.996561
15.1742,0.000563,0.00546,0.99677
15.1762,0.00231,0.00546,0.997028
15.1782,0.00231,0.00546,0.997188
15.1802,0.00954,0.00546,0.997398
15.1822,0.021203,0.00546,0.99762
15.1842,0.021203,0.00546,0.997942
15.1862,6e-06,0.00546,0.998066
15.1882,0.014007,0.00546,0.998315
15.1902,0.016473,0.00546,0.998623
15.1922,0.016473,0.00546,0.998873
15.1942,0.016473,0.00546,0.999186
15.1962,0.016473,0.00546,0.999452
15.1982,0.010898,0.00546,0.999731
15.2002,0.003349,0.00546,0.999967
15.2022,0.002775,0.01806,1.0003
15.2042,0.029117,0.0366,1.00061
15.2062,0.056996,0.05484,1.00091
15.2082,0.1128,0.0627,1.00104
15.2102,0.151063,0.07266,1.00121
15.2122,0.176254,0.06876,1.00115
15.2142,0.194169,0.06858,1.00114
15.2162,0.205911,0.05964,1.00099
15.2182,0.205955,0.05358,1.00089
15.2202,0.184576,0.05004,1.00083
15.2222,0.17328,0.04794,1.0008
15.2242,0.161615,0.04836,1.00081
15.2262,0.152656,0.05958,1.00099
15.2282,0.16685,0.07332,1.00122
15.2307,0.187059,0.0777,1.0013
15.2323,0.2045,0.07848,1.00131
15.2342,0.228401,0.07722,1.00129
15.2362,0.222501,0.07218,1.0012
15.2382,0.224502,0.06516,1.00109
15.2402,0.215058,0.06618,1.0011
15.2422,0.203624,0.05928,1.00099
15.2443,0.196593,0.05802,1.00097
15.2463,0.189552,0.0594,1.00099
15.2483,0.189116,0.0672,1.00112
15.2502,0.187334,0.06996,1.00117
15.2523,0.197249,0.0762,1.00127
15.2543,0.21629,0.07788,1.0013
15.2563,0.218281,0.08334,1.00139
15.2582,0.236275,0.07992,1.00133
15.2603,0.247308,0.08052,1.00134
15.2623,0.237671,0.07926,1.00132
15.2643,0.243082,0.07698,1.00128
15.2667,0.244859,0.07812,1.0013
15.2687,0.231769,0.07566,1.00126
15.2707,0.229348,0.0771,1.00129
15.2727,0.239163,0.07272,1.00121
15.2747,0.225515,0.0789,1.00131
15.2763,0.232016,0.0831,1.00138
15.2793,0.248014,0.08646,1.00144
15.2813,0.248738,0.09198,1.00153
15.2833,0.259477,0.08496,1.00142
15.2851,0.26642,0.0882,1.00147
15.2873,0.261219,0.0891,1.00149
15.2893,0.266211,0.08928,1.00149
15.2913,0.277679,0.0903,1.00151
15.2931,0.270803,0.0948,1.00158
15.2953,0.282189,0.0936,1.00156
15.2973,0.287227,0.09558,1.00159
15.2993,0.290203,0.1005,1.00168
15.3012,0.299049,0.10488,1.00175
15.3033,0.308172,0.10488,1.00175
15.3053,0.311725,0.11274,1.00188
15.3073,0.328529,0.1131,1.00189
15.3091,0.336508,0.11208,1.00187
15.3113,0.334767,0.11256,1.00188
15.3133,0.343592,0.11604,1.00193
15.3153,0.34683,0.11748,1.00196
15.3171,0.352617,0.11256,1.00188
15.3193,0.34017,0.11022,1.00184
15.3213,0.330881,0.11526,1.00192
15.3233,0.350509,0.12036,1.00201
15.3251,0.358139,0.11658,1.00194
15.3273,0.347258,0.11796,1.00197
15.3293,0.349411,0.12318,1.00205
15.3313,0.369656,0.12738,1.00212
15.3331,0.373392,0.1263,1.00211
15.3353,0.38083,0.12654,1.00211
15.3377,0.375139,0.1323,1.00221
15.3397,0.386452,0.12846,1.00214
15.3417,0.391888,0.12084,1.00201
15.3443,0.383978,0.12666,1.00211
15.3463,0.383535,0.12498,1.00208
15.3483,0.380184,0.11904,1.00198
15.3503,0.370685,0.12132,1.00202
15.3523,0.366072,0.12744,1.00212
15.3543,0.381965,0.12966,1.00216
15.3563,0.382699,0.12696,1.00212
15.3583,0.374953,0.12822,1.00214
15.3603,0.379693,0.12816,1.00214
15.3623,0.382628,0.11838,1.00197
15.3643,0.375021,0.12306,1.00205
15.3663,0.371132,0.12288,1.00205
15.3683,0.379648,0.11994,1.002
15.3703,0.36679,0.11604,1.00193
15.3727,0.359848,0.11856,1.00198
15.3753,0.364165,0.12786,1.00213
15.3773,0.381816,0.1251,1.00209
15.3793,0.373435,0.1287,1.00215
15.3811,0.38008,0.12684,1.00211
15.3833,0.374305,0.12642,1.00211
15.3853,0.378013,0.1239,1.00206
15.3873,0.378747,0.12264,1.00204
15.3891,0.370928,0.12246,1.00204
15.3913,0.37603,0.11538,1.00192
15.3933,0.363359,0.12798,1.00213
15.3953,0.374185,0.11712,1.00195
15.3971,0.368839,0.1287,1.00215
15.3993,0.375078,0.13176,1.0022
15.4013,0.383505,0.12288,1.00205
15.4033,0.380898,0.13218,1.0022
15.4051,0.38366,0.13098,1.00218
15.4077,0.390057,0.1302,1.00217
15.4097,0.392836,0.1296,1.00216
15.4117,0.386488,0.12888,1.00215
15.4137,0.396231,0.12264,1.00204
15.4157,0.379958,0.12354,1.00206
15.4177,0.373467,0.1257,1.0021
15.4197,0.384474,0.12762,1.00213
15.4217,0.373443,0.13176,1.0022
15.4243,0.38728,0.13926,1.00232
15.4263,0.403193,0.14148,1.00236
15.4283,0.425234,0.13614,1.00227
15.4303,0.410351,0.14214,1.00237
15.4323,0.428217,0.13782,1.0023
15.4343,0.419661,0.14076,1.00235
15.4363,0.418745,0.1326,1.00221
15.4383,0.408669,0.13188,1.0022
15.4403,0.401341,0.13788,1.0023
15.4423,0.413374,0.13722,1.00229
15.4447,0.40513,0.13488,1.00225
15.4467,0.407569,0.13902,1.00232
15.4487,0.41381,0.1401,1.00233
15.4507,0.418128,0.1476,1.00246
15.4527,0.437925,0.14322,1.00239
15.4553,0.431986,0.14442,1.00241
15.4573,0.431979,0.14418,1.0024
15.4593,0.436481,0.14262,1.00238
15.4611,0.441708,0.1434,1.00239
15.4633,0.432911,0.141,1.00235
15.4653,0.430039,0.14616,1.00244
15.4673,0.438432,0.14364,1.00239
15.4691,0.435853,0.14628,1.00244
15.4713,0.440063,0.14586,1.00243
15.4733,0.443311,0.14832,1.00247
15.4753,0.442388,0.15084,1.00251
15.4771,0.453253,0.14622,1.00244
15.4797,0.441833,0.14994,1.0025
15.4817,0.45264,0.1467,1.00245
15.4837,0.442247,0.15048,1.00251
15.4857,0.443635,0.14712,1.00245
15.4883,0.450428,0.15354,1.00256
15.4903,0.459758,0.15258,1.00254
15.4923,0.460383,0.15408,1.00257
15.4943,0.461996,0.1512,1.00252
15.4963,0.463084,0.15336,1.00256
15.4983,0.457178,0.14562,1.00243
15.5003,0.454016,0.15012,1.0025
15.5033,0.455067,0.14916,1.00249
15.5053,0.451663,0.15162,1.00253
15.5073,0.458924,0.15534,1.00259
15.5091,0.458384,0.15888,1.00265
15.5113,0.466207,0.15846,1.00264
15.5133,0.475338,0.16398,1.00273
15.5153,0.481886,0.16788,1.0028
15.5173,0.50131,0.16566,1.00276
15.5193,0.495766,0.16116,1.00269
15.5213,0.491402,0.16296,1.00272
15.5233,0.502245,0.15576,1.0026
15.5251,0.482215,0.15984,1.00266
15.5273,0.48585,0.16356,1.00273
15.5293,0.490022,0.162,1.0027
15.5313,0.491095,0.16296,1.00272
15.5331,0.496535,0.1623,1.00271
15.5353,0.485944,0.16836,1.00281
15.5373,0.493025,0.16362,1.00273
15.5393,0.498921,0.1599,1.00267
15.5411,0.491008,0.16458,1.00274
15.5433,0.501382,0.15858,1.00264
15.5453,0.488757,0.15912,1.00265
15.5473,0.481645,0.15846,1.00264
15.5491,0.488659,0.15798,1.00263
15.5517,0.48053,0.15876,1.00265
15.5537,0.482582,0.15894,1.00265
15.5557,0.477567,0.1617,1.0027
15.5577,0.482536,0.15906,1.00265
15.5597,0.480492,0.1602,1.00267
15.5617,0.478258,0.16032,1.00267
15.5637,0.49085,0.15426,1.00257
15.5657,0.479277,0.14994,1.0025
15.5683,0.462166,0.15228,1.00254
15.5703,0.459417,0.15096,1.00252
15.5723,0.463108,0.1455,1.00243
15.5743,0.453389,0.14796,1.00247
15.5763,0.450669,0.14406,1.0024
15.5783,0.43086,0.1512,1.00252
15.5803,0.450589,0.15006,1.0025
15.5833,0.446172,0.1491,1.00249
15.5853,0.445089,0.14994,1.0025
15.5873,0.44826,0.14376,1.0024
15.5893,0.434621,0.14358,1.00239
15.5913,0.428806,0.1368,1.00228
15.5933,0.429938,0.13854,1.00231
15.5953,0.417987,0.13038,1.00217
15.5971,0.406721,0.12894,1.00215
15.5993,0.39905,0.13656,1.00228
15.6013,0.396054,0.13866,1.00231
15.6033,0.406783,0.13914,1.00232
15.6051,0.4177,0.14208,1.00237
15.6073,0.417991,0.13788,1.0023
15.6093,0.414826,0.13686,1.00228
15.6113,0.418702,0.129,1.00215
15.6131,0.401956,0.12984,1.00216
15.6153,0.39929,0.12162,1.00203
15.6173,0.382659,0.1233,1.00206
15.6193,0.377732,0.12378,1.00206
15.6211,0.379643,0.12096,1.00202
15.6233,0.370677,0.12024,1.002
15.6253,0.362362,0.1227,1.00205
15.6273,0.370863,0.12504,1.00208
15.6291,0.365699,0.12186,1.00203
15.6313,0.364214,0.12222,1.00204
15.6333,0.366743,0.12606,1.0021
15.6353,0.369927,0.11682,1.00195
15.6371,0.372353,0.11388,1.0019
15.6393,0.354066,0.11706,1.00195
15.6413,0.354679,0.11352,1.00189
15.6433,0.349381,0.11154,1.00186
15.6451,0.336865,0.10998,1.00183
15.6473,0.341671,0.10728,1.00179
15.6493,0.326265,0.10926,1.00182
15.6513,0.33299,0.1083,1.00181
15.6531,0.326856,0.09876,1.00165
15.6553,0.310463,0.10536,1.00176
15.6577,0.306997,0.10314,1.00172
15.6597,0.308948,0.10542,1.00176
15.6617,0.316198,0.10434,1.00174
15.6643,0.316455,0.10086,1.00168
15.6663,0.306863,0.09966,1.00166
15.6683,0.312631,0.09786,1.00163
15.6703,0.293465,0.09222,1.00154
15.6723,0.287784,0.0897,1.0015
15.6743,0.283937,0.09054,1.00151
15.6763,0.27218,0.08394,1.0014
15.6793,0.268279,0.0906,1.00151
15.6813,0.267206,0.09414,1.00157
15.6833,0.278898,0.0855,1.00143
15.6852,0.266175,0.08904,1.00148
15.6873,0.262437,0.09024,1.0015
15.6893,0.266987,0.09078,1.00151
15.6913,0.28161,0.08256,1.00138
15.6931,0.26,0.08688,1.00145
15.6957,0.264545,0.08394,1.0014
15.6977,0.255087,0.07878,1.00131
15.6997,0.258352,0.072,1.0012
15.7017,0.231843,0.07548,1.00126
15.7037,0.235348,0.07638,1.00127
15.7057,0.219831,0.07476,1.00125
15.7077,0.224446,0.0837,1.0014
15.7097,0.238233,0.08532,1.00142
15.7123,0.254396,0.08448,1.00141
15.7143,0.248188,0.07644,1.00127
15.7163,0.245227,0.07512,1.00125
15.7183,0.227259,0.06858,1.00114
15.7203,0.221902,0.07026,1.00117
15.7223,0.213219,0.06498,1.00108
15.7243,0.203758,0.06162,1.00103
15.7273,0.198561,0.06804,1.00113
15.7293,0.189796,0.07668,1.00128
15.7317,0.221,0.07476,1.00125
15.7337,0.211656,0.07392,1.00123
15.7357,0.217668,0.07326,1.00122
15.7377,0.231191,0.06798,1.00113
15.7397,0.212916,0.06222,1.00104
15.7417,0.207603,0.06156,1.00103
15.7443,0.198369,0.05694,1.00095
15.7463,0.178192,0.06462,1.00108
15.7483,0.18932,0.0621,1.00104
15.7503,0.182736,0.06444,1.00107
15.7523,0.182784,0.06966,1.00116
15.7543,0.203087,0.0672,1.00112
15.7563,0.201211,0.06858,1.00114
15.7583,0.194973,0.06384,1.00106
15.7603,0.196692,0.06294,1.00105
15.7623,0.196353,0.0621,1.00104
15.7643,0.187521,0.05856,1.00098
15.7667,0.182852,0.05208,1.00087
15.7687,0.16905,0.05622,1.00094
15.7707,0.168527,0.06,1.001
15.7727,0.16933,0.06156,1.00103
15.7747,0.17555,0.06162,1.00103
15.7767,0.17996,0.06486,1.00108
15.7787,0.180213,0.06768,1.00113
15.7807,0.200689,0.06378,1.00106
15.7827,0.203815,0.06552,1.00109
15.7847,0.189512,0.04824,1.0008
15.7867,0.175343,0.04536,1.00076
15.7887,0.149847,0.04806,1.0008
15.7907,0.147717,0.0363,1.00061
15.7927,0.128926,0.0369,1.00062
15.7947,0.124287,0.03966,1.00066
15.7967,0.111542,0.04278,1.00071
15.7987,0.11679,0.03558,1.00059
15.8007,0.100977,0.03654,1.00061
15.8033,0.108128,0.03834,1.00064
15.8052,0.112717,0.0324,1.00054
15.8073,0.110823,0.03018,1.0005
15.8093,0.091215,0.03024,1.0005
15.8113,0.102041,0.02076,1.00035
15.8132,0.07511,0.02142,1.00036
15.8153,0.069903,0.01536,1.00026
15.8173,0.052884,0.01728,1.00029
15.8193,0.052278,0.02214,1.00037
15.8212,0.065394,0.01536,1.00026
15.8233,0.050159,0.02022,1.00034
15.8253,0.065061,0.01764,1.00029
15.8273,0.044815,0.0192,1.00032
15.8292,0.05538,0.0168,1.00028
15.8313,0.05191,0.01398,1.00023
15.8333,0.045554,0.01554,1.00026
15.8353,0.053184,0.0159,1.00027
15.8378,0.043822,0.0132,1.00022
15.8403,0.040905,0.0195,1.00033
15.8423,0.051747,0.01608,1.00027
15.8443,0.047266,0.0126,1.00021
15.8463,0.041272,0.01914,1.00032
15.8483,0.044813,0.01872,1.00031
15.8503,0.059492,0.02484,1.00041
15.8523,0.053494,0.02034,1.00034
15.8543,0.056346,0.01938,1.00032
15.8563,0.058045,0.02112,1.00035
15.8583,0.064857,0.01776,1.0003
15.8603,0.054334,0.01734,1.00029
15.8623,0.06485,0.01938,1.00032
15.8643,0.064944,0.0234,1.00039
15.8663,0.059056,0.01932,1.00032
15.8683,0.067113,0.02232,1.00037
15.8703,0.05906,0.02652,1.00044
15.8728,0.071412,0.02244,1.00037
15.8748,0.077604,0.02286,1.00038
15.8768,0.068348,0.01434,1.00024
15.8788,0.06065,0.0165,1.00028
15.8808,0.050802,0.00858,1.00014
15.8828,0.035268,0.0123,1.00021
15.8848,0.044637,0.0129,1.00022
15.8873,0.034964,0.01488,1.00025
15.8893,0.04649,0.00972,1.00016
15.8913,0.026592,0.01542,1.00026
15.8932,0.031593,0.01002,1.00017
15.8953,0.042084,0.00324,1.00005
15.8973,0.018996,0.00258,1.00004
15.8993,0.017119,0.00258,0.999995
15.9012,0.017119,0.00258,0.9999
15.9028,0.004436,0.00258,0.999923
15.9043,0.004436,0.00258,0.999967
15.9063,0.004498,0.00258,0.999955
15.9088,0.009677,0.00258,0.999935
15.9103,0.001099,0.00258,0.999918
15.9123,0.001157,0.00258,0.999885
15.9143,0.006582,0.00258,0.999971
15.9163,0.006582,0.00258,0.999918
15.9183,0.006972,0.00258,0.999872
15.9203,0.010278,0.00258,0.999805
15.9223,0.010278,0.00258,0.999722
15.9244,0.010278,0.00258,0.999722
15.9263,0.010278,0.00258,0.999668
15.9283,0.006846,0.00258,0.999595
15.9303,0.006846,0.00258,0.999638
15.9324,0.000167,0.00258,0.999644
15.9343,0.000167,0.00258,0.999574
15.9364,0.000167,0.00258,0.999574
15.9384,0.004567,0.00258,0.999517
15.9404,0.008597,0.00258,0.999496
15.9423,0.008597,0.00258,0.999432
15.9444,0.008597,0.00258,0.999467
15.9464,0.008622,0.00258,0.999494
15.9484,0.008622,0.00258,0.999497
15.9504,0.01061,0.00258,0.999385
15.9524,0.0147,0.00258,0.999476
15.9544,0.0147,0.00258,0.999565
15.9564,0.0147,0.00258,0.999569
15.9584,0.0147,0.00258,0.999457
15.9604,0.0147,0.00258,0.999589
15.9624,0.0147,0.00258,0.999517
15.9644,0.004897,0.00258,0.999572
15.9664,0.004897,0.00258,0.999535
15.9684,0.004897,0.00258,0.999637
15.9704,0.002052,0.00258,0.999646
15.9724,0.003082,0.00258,0.999676
15.9744,0.010048,0.00258,0.999754
15.9768,0.010048,0.00258,0.999708
15.9784,0.004847,0.00258,0.999751
15.9804,0.004847,0.00258,0.999729
15.9824,0.001166,0.00258,0.999813
15.9844,0.004628,0.00258,0.999786
15.9864,0.004628,0.00258,0.999792
15.9884,0.004628,0.00258,0.999767
15.9904,0.004628,0.00258,0.999762
15.9924,0.004628,0.00258,0.999741
15.9944,0.004628,0.00258,0.999798
15.9964,0.010863,0.00258,0.999815
15.9984,0.010863,0.00258,0.999758
16.0004,0.010863,0.00258,0.999745
16.0024,0.00309,0.00258,0.999754
16.0044,0.007668,0.00258,0.999787
16.0064,5.9e-05,0.00258,0.99976
16.0084,5.9e-05,0.00258,0.999823
16.0104,5.9e-05,0.00258,0.999726
16.0124,5.9e-05,0.00258,0.999708
16.0144,0.012976,0.00258,0.999738
16.0164,0.011754,0.00258,0.999758
16.0184,0.011754,0.00258,0.999739
16.0204,0.011754,0.00258,0.999726
16.0224,0.011754,0.00258,0.999761
16.0244,0.007675,0.00258,0.999648
16.0264,0.007675,0.00258,0.999754
16.0284,0.007675,0.00258,0.999714
16.0304,0.007675,0.00258,0.999782
16.0324,0.007675,0.00258,0.999678
16.0344,0.007675,0.00258,0.999723
16.0364,0.007675,0.00258,0.999775
16.0384,0.007675,0.00258,0.999738
16.0404,0.007675,0.00258,0.999731
16.0424,0.007675,0.00258,0.99972
16.0444,0.007675,0.00258,0.999752
16.0464,0.007675,0.00258,0.99969
16.0484,0.007675,0.00258,0.999696
16.0504,0.000116,0.00258,0.999681
16.0524,0.008346,0.00258,0.999741
16.0544,0.001142,0.00258,0.999651
16.0564,0.001142,0.00258,0.999634
16.0584,0.001142,0.00258,0.999646
16.0604,0.007675,0.00258,0.999704
16.0624,0.007675,0.00258,0.999657
16.0644,0.007675,0.00258,0.999549
16.0664,0.007675,0.00258,0.999581
16.0684,0.01368,0.00258,0.999562
16.0704,0.01368,0.00258,0.999626
16.0724,0.01368,0.00258,0.999593
16.0744,0.008353,0.00258,0.999545
16.0764,0.002216,0.00258,0.999479
16.0784,0.002216,0.00258,0.999464
16.0804,0.002216,0.00258,0.999487
16.0824,0.006821,0.00258,0.999542
16.0844,0.006821,0.00258,0.999435
16.0864,0.002932,0.00258,0.999491
16.0884,0.00044,0.00258,0.999387
16.0904,0.008901,0.00258,0.999477
16.0924,0.003363,0.00258,0.99945
16.0944,0.009594,0.00258,0.999389
16.0964,0.001135,0.00258,0.999313
16.0984,0.010796,0.00258,0.999336
16.1004,0.010796,0.00258,0.999391
16.1024,0.006462,0.00258,0.999403
16.1044,0.006462,0.00258,0.999298
16.1064,0.009011,0.00258,0.999291
16.1084,0.009011,0.00258,0.999293
16.1104,0.010989,0.00258,0.999265
16.1124,0.010989,0.00258,0.999206
16.1144,0.012167,0.00258,0.999152
16.1164,0.012167,0.00258,0.999147
16.1184,0.007061,0.00258,0.999111
16.1204,0.007061,0.00258,0.998997
16.1224,0.008503,0.00258,0.999145
16.1244,0.008503,0.00258,0.998908
16.1264,0.01033,0.00258,0.998922
16.1284,0.001121,0.00258,0.998857
16.1304,0.007377,0.00258,0.998847
16.1324,0.007377,0.00258,0.998669
16.1344,0.008912,0.00258,0.998601
16.1364,0.007571,0.00258,0.99853
16.1384,0.007571,0.00258,0.998272
16.1404,0.007571,0.00258,0.99824
16.1424,0.005834,0.00258,0.998084
16.1444,0.009109,0.00258,0.997928
16.1464,0.007864,0.00258,0.997668
16.1484,0.007864,0.00258,0.997484
16.1504,0.007864,0.00258,0.997244
16.1524,0.003577,0.00258,0.996974
16.1544,0.003577,0.00258,0.99678
16.1564,0.003577,0.00258,0.996651
16.1584,0.003577,0.00258,0.996351
16.1604,0.003577,0.00258,0.99615
16.1624,0.003577,0.00258,0.995912
16.1644,0.016447,0.00258,0.99567
16.1664,0.001373,0.00258,0.995387
16.1684,0.001373,0.00258,0.995085
16.1704,0.030399,0.00258,0.994893
16.1724,0.001578,0.00258,0.994615
16.1744,0.005993,0.00258,0.994433
16.1764,0.020181,0.00258,0.994173
16.1784,0.020181,0.00258,0.993964
16.1808,0.020181,0.00258,0.993763
16.1824,0.034643,0.00258,0.993491
16.1844,0.034643,0.00258,0.993266
16.1864,0.034643,0.00258,0.993106
16.1884,0.025632,0.00258,0.992978
16.1904,0.002636,0.00258,0.992781
16.1924,0.002636,0.00258,0.992651
16.1944,0.015177,0.00258,0.992465
16.1964,0.015177,0.00258,0.99237
16.1984,0.015177,0.00258,0.992311
16.2004,0.010752,0.00258,0.992168
16.2024,0.010752,0.00258,0.992016
16.2044,0.003019,0.00258,0.992008
16.2064,0.003019,0.00258,0.991919
16.2084,0.003019,0.00258,0.991863
16.2104,0.003019,0.00258,0.991779
16.2128,0.021256,0.00258,0.991631
16.2144,0.012205,0.00258,0.991522
16.2164,0.012205,0.00258,0.991493
16.2184,0.012205,0.00258,0.991439
16.2204,0.03063,0.00258,0.99136
16.2224,0.03063,0.00258,0.99114
16.2244,0.03063,0.00258,0.991058
16.2264,0.03063,0.00258,0.990866
16.2284,0.006518,0.00258,0.990799
16.2304,0.006518,0.00258,0.990617
16.2324,0.000137,0.00258,0.990518
16.2344,2e-05,0.00258,0.990336
16.2364,2e-05,0.00258,0.990151
16.2384,0.008594,0.00258,0.989947
16.2404,0.008594,0.00258,0.989797
16.2424,0.008594,0.00258,0.989465
16.2444,0.004129,0.00258,0.98936
16.2464,0.013521,0.00258,0.989072
16.2484,0.013521,0.00258,0.98891
16.2504,0.013521,0.00258,0.988732
16.2524,0.013521,0.00258,0.988425
16.2544,0.024129,0.00258,0.988306
16.2564,0.024129,0.00258,0.988137
16.2584,0.002744,0.00258,0.987942
16.2604,0.010039,0.00258,0.987655
16.2624,0.010039,0.00258,0.987525
16.2644,0.010039,0.00258,0.987394
16.2664,0.006378,0.00258,0.987092
16.2684,0.006378,0.00258,0.98699
16.2704,0.018548,0.00258,0.986775
16.2724,0.038469,0.00258,0.986617
16.2744,0.038469,0.00258,0.986511
16.2764,0.038469,0.00258,0.986296
16.2784,0.012769,0.00258,0.986155
16.2808,0.030915,0.00258,0.986119
16.2824,0.000713,0.00258,0.985951
16.2844,0.026467,0.00258,0.985805
16.2864,0.008762,0.00258,0.98574
16.2884,0.008762,0.00258,0.985579
16.2904,0.022996,0.00258,0.985466
16.2924,0.022996,0.00258,0.985418
16.2944,0.022996,0.00258,0.985332
16.2964,0.022996,0.00258,0.985288
16.2984,0.022939,0.00258,0.985029
16.3004,0.023242,0.00258,0.985063
16.3024,0.030864,0.00258,0.985083
16.3044,0.022144,0.00258,0.984912
16.3064,0.046775,0.00258,0.984931
16.3084,0.046775,0.00258,0.984918
16.3104,0.046775,0.00258,0.984919
16.3124,0.006307,0.00258,0.984888
16.3144,0.005605,0.00258,0.984893
16.3164,0.005554,0.00258,0.984821
16.3184,0.005554,0.00258,0.9849
16.3204,0.005554,0.00258,0.984943
16.3224,0.005554,0.00258,0.984935
16.3244,0.026523,0.00258,0.984961
16.3264,0.005469,0.00258,0.984989
16.3284,0.012502,0.00258,0.985022
16.3304,0.012502,0.00258,0.985083
16.3324,0.012502,0.00258,0.98512
16.3344,0.04681,0.00258,0.985166
16.3364,0.04681,0.00258,0.985224
16.3384,0.04681,0.00258,0.985268
16.3404,0.04681,0.00258,0.985328
16.3424,0.027582,0.00258,0.985413
16.3444,0.027582,0.00258,0.985457
16.3464,0.027582,0.00258,0.98546
16.3484,0.005322,0.00258,0.985606
16.3504,0.031041,0.00258,0.985772
16.3524,0.031041,0.00258,0.985864
16.3544,0.031041,0.00258,0.985991
16.3564,0.006613,0.00258,0.986068
16.3584,0.006613,0.00258,0.986152
16.3604,0.006613,0.00258,0.986407
16.3624,0.006662,0.00258,0.986461
16.3644,0.006662,0.00258,0.986751
16.3664,0.006662,0.00258,0.986881
16.3684,0.020171,0.00258,0.986995
16.3704,0.023502,0.00258,0.987259
16.3724,0.023502,0.00258,0.987416
16.3744,0.004994,0.00258,0.98755
16.3764,0.004994,0.00258,0.987743
16.3784,0.00888,0.00258,0.987791
16.3804,0.00888,0.00258,0.988037
16.3828,0.00888,0.00258,0.988174
16.3844,0.025876,0.00258,0.988336
16.3864,0.025822,0.00258,0.988476
16.3884,0.025822,0.00258,0.988593
16.3904,0.025822,0.00258,0.988686
16.3924,0.025822,0.00258,0.988892
16.3944,0.029981,0.00258,0.988903
16.3964,0.029981,0.00258,0.989116
16.3984,0.029981,0.00258,0.989238
16.4004,0.029981,0.00258,0.989448
16.4024,0.022733,0.00258,0.989633
16.4044,0.022733,0.00258,0.989833
16.4064,9.2e-05,0.00258,0.990053
16.4084,0.015816,0.00258,0.990223
16.4104,0.015816,0.00258,0.990456
16.4124,0.015816,0.00258,0.990692
16.4144,0.015816,0.00258,0.990855
16.4164,0.015637,0.00258,0.991218
16.4184,0.014194,0.00258,0.991515
16.4204,0.014194,0.00258,0.991663
16.4224,0.016461,0.00258,0.992028
16.4244,0.00192,0.00258,0.992262
16.4264,0.00192,0.00258,0.992558
16.4284,0.02805,0.00258,0.992911
16.4304,0.011336,0.00258,0.993197
16.4324,0.008312,0.00258,0.993499
16.4344,0.020526,0.00258,0.993743
16.4364,0.019019,0.00258,0.994076
16.4384,0.019019,0.00258,0.994321
16.4404,0.019019,0.00258,0.994618
16.4424,0.017611,0.00258,0.994961
16.4444,0.009353,0.00258,0.995312
16.4464,0.009353,0.00258,0.995524
16.4484,0.009353,0.00258,0.995852
16.4504,0.009353,0.00258,0.996254
16.4528,0.021114,0.00258,0.996566
16.4544,0.021114,0.00258,0.99699
16.4564,0.001598,0.00258,0.99726
16.4584,0.000521,0.00258,0.997569
16.4604,0.016889,0.00258,0.997804
16.4624,0.006514,0.00258,0.998173
16.4644,0.006514,0.00258,0.998451
16.4664,0.006514,0.00258,0.998816
16.4684,0.006514,0.00258,0.999119
16.4704,0.000417,0.00258,0.999396
16.4724,0.009397,0.00258,0.999636
16.4744,0.009397,0.00258,0.999958
16.4764,0.009397,0.01164,1.00019
16.4784,0.010159,0.03486,1.00058
16.4804,0.054721,0.04518,1.00075
16.4824,0.108061,0.05538,1.00092
16.4844,0.128989,0.06186,1.00103
16.4864,0.152428,0.0561,1.00094
16.4889,0.156793,0.05784,1.00096
16.4909,0.173327,0.05214,1.00087
16.4929,0.173285,0.048,1.0008
16.4949,0.173493,0.05034,1.00084
16.4968,0.156919,0.05076,1.00085
16.4989,0.15762,0.0522,1.00087
16.5009,0.152411,0.06096,1.00102
16.5029,0.175583,0.06018,1.001
16.5048,0.180045,0.06396,1.00107
16.5069,0.179299,0.06168,1.00103
16.5089,0.1851,0.06726,1.00112
16.5109,0.192172,0.05664,1.00094
16.5128,0.196664,0.05322,1.00089
16.5149,0.177781,0.0558,1.00093
16.5173,0.168767,0.05472,1.00091
16.5194,0.166544,0.05922,1.00099
16.5214,0.179908,0.0672,1.00112
16.5239,0.198541,0.07722,1.00129
16.5264,0.223958,0.07476,1.00125
16.5284,0.220448,0.08238,1.00137
16.5304,0.23241,0.07734,1.00129
16.5324,0.240075,0.08124,1.00135
16.5344,0.249062,0.0807,1.00135
16.5364,0.240035,0.07656,1.00128
16.5384,0.231688,0.08088,1.00135
16.5404,0.244845,0.07806,1.0013
16.5424,0.246046,0.08718,1.00145
16.5444,0.252459,0.08202,1.00137
16.5464,0.251233,0.09168,1.00153
16.5484,0.271376,0.09438,1.00157
16.5504,0.265835,0.10224,1.0017
16.5524,0.288494,0.10686,1.00178
16.5544,0.307328,0.114,1.0019
16.5564,0.325352,0.11502,1.00192
16.5589,0.330668,0.11022,1.00184
16.5609,0.33622,0.10776,1.0018
16.5629,0.332863,0.10428,1.00174
16.5649,0.334313,0.10356,1.00173
16.5669,0.326398,0.105,1.00175
16.5689,0.320975,0.11082,1.00185
16.5709,0.328222,0.11178,1.00186
16.5729,0.341395,0.12042,1.00201
16.5749,0.357675,0.12498,1.00208
16.5769,0.363304,0.12846,1.00214
16.5789,0.379945,0.12618,1.0021
16.5809,0.373464,0.1311,1.00219
16.5829,0.392671,0.1314,1.00219
16.5849,0.399574,0.12522,1.00209
16.5869,0.394249,0.12288,1.00205
16.5889,0.375355,0.12132,1.00202
16.5909,0.371146,0.11676,1.00195
16.5929,0.370438,0.12108,1.00202
16.5955,0.362668,0.12042,1.00201
16.5973,0.363372,0.1311,1.00219
16.5995,0.382668,0.13236,1.00221
16.6015,0.389344,0.13056,1.00218
16.6035,0.388357,0.1368,1.00228
16.6053,0.394744,0.13428,1.00224
16.6075,0.398431,0.12882,1.00215
16.6095,0.39196,0.12732,1.00212
16.6115,0.392228,0.12624,1.0021
16.6133,0.390323,0.11982,1.002
16.6155,0.369943,0.11922,1.00199
16.6175,0.365267,0.12306,1.00205
16.6195,0.373313,0.12672,1.00211
16.6213,0.36668,0.13032,1.00217
16.6235,0.380752,0.12588,1.0021
16.6255,0.385562,0.12828,1.00214
16.6275,0.377083,0.12804,1.00213
16.6294,0.384102,0.12546,1.00209
16.6315,0.38164,0.12276,1.00205
16.6335,0.372604,0.11742,1.00196
16.6355,0.367273,0.11742,1.00196
16.6373,0.371626,0.11304,1.00188
16.6395,0.346315,0.11454,1.00191
16.6415,0.343478,0.11322,1.00189
16.6435,0.355638,0.10926,1.00182
16.6453,0.330907,0.1119,1.00187
16.6475,0.330209,0.11454,1.00191
16.6495,0.341147,0.11526,1.00192
16.6515,0.343147,0.11436,1.00191
16.6533,0.334824,0.11508,1.00192
16.6555,0.342686,0.10626,1.00177
16.6575,0.331686,0.10512,1.00175
16.6595,0.332858,0.10302,1.00172
16.6613,0.31523,0.10386,1.00173
16.6635,0.31056,0.09486,1.00158
16.6659,0.295711,0.09534,1.00159
16.6679,0.305999,0.09282,1.00155
16.6699,0.284293,0.09234,1.00154
16.6725,0.278569,0.09192,1.00153
16.6745,0.282426,0.09192,1.00153
16.6765,0.273533,0.08604,1.00143
16.6785,0.268053,0.08868,1.00148
16.6805,0.26052,0.08526,1.00142
16.6825,0.265989,0.07836,1.00131
16.6845,0.254407,0.07668,1.00128
16.6865,0.24059,0.0696,1.00116
16.6885,0.231605,0.06318,1.00105
16.6905,0.196815,0.05358,1.00089
16.6925,0.180218,0.0528,1.00088
16.6945,0.166372,0.04776,1.0008
16.6965,0.154554,0.0486,1.00081
16.6985,0.147589,0.0468,1.00078
16.7009,0.1382,0.04614,1.00077
16.7035,0.133845,0.0543,1.00091
16.7055,0.157135,0.05724,1.00095
16.7075,0.152755,0.04524,1.00075
16.7093,0.143157,0.0402,1.00067
16.7115,0.129219,0.03258,1.00054
16.7135,0.121306,0.0282,1.00047
16.7155,0.096272,0.01458,1.00024
16.7173,0.069856,0.01182,1.0002
16.7195,0.054301,0.00576,1.0001
16.7215,0.046138,0.00576,0.999967
16.7235,0.018444,0.0003,1.00001
16.7253,0.005192,0.00084,1.00001
16.7275,0.005192,0.00474,1.00008
16.7295,0.004337,0.00792,1.00013
16.7315,0.026127,0.00534,1.00009
16.7333,0.00671,0.00546,1.00009
16.7359,0.011144,0.00048,1.00001
16.7379,0.001275,0.00048,0.99994
16.7399,0.001275,0.00048,0.999799
16.7413,0.001142,0.00048,0.999664
16.7429,0.001142,0.00048,0.999627
16.7445,0.007077,0.00048,0.999371
16.7465,0.000752,0.00048,0.999377
16.7485,0.000752,0.00048,0.999204
16.7505,0.008816,0.00048,0.998843
16.7525,0.008816,0.00048,0.998683
16.7545,0.003464,0.00048,0.998465
16.7565,0.007514,0.00048,0.998201
16.7585,0.007514,0.00048,0.997976
16.7605,0.007514,0.00048,0.99772
16.7625,0.007514,0.00048,0.997435
16.7645,0.011293,0.00048,0.997102
16.7665,0.011293,0.00048,0.996752
16.7689,0.012819,0.00048,0.996369
16.7705,0.012819,0.00048,0.995857
16.7725,0.012819,0.00048,0.995532
16.7745,0.012819,0.00048,0.995149
16.7765,0.018774,0.00048,0.994705
16.7785,0.018774,0.00048,0.994105
16.7805,0.018774,0.00048,0.993668
16.7825,0.018774,0.00048,0.993097
16.7845,0.025845,0.00048,0.992488
16.7865,0.025845,0.00048,0.991991
16.7885,0.025845,0.00048,0.991473
16.7905,0.025845,0.00048,0.991011
16.7925,0.025845,0.00048,0.990309
16.7945,0.012955,0.00048,0.989812
16.7965,0.012955,0.00048,0.989063
16.7985,0.012955,0.00048,0.988454
16.8005,0.007672,0.00048,0.987752
16.8029,0.022579,0.00048,0.987003
16.8045,0.022579,0.00048,0.98617
16.8065,0.013509,0.00048,0.985616
16.8085,0.037988,0.00048,0.984776
16.8105,0.037988,0.00048,0.984044
16.8125,0.025235,0.00048,0.983174
16.8145,0.000896,0.00048,0.98229
16.8165,0.014647,0.00048,0.9814
16.8185,0.014647,0.00048,0.980427
16.8205,0.014647,0.00048,0.979421
16.8225,0.014647,0.00048,0.978454
16.8245,0.004239,0.00048,0.977368
16.8265,0.004239,0.00048,0.976228
16.8285,0.004239,0.00048,0.974961
16.8305,0.004239,0.00048,0.973766
16.8325,0.001227,0.00048,0.972581
16.8349,0.001227,0.00048,0.971229
16.8365,0.001227,0.00048,0.96963
16.8385,0.001227,0.00048,0.96856
16.8405,0.001227,0.00048,0.967114
16.8425,0.001227,0.00048,0.965723
16.8445,0.008944,0.00048,0.964205
16.8465,0.008944,0.00048,0.962693
16.8485,0.008944,0.00048,0.961198
16.8505,0.008944,0.00048,0.95965
16.8525,0.008944,0.00048,0.958037
16.8545,0.008944,0.00048,0.956612
16.8565,0.008944,0.00048,0.955012
16.8585,0.008944,0.00048,0.95342
16.8605,0.035549,0.00048,0.951897
16.8625,0.035549,0.00048,0.950297
16.8645,0.035549,0.00048,0.948705
16.8665,0.035549,0.00048,0.947112
16.8689,0.035549,0.00048,0.945429
16.8705,0.000723,0.00048,0.943417
16.8725,0.000723,0.00048,0.942226
16.8745,0.000723,0.00048,0.940464
16.8765,0.017416,0.00048,0.938818
16.8785,0.017416,0.00048,0.93711
16.8805,0.017416,0.00048,0.935325
16.8825,0.017416,0.00048,0.933669
16.8845,0.017416,0.00048,0.931886
16.8865,0.017416,0.00048,0.930119
16.8885,0.011547,0.00048,0.928485
16.8905,0.011547,0.00048,0.926776
16.8925,0.004892,0.00048,0.92501
16.8945,0.000846,0.00048,0.923352
16.8965,0.000846,0.00048,0.921701
16.8985,0.009243,0.00048,0.92007
16.9005,0.033548,0.00048,0.918516
16.9025,0.03147,0.00048,0.916937
16.9045,0.012094,0.00048,0.915401
16.9065,0.012477,0.00048,0.913886
16.9085,0.028926,0.00048,0.912438
16.9105,0.020849,0.00048,0.911018
16.9125,0.020849,0.00048,0.909634
16.9145,0.006055,0.00048,0.908141
16.9165,0.006055,0.00048,0.906813
16.9185,0.015364,0.00048,0.905494
16.9205,0.028237,0.00048,0.904153
16.9225,0.016385,0.00048,0.902892
16.9245,0.016385,0.00048,0.901641
16.9265,0.016385,0.00048,0.900469
16.9285,0.011487,0.00048,0.899168
16.9305,0.005461,0.00048,0.898117
16.9325,0.000244,0.00048,0.896932
16.9345,0.002761,0.00048,0.89584
16.9369,0.012319,0.00048,0.894791
16.9385,0.012319,0.00048,0.893405
16.9405,0.01194,0.00048,0.892739
16.9425,0.009227,0.00048,0.891753
16.9445,0.00865,0.00048,0.890776
16.9465,0.00865,0.00048,0.890043
16.9485,0.041952,0.00048,0.889197
16.9505,0.041952,0.00048,0.888413
16.9525,0.041952,0.00048,0.887764
16.9545,0.041952,0.00048,0.887129
16.9565,0.010857,0.00048,0.886561
16.9585,0.00129,0.00048,0.886095
16.9605,0.00129,0.00048,0.885578
16.9625,0.032182,0.00048,0.885148
16.9645,0.009552,0.00048,0.88473
16.9665,0.048535,0.00048,0.88454
16.9689,0.032041,0.00048,0.884113
16.9705,0.015365,0.00048,0.883953
16.9725,0.014052,0.00048,0.883814
16.9745,0.018565,0.00048,0.883627
16.9765,0.015421,0.00048,0.883649
16.9785,0.015421,0.00048,0.883684
16.9805,0.015421,0.00048,0.883687
16.9825,0.018684,0.00048,0.883782
16.9845,0.018684,0.00048,0.883919
16.9865,0.035254,0.00048,0.884011
16.9885,0.035254,0.00048,0.884072
16.9905,0.027349,0.00048,0.884209
16.9925,0.005992,0.00048,0.884378
16.9945,0.029841,0.00048,0.884474
16.9965,0.02369,0.00048,0.884604
16.9985,0.017748,0.00048,0.884843
17.0005,0.012091,0.00048,0.88501
17.0025,0.012091,0.00048,0.885262
17.0049,0.008429,0.00048,0.885416
17.0075,0.008429,0.00048,0.885765
17.0095,0.008429,0.00048,0.885967
17.0115,0.008429,0.00048,0.886355
17.0133,0.016477,0.00048,0.886577
17.0155,0.010748,0.00048,0.88697
17.0175,0.010748,0.00048,0.887257
17.0195,0.026536,0.00048,0.887669
17.0213,0.014551,0.00048,0.888053
17.0235,0.010993,0.00048,0.888554
17.0255,0.010993,0.00048,0.889197
17.0275,0.010993,0.00048,0.889752
17.0294,0.018753,0.00048,0.890529
17.0315,0.013922,0.00048,0.891142
17.0335,0.016983,0.00048,0.892066
17.0355,0.002754,0.00048,0.892908
17.0374,0.007686,0.00048,0.893816
17.0399,0.009783,0.00048,0.894818
17.0415,0.005622,0.00048,0.89606
17.0435,0.005228,0.00048,0.896848
17.0454,0.009866,0.00048,0.898084
17.0475,0.007062,0.00048,0.899064
17.0495,0.010256,0.00048,0.900303
17.0515,0.025297,0.00048,0.901592
17.0534,0.016857,0.00048,0.902927
17.0555,0.016857,0.00048,0.904239
17.0575,0.013446,0.00048,0.905739
17.0595,0.011419,0.00048,0.907298
17.0614,0.01738,0.00048,0.908847
17.0635,0.01738,0.00048,0.910322
17.0655,0.020002,0.00048,0.912225
17.0675,0.013522,0.00048,0.913956
17.0694,0.013522,0.00048,0.915805
17.0715,0.008884,0.00048,0.917614
17.0735,0.013624,0.00048,0.91974
17.0759,0.013542,0.00048,0.921688
17.0774,0.002724,0.00048,0.924392
17.0795,0.002724,0.00048,0.925904
17.0815,0.013399,0.00048,0.928183
17.0835,0.012561,0.00048,0.930512
17.0854,0.012561,0.00048,0.932908
17.0875,0.012561,0.00048,0.935031
17.0895,0.012561,0.00048,0.937658
17.0915,0.012561,0.00048,0.940146
17.0934,0.039412,0.00048,0.942519
17.0955,0.006544,0.00048,0.944717
17.0975,0.009243,0.00048,0.947552
17.0995,0.030579,0.00048,0.950153
17.1014,0.029095,0.00048,0.952841
17.1035,0.003856,0.00048,0.955122
17.1055,0.014148,0.00048,0.958183
17.1075,0.016517,0.00048,0.960934
17.1095,0.003755,0.00048,0.96371
17.1125,0.003755,0.00048,0.967682
17.1145,0.003755,0.00048,0.970591
17.1165,9e-05,0.00048,0.9733
17.1185,9e-05,0.00048,0.976073
17.1205,9e-05,0.00048,0.978649
17.1225,9e-05,0.00048,0.981404
17.1245,0.036451,0.00048,0.984038
17.1265,0.041537,0.00048,0.986623
17.1285,0.041537,0.00048,0.989226
17.1305,0.041537,0.00048,0.991797
17.1325,0.041537,0.00048,0.994357
17.1345,0.002061,0.00048,0.996743
17.1365,0.002061,0.00048,0.999217
17.1385,0.002061,0.09312,1.00155
17.1405,0.105383,0.22758,1.00379
17.1425,0.342595,0.36168,1.00603
17.1445,0.636651,0.4539,1.00757
17.1465,1.00075,0.49248,1.00821
17.1485,1.14917,0.46626,1.00777
17.1505,1.14624,0.37074,1.00618
17.1525,1.04093,0.17478,1.00291
17.1545,0.673539,0.17478,0.9983
17.1565,0.250782,0.17478,0.993093
17.1585,0.088023,0.17478,0.987806
17.1605,0.064556,0.17478,0.982466
17.1625,0.070689,0.17478,0.977455
17.1645,0.068512,0.17478,0.972925
17.1665,0.040005,0.17478,0.968694
17.1685,0.081046,0.17478,0.964773
17.1705,0.047222,0.17478,0.961225
17.1725,0.025221,0.17478,0.957934
17.1745,0.065248,0.17478,0.954974
17.1765,0.082618,0.17478,0.952324
17.1785,0.025753,0.17478,0.949857
17.1805,0.029301,0.17478,0.947799
17.1825,0.018803,0.17478,0.945844
17.1845,0.045313,0.17478,0.94426
17.1865,0.070617,0.17478,0.942747
17.1885,0.034962,0.17478,0.94151
17.1905,0.049999,0.17478,0.940633
17.1925,0.036819,0.17478,0.939713
17.1945,0.035173,0.17478,0.93899
17.1965,0.015533,0.17478,0.9385
17.1985,0.029418,0.17478,0.938146
17.2005,0.04028,0.17478,0.937833
17.2025,0.016602,0.17478,0.937807
17.2045,0.014655,0.17478,0.937833
17.2065,0.014655,0.17478,0.937938
17.2085,0.004881,0.17478,0.938077
17.2105,0.004881,0.17478,0.938298
17.2125,0.007448,0.17478,0.938521
17.2155,0.007448,0.17478,0.93874
17.2175,0.019973,0.17478,0.939054
17.2195,0.019973,0.17478,0.939235
17.2214,0.019973,0.17478,0.939483
17.223,0.019973,0.17478,0.939675
17.2245,0.019973,0.17478,0.93973
17.2265,0.002751,0.17478,0.939834
17.2285,0.011996,0.17478,0.939919
17.2305,0.01545,0.17478,0.939909
17.2325,0.01545,0.17478,0.939996
17.2345,0.00091,0.17478,0.939813
17.2365,0.00091,0.17478,0.939708
17.2385,0.014791,0.17478,0.939507
17.2405,0.014791,0.17478,0.939429
17.2425,0.017896,0.17478,0.93913
17.2445,0.017896,0.17478,0.938931
17.2465,0.009913,0.17478,0.938769
17.249,0.009913,0.17478,0.938498
17.2505,0.009913,0.17478,0.938117
17.2525,0.009913,0.17478,0.93773
17.2545,0.009913,0.17478,0.937362
17.2565,0.009913,0.17478,0.936828
17.2585,0.009913,0.17478,0.936234
17.2605,0.009913,0.17478,0.935576
17.2625,0.009913,0.17478,0.934834
17.2646,0.009913,0.17478,0.934038
17.2666,0.009913,0.17478,0.933039
17.2686,0.009913,0.17478,0.932062
17.2705,0.009913,0.17478,0.931079
17.2725,0.009913,0.17478,0.929995
17.2746,0.009913,0.17478,0.928815
17.2765,0.009102,0.17478,0.927622
17.2785,0.009102,0.17478,0.926362
17.2805,0.000562,0.17478,0.925094
17.2826,0.000797,0.17478,0.923893
17.2846,0.024782,0.17478,0.922586
17.2865,0.039907,0.17478,0.921377
17.2885,0.023773,0.17478,0.920119
17.2906,0.034457,0.17478,0.919008
17.2926,0.007586,0.17478,0.917914
17.2946,0.000472,0.17478,0.916826
17.2966,0.030784,0.17478,0.915782
17.2986,0.002643,0.17478,0.914796
17.3006,0.028485,0.17478,0.913777
17.3025,0.035568,0.17478,0.912774
17.3045,0.035568,0.17478,0.912063
17.3066,0.000507,0.17478,0.911195
17.3086,0.000507,0.17478,0.91036
17.3106,0.027122,0.17478,0.909619
17.3126,0.019999,0.17478,0.908863
17.3146,0.022793,0.17478,0.908195
17.3166,0.00451,0.17478,0.907558
17.3186,0.003601,0.17478,0.907061
17.3206,0.003601,0.17478,0.906602
17.3226,0.008862,0.17478,0.906236
17.3246,0.025366,0.17478,0.905893
17.3266,0.013751,0.17478,0.905538
17.3286,0.013667,0.17478,0.90537
17.3306,0.013637,0.17478,0.905097
17.3326,0.008963,0.17478,0.905013
17.3346,0.017141,0.17478,0.904895
17.336,0.019692,0.17478,0.90497
17.3376,0.00274,0.17478,0.904922
17.3396,0.02294,0.17478,0.905003
17.3414,0.031713,0.17478,0.905085
17.343,0.019938,0.17478,0.905203
17.3446,0.031838,0.17478,0.905364
17.3466,0.031838,0.17478,0.905482
17.349,0.031838,0.17478,0.905749
17.35,0.031838,0.17478,0.906058
17.352,0.031838,0.17478,0.906092
17.3536,0.019102,0.17478,0.90654
17.3556,0.011859,0.17478,0.906846
17.3574,0.011859,0.17478,0.90713
17.359,0.00746,0.17478,0.907599
17.3606,0.014961,0.17478,0.908077
17.3626,0.014961,0.17478,0.908459
17.3646,0.03104,0.17478,0.909126
17.3666,0.000789,0.17478,0.909877
17.3686,0.005037,0.17478,0.91051
17.3706,0.008422,0.17478,0.911399
17.3726,0.036778,0.17478,0.912122
17.3746,0.036778,0.17478,0.913076
17.3766,0.007109,0.17478,0.914013
17.3786,0.023259,0.17478,0.915204
17.3806,0.031191,0.17478,0.91637
17.3826,0.01658,0.17478,0.917535
17.3846,0.00257,0.17478,0.918874
17.3866,0.019818,0.17478,0.920172
17.3886,0.026461,0.17478,0.921582
17.3906,0.026461,0.17478,0.923109
17.3926,0.002701,0.17478,0.924559
17.3946,0.010499,0.17478,0.92625
17.3966,0.008758,0.17478,0.927799
17.3986,0.00775,0.17478,0.929503
17.4006,0.00775,0.17478,0.930976
17.4026,0.00775,0.17478,0.932621
17.4046,0.012255,0.17478,0.934363
17.4066,0.012255,0.17478,0.93591
17.4086,0.012255,0.17478,0.937672
17.4106,0.003365,0.17478,0.939278
17.4126,0.014444,0.17478,0.940943
17.4146,0.050156,0.17478,0.942579
17.417,0.011428,0.17478,0.944218
17.4186,0.043547,0.17478,0.946222
17.4206,0.003307,0.17478,0.947616
17.422,0.003307,0.17478,0.9493
17.424,0.001253,0.17478,0.951149
17.4256,0.001253,0.17478,0.952591
17.427,0.001253,0.17478,0.953935
17.4286,0.001253,0.17478,0.955409
17.43,0.002619,0.17478,0.956914
17.4316,0.002619,0.17478,0.958315
17.433,0.004364,0.17478,0.959857
17.4346,0.011085,0.17478,0.961481
17.436,0.009049,0.17478,0.963047
17.4374,0.015667,0.17478,0.964648
17.439,0.012134,0.17478,0.966348
17.4406,0.012134,0.17478,0.967832
17.442,0.012674,0.17478,0.969554
17.444,0.001406,0.17478,0.971251
17.4454,0.001406,0.17478,0.973488
17.447,0.007105,0.17478,0.975244
17.4486,0.003549,0.17478,0.976928
17.45,0.0121,0.17478,0.978697
17.4516,0.00899,0.17478,0.980367
17.4534,0.040832,0.17478,0.98244
17.4556,0.004714,0.17478,0.984709
17.457,0.004714,0.17478,0.987158
17.4586,0.020861,0.17478,0.989116
17.46,0.0024,0.17478,0.990919
17.4614,0.0024,0.17478,0.992797
17.463,0.0024,0.17478,0.994818
17.4646,0.0024,0.17478,0.996769
17.466,0.0024,0.17478,0.998783
17.4676,0.008878,0.04458,1.00074
17.4694,0.057038,0.189,1.00315
17.4716,0.290713,0.33378,1.00556
17.474,0.668338,0.489,1.00815
17.476,1.02238,0.5,1.00996
17.478,1.17924,0.5,1.01023
17.48,1.21108,0.5,1.00903
17.482,1.22782,0.4155,1.00693
17.484,1.14311,0.1899,1.00317
17.486,0.766719,0.1899,0.99826
17.4886,0.326647,0.1899,0.990673
17.4906,0.148663,0.1899,0.985038
17.4926,0.130885,0.1899,0.979534
17.4946,0.10831,0.1899,0.974658
17.4966,0.072743,0.1899,0.970385
17.4986,0.089641,0.1899,0.966656
17.5006,0.122787,0.1899,0.96336
17.5026,0.108041,0.1899,0.96074
17.5046,0.084073,0.1899,0.958877
17.5066,0.080481,0.1899,0.957471
17.509,0.092169,0.1899,0.956459
17.5106,0.131894,0.1899,0.955946
17.5126,0.1009,0.1899,0.956072
17.5146,0.074577,0.1899,0.956501
17.5166,0.064295,0.1899,0.957309
17.5186,0.055313,0.1899,0.958328
17.5206,0.025463,0.1899,0.959716
17.5226,0.048937,0.1899,0.961174
17.5246,0.036085,0.1899,0.962906
17.5266,0.020297,0.1899,0.964626
17.5286,0.013201,0.1899,0.966535
17.5306,0.013201,0.1899,0.968405
17.5326,0.013201,0.1899,0.970351
17.5346,0.013201,0.1899,0.972165
17.5366,0.008175,0.1899,0.974065
17.5386,0.008175,0.1899,0.976011
17.5406,0.008175,0.1899,0.977693
17.5426,0.035789,0.1899,0.979474
17.5446,0.035789,0.1899,0.981466
17.5466,0.012425,0.1899,0.983166
17.5486,0.024686,0.1899,0.984843
17.5506,0.001278,0.1899,0.986494
17.5526,0.001278,0.1899,0.988211
17.5546,0.001278,0.1899,0.989871
17.5566,0.001278,0.1899,0.991486
17.5586,0.001278,0.1899,0.992971
17.5606,0.001278,0.1899,0.994454
17.5626,0.001278,0.1899,0.995888
17.5646,0.001278,0.1899,0.997191
17.5666,0.001278,0.1899,0.998464
17.5686,0.001278,0.1899,0.999634
17.5706,0.001278,0.03828,1.00064
17.5726,0.023421,0.09828,1.00164
17.5746,0.137999,0.14202,1.00237
17.577,0.239501,0.16746,1.00279
17.579,0.3473,0.15858,1.00264
17.581,0.405555,0.10914,1.00182
17.5836,0.303363,0.04056,1.00068
17.5856,0.205852,0.04056,0.998667
17.5876,0.064501,0.04056,0.996876
17.5894,0.029301,0.04056,0.99501
17.591,0.026864,0.04056,0.99327
17.5926,0.024066,0.04056,0.992015
17.5946,0.039667,0.04056,0.990684
17.5966,0.039667,0.04056,0.989176
17.5986,0.03621,0.04056,0.987739
17.6006,0.027822,0.04056,0.986386
17.6026,0.037769,0.04056,0.985004
17.6046,0.037769,0.04056,0.98376
17.6066,0.009555,0.04056,0.982692
17.6086,0.039474,0.04056,0.981545
17.611,0.039474,0.04056,0.980501
17.6126,0.039474,0.04056,0.97932
17.6146,0.00428,0.04056,0.978669
17.6166,0.00428,0.04056,0.977907
17.6186,0.01668,0.04056,0.977022
17.6206,0.017705,0.04056,0.976296
17.6226,0.013868,0.04056,0.975527
17.6246,0.022629,0.04056,0.97479
17.6266,0.017873,0.04056,0.974227
17.6286,0.017873,0.04056,0.973602
17.6306,0.009223,0.04056,0.973164
17.6326,0.023005,0.04056,0.972726
17.6346,0.007307,0.04056,0.972372
17.6366,0.006923,0.04056,0.971989
17.6386,0.00373,0.04056,0.971703
17.6406,0.003315,0.04056,0.971433
17.6426,0.003315,0.04056,0.971249
17.645,0.011658,0.04056,0.971093
17.6476,0.015179,0.04056,0.971003
17.6496,0.011509,0.04056,0.97091
17.6516,0.011126,0.04056,0.970904
17.6534,0.003435,0.04056,0.970997
17.655,0.011438,0.04056,0.971166
17.6566,0.019877,0.04056,0.97131
17.6586,0.003304,0.04056,0.97147
17.6606,0.003304,0.04056,0.971593
17.6626,0.006913,0.04056,0.971892
17.6646,0.001114,0.04056,0.972217
17.6666,0.011328,0.04056,0.972596
17.6686,0.018872,0.04056,0.972837
17.6706,0.006755,0.04056,0.973323
17.6726,0.006755,0.04056,0.973761
17.6746,0.007623,0.04056,0.974343
17.6766,0.039431,0.04056,0.974977
17.6786,0.039431,0.04056,0.97561
17.681,0.039431,0.04056,0.976296
17.683,0.018882,0.04056,0.977161
17.6846,0.034559,0.04056,0.977852
17.6866,0.034559,0.04056,0.978608
17.6886,0.006292,0.04056,0.979361
17.6906,0.027015,0.04056,0.9802
17.6926,0.027015,0.04056,0.981068
17.6946,0.027015,0.04056,0.981987
17.6966,0.033305,0.04056,0.983021
17.6986,0.000993,0.04056,0.983968
17.7006,0.000993,0.04056,0.984867
17.7026,0.004346,0.04056,0.985846
17.7046,0.02249,0.04056,0.986894
17.7066,0.02249,0.04056,0.987984
17.7086,0.005402,0.04056,0.988983
17.7106,0.025555,0.04056,0.990123
17.7126,0.025555,0.04056,0.99122
17.7146,0.025555,0.04056,0.992191
17.7166,0.010124,0.04056,0.993285
17.7186,0.010124,0.04056,0.994457
17.7206,0.010124,0.04056,0.995438
17.7226,0.010124,0.04056,0.99653
17.7246,0.010124,0.04056,0.997479
17.7266,0.001535,0.04056,0.998423
17.7286,0.001088,0.04056,0.99935
17.7306,0.001088,0.00942,1.00016
17.7326,0.001088,0.06294,1.00105
17.7346,0.078851,0.10986,1.00183
17.7366,0.190992,0.1467,1.00245
17.7386,0.299237,0.16968,1.00283
17.7406,0.375524,0.17052,1.00284
17.7426,0.402701,0.13932,1.00232
17.7446,0.374632,0.07848,1.00131
17.7466,0.284615,0.07848,0.99981
17.749,0.127718,0.07848,0.998258
17.751,0.029792,0.07848,0.996362
17.753,0.020926,0.07848,0.994985
17.755,0.038943,0.07848,0.99365
17.757,0.022592,0.07848,0.992607
17.759,0.042421,0.07848,0.991676
17.7606,0.010504,0.07848,0.990894
17.7626,0.032443,0.07848,0.990297
17.7646,0.042507,0.07848,0.989848
17.7666,0.043191,0.07848,0.989131
17.7686,0.02702,0.07848,0.988694
17.7706,0.02702,0.07848,0.988237
17.7726,0.003973,0.07848,0.987974
17.7746,0.001303,0.07848,0.987756
17.7766,0.001303,0.07848,0.987657
17.7786,0.016083,0.07848,0.987561
17.78,0.030119,0.07848,0.987609
17.782,0.030119,0.07848,0.987587
17.784,0.016331,0.07848,0.987593
17.786,0.037426,0.07848,0.987683
17.7876,0.037426,0.07848,0.987665
17.7895,0.004211,0.07848,0.987697
17.7916,0.022693,0.07848,0.987692
17.7936,0.022693,0.07848,0.987772
17.7956,0.022693,0.07848,0.987781
17.7975,0.022693,0.07848,0.987643
17.799,0.001418,0.07848,0.987628
17.8006,0.004189,0.07848,0.987527
17.8026,0.006002,0.07848,0.987569
17.8046,0.006002,0.07848,0.987407
17.8066,0.010655,0.07848,0.987421
17.8086,0.010655,0.07848,0.987344
17.8106,0.010655,0.07848,0.987278
17.8126,0.010655,0.07848,0.987271
17.8146,0.025694,0.07848,0.987213
17.8166,0.022801,0.07848,0.987044
17.8186,0.022801,0.07848,0.987034
17.8206,0.022801,0.07848,0.986895
17.8226,0.022801,0.07848,0.986854
17.8246,0.013575,0.07848,0.986665
17.8266,0.013575,0.07848,0.986393
17.8286,9.5e-05,0.07848,0.986265
17.8306,9.5e-05,0.07848,0.986089
17.8326,9.5e-05,0.07848,0.985822
17.8346,9.5e-05,0.07848,0.985507
17.8366,9.5e-05,0.07848,0.985263
17.8386,9.5e-05,0.07848,0.984889
17.8406,9.5e-05,0.07848,0.98453
17.8426,9.5e-05,0.07848,0.984033
17.8446,9.5e-05,0.07848,0.983487
17.8466,9.5e-05,0.07848,0.983045
17.849,0.036506,0.07848,0.982345
17.851,0.036506,0.07848,0.981538
17.8531,0.036506,0.07848,0.980883
17.8556,0.011697,0.07848,0.980143
17.8576,0.006569,0.07848,0.979228
17.8596,0.023187,0.07848,0.97848
17.8615,0.023187,0.07848,0.977665
17.8631,0.023187,0.07848,0.976918
17.8646,0.023187,0.07848,0.976232
17.8666,0.023187,0.07848,0.975605
17.8686,0.008502,0.07848,0.974707
17.8706,0.008006,0.07848,0.97382
17.8726,0.002076,0.07848,0.97305
17.8746,0.002076,0.07848,0.972176
17.8766,0.002076,0.07848,0.971337
17.8786,0.001605,0.07848,0.970484
17.8806,0.001605,0.07848,0.969586
17.8831,0.001938,0.07848,0.968676
17.8851,0.005435,0.07848,0.967628
17.8876,0.005724,0.07848,0.966753
17.8896,0.010595,0.07848,0.965715
17.8916,0.012558,0.07848,0.964997
17.8935,0.012558,0.07848,0.964234
17.8951,0.012602,0.07848,0.96359
17.8971,0.012728,0.07848,0.963118
17.8991,0.012728,0.07848,0.962444
17.9006,0.015919,0.07848,0.961846
17.9026,0.005852,0.07848,0.961532
17.9046,0.024215,0.07848,0.961021
17.9066,0.0147,0.07848,0.960473
17.9086,0.0147,0.07848,0.960103
17.9106,0.026646,0.07848,0.959733
17.9126,0.006605,0.07848,0.959453
17.9146,0.006605,0.07848,0.959104
17.9171,0.006605,0.07848,0.958875
17.9191,0.028181,0.07848,0.958553
17.9206,0.028181,0.07848,0.958335
17.9226,0.028181,0.07848,0.958216
17.9246,0.025612,0.07848,0.958049
17.9266,0.025612,0.07848,0.957848
17.9286,0.025612,0.07848,0.957765
17.9306,0.002199,0.07848,0.957516
17.9326,0.021084,0.07848,0.957423
17.9346,0.021084,0.07848,0.95731
17.9366,0.021084,0.07848,0.957244
17.9386,0.021084,0.07848,0.95708
17.9406,0.019278,0.07848,0.957007
17.9426,0.019278,0.07848,0.95689
17.9446,0.019278,0.07848,0.956711
17.9466,0.019278,0.07848,0.956612
17.9486,0.003088,0.07848,0.956406
17.9511,0.003088,0.07848,0.956203
17.9526,0.003088,0.07848,0.955918
17.9546,0.018241,0.07848,0.95574
17.9566,0.009443,0.07848,0.955558
17.9587,0.015776,0.07848,0.95522
17.9606,0.015776,0.07848,0.954792
17.9626,0.014524,0.07848,0.954572
17.9646,0.005398,0.07848,0.954074
17.9667,0.024054,0.07848,0.953758
17.9686,0.024054,0.07848,0.953178
17.9707,0.024054,0.07848,0.952805
17.9727,0.024054,0.07848,0.952151
17.9747,0.024054,0.07848,0.951561
17.9767,0.024054,0.07848,0.950977
17.9787,0.020123,0.07848,0.950393
17.9807,0.011244,0.07848,0.949796
17.9831,0.011244,0.07848,0.949116
17.9847,0.011219,0.07848,0.948408
17.9867,0.011188,0.07848,0.947801
17.9887,0.011188,0.07848,0.947249
17.9907,0.002953,0.07848,0.94646
17.9927,0.021248,0.07848,0.94565
17.9947,0.006018,0.07848,0.944879
17.9967,0.006018,0.07848,0.944092
17.9987,0.006018,0.07848,0.943348
18.0007,0.000136,0.07848,0.942493
18.0027,0.000136,0.07848,0.941581
18.0047,0.000136,0.07848,0.940703
18.0067,0.000136,0.07848,0.939576
18.0087,0.000136,0.07848,0.938593
18.0107,0.000136,0.07848,0.937481
18.0127,0.000136,0.07848,0.936353
18.0147,0.000136,0.07848,0.935255
18.0171,0.000136,0.07848,0.934075
18.0191,0.000136,0.07848,0.932544
18.0211,0.000136,0.07848,0.931351
18.0231,0.000136,0.07848,0.930141
18.0251,0.000136,0.07848,0.928988
18.0271,0.005958,0.07848,0.927748
18.0291,0.02634,0.07848,0.926514
18.0311,0.016028,0.07848,0.925197
18.0331,0.016028,0.07848,0.924015
18.0351,0.016028,0.07848,0.922858
18.0371,0.034391,0.07848,0.92166
18.0391,0.034391,0.07848,0.9205
18.0411,0.009644,0.07848,0.919364
18.0431,0.009644,0.07848,0.918254
18.0451,0.036826,0.07848,0.917157
18.0471,0.036826,0.07848,0.916121
18.0491,0.036826,0.07848,0.915082
18.0517,0.02549,0.07848,0.914047
18.0535,0.004752,0.07848,0.912821
18.0551,0.004752,0.07848,0.911844
18.0571,0.004903,0.07848,0.910905
18.0591,0.004903,0.07848,0.909911
18.0611,0.004903,0.07848,0.908799
18.0631,0.004903,0.07848,0.907699
18.0651,0.004903,0.07848,0.906654
18.0671,0.004903,0.07848,0.905631
18.0691,0.004903,0.07848,0.904515
18.0711,0.004903,0.07848,0.903471
18.0731,0.016052,0.07848,0.902324
18.0751,0.010069,0.07848,0.901113
18.0771,1.3e-05,0.07848,0.900015
18.0791,1.3e-05,0.07848,0.898953
18.0811,1.3e-05,0.07848,0.897818
18.0837,0.004108,0.07848,0.896703
18.0855,0.001123,0.07848,0.895344
18.0871,0.004006,0.07848,0.894154
18.0891,0.00829,0.07848,0.893477
18.0911,0.00829,0.07848,0.892415
18.0931,0.018923,0.07848,0.891342
18.0951,0.021092,0.07848,0.890358
18.0971,0.007672,0.07848,0.889397
18.0991,0.018775,0.07848,0.888647
18.1011,0.006818,0.07848,0.887736
18.1031,0.02493,0.07848,0.886977
18.1051,0.011026,0.07848,0.88625
18.1071,0.011026,0.07848,0.885507
18.1091,0.027274,0.07848,0.884733
18.1111,0.015371,0.07848,0.884217
18.1131,0.015371,0.07848,0.883526
18.1151,0.017162,0.07848,0.883089
18.1178,0.017162,0.07848,0.882473
18.1197,0.001077,0.07848,0.881887
18.1217,0.003376,0.07848,0.881469
18.1237,0.027926,0.07848,0.881014
18.1255,0.021814,0.07848,0.880796
18.1277,0.021814,0.07848,0.88036
18.1297,0.021814,0.07848,0.879891
18.1317,0.024675,0.07848,0.879639
18.1335,0.013633,0.07848,0.879208
18.1351,0.002122,0.07848,0.878858
18.1371,0.002122,0.07848,0.878683
18.1391,0.015658,0.07848,0.87846
18.1411,0.002477,0.07848,0.878185
18.1431,0.019987,0.07848,0.877937
18.1451,0.003354,0.07848,0.877667
18.1471,0.034677,0.07848,0.877432
18.1491,0.034677,0.07848,0.877171
18.1517,0.034677,0.07848,0.877036
18.1537,0.034677,0.07848,0.876811
18.1557,0.007446,0.07848,0.876492
18.1575,0.00325,0.07848,0.876302
18.1597,0.00325,0.07848,0.875971
18.1617,0.00325,0.07848,0.875575
18.1637,0.00325,0.07848,0.875415
18.1655,0.00325,0.07848,0.874985
18.1671,0.005989,0.07848,0.874592
18.1691,0.005989,0.07848,0.874311
18.1711,0.005989,0.07848,0.87382
18.1727,0.006285,0.07848,0.873246
18.1747,0.006285,0.07848,0.872828
18.1767,0.006285,0.07848,0.872271
18.1787,0.027513,0.07848,0.871705
18.1807,0.027513,0.07848,0.871193
18.1827,0.014337,0.07848,0.870672
18.1851,0.004147,0.07848,0.870048
18.1867,0.004147,0.07848,0.869322
18.1887,0.004147,0.07848,0.86884
18.1907,0.004147,0.07848,0.868156
18.1927,0.004147,0.07848,0.867398
18.1941,0.004147,0.07848,0.866773
18.1957,0.01645,0.07848,0.866302
18.1971,0.006275,0.07848,0.865849
18.1991,0.015146,0.07848,0.865242
18.2007,0.015146,0.07848,0.864573
18.2021,0.000574,0.07848,0.864044
18.2037,0.000574,0.07848,0.863642
18.2051,0.000574,0.07848,0.863126
18.2071,0.000574,0.07848,0.862644
18.2087,0.000574,0.07848,0.862087
18.2101,0.004377,0.07848,0.861591
18.2117,0.011883,0.07848,0.86114
18.2135,0.001006,0.07848,0.860625
18.2151,0.004604,0.07848,0.860138
18.2167,0.009315,0.07848,0.859705
18.2181,0.011797,0.07848,0.859332
18.2197,0.008831,0.07848,0.858965
18.2211,0.00442,0.07848,0.858562
18.2231,0.003265,0.07848,0.85828
18.2247,0.020313,0.07848,0.857891
18.2261,0.020313,0.07848,0.85751
18.2277,0.009643,0.07848,0.857328
18.2295,0.002907,0.07848,0.857029
18.2311,0.011591,0.07848,0.856712
18.2327,0.001003,0.07848,0.856537
18.2347,0.007212,0.07848,0.856304
18.2361,0.001004,0.07848,0.856011
18.2375,0.005565,0.07848,0.855778
18.2397,0.005565,0.07848,0.855443
18.2417,0.005565,0.07848,0.855345
18.2437,0.017699,0.07848,0.855141
18.2455,0.017699,0.07848,0.854879
18.2471,0.02053,0.07848,0.854652
18.2487,0.02053,0.07848,0.854492
18.2507,0.007196,0.07848,0.854347
18.2527,0.019943,0.07848,0.854187
18.2547,0.019956,0.07848,0.854092
18.2567,0.017804,0.07848,0.853949
18.2587,0.017804,0.07848,0.853866
18.2607,0.001169,0.07848,0.853758
18.2627,0.001169,0.07848,0.853737
18.2641,0.001169,0.07848,0.853726
18.2657,0.018453,0.07848,0.853655
18.2677,0.018453,0.07848,0.853565
18.2695,0.000605,0.07848,0.853668
18.2717,0.016005,0.07848,0.853619
18.2741,0.012875,0.07848,0.853659
18.2757,0.012875,0.07848,0.853673
18.2771,0.020223,0.07848,0.853691
18.2787,0.020223,0.07848,0.853721
18.2801,0.003612,0.07848,0.853714
18.2817,0.000125,0.07848,0.853735
18.2837,0.000125,0.07848,0.853755
18.2855,0.007076,0.07848,0.853814
18.2877,0.020923,0.07848,0.853791
18.2891,0.020923,0.07848,0.853784
18.2907,0.009197,0.07848,0.853722
18.2927,0.004134,0.07848,0.853711
18.2941,0.004134,0.07848,0.853772
18.2957,0.004134,0.07848,0.853822
18.2977,0.004134,0.07848,0.85382
18.2997,0.004134,0.07848,0.853869
18.3015,0.004134,0.07848,0.853853
18.3037,0.018433,0.07848,0.853875
18.3057,0.018433,0.07848,0.853918
18.3077,0.001271,0.07848,0.853975
18.3095,0.00761,0.07848,0.854045
18.3111,0.00761,0.07848,0.854073
18.3127,0.00761,0.07848,0.854151
18.3147,0.014271,0.07848,0.854149
18.3167,0.014271,0.07848,0.854134
18.3187,0.013541,0.07848,0.854214
18.3207,0.00784,0.07848,0.854381
18.3227,0.012964,0.07848,0.854414
18.3247,0.012964,0.07848,0.854466
18.3267,0.010425,0.07848,0.854532
18.3287,0.003454,0.07848,0.854671
18.3307,0.018119,0.07848,0.854786
18.3327,0.018119,0.07848,0.8548
18.3347,0.017562,0.07848,0.854894
18.3371,0.008898,0.07848,0.854947
18.3387,0.001171,0.07848,0.85511
18.3407,0.001171,0.07848,0.85504
18.3427,0.016665,0.07848,0.855252
18.3447,0.014579,0.07848,0.855243
18.3467,0.001162,0.07848,0.855382
18.3487,0.001162,0.07848,0.855531
18.3507,0.001162,0.07848,0.855498
18.3527,0.007733,0.07848,0.855641
18.3547,0.007733,0.07848,0.855617
18.3567,0.007733,0.07848,0.855704
18.3587,0.007733,0.07848,0.855701
18.3607,0.007733,0.07848,0.855843
18.3627,0.007733,0.07848,0.855865
18.3647,0.016265,0.07848,0.855885
18.3667,0.016265,0.07848,0.855951
18.3687,0.016265,0.07848,0.855995
18.3707,0.004079,0.07848,0.856151
18.3731,0.012412,0.07848,0.856188
18.3751,0.012412,0.07848,0.856236
18.3767,0.002269,0.07848,0.856326
18.3787,0.007775,0.07848,0.856402
18.3807,0.011654,0.07848,0.856517
18.3821,0.001965,0.07848,0.856651
18.3837,0.001965,0.07848,0.856781
18.3857,0.001965,0.07848,0.856913
18.3877,0.00249,0.07848,0.857044
18.3896,0.014209,0.07848,0.857305
18.3911,0.014209,0.07848,0.857469
18.3927,0.007005,0.07848,0.857652
18.3947,0.00564,0.07848,0.85786
18.3967,0.001297,0.07848,0.858151
18.3981,0.004017,0.07848,0.858586
18.3997,0.004826,0.07848,0.858748
18.4017,0.006651,0.07848,0.859062
18.4041,0.006166,0.07848,0.859477
18.4061,0.012246,0.07848,0.860067
18.4077,0.010935,0.07848,0.860544
18.4097,0.010935,0.07848,0.860961
18.4117,0.01129,0.07848,0.861511
18.4136,0.01173,0.07848,0.862068
18.4157,0.008436,0.07848,0.862616
18.4177,0.00821,0.07848,0.863286
18.4197,0.00821,0.07848,0.863871
18.4216,0.003868,0.07848,0.86454
18.4231,0.010982,0.07848,0.865222
18.4251,0.001295,0.07848,0.865875
18.4267,0.000307,0.07848,0.866529
18.4287,0.000307,0.07848,0.867167
18.4301,0.020809,0.07848,0.867951
18.4317,0.020809,0.07848,0.868387
18.4337,0.018439,0.07848,0.86902
18.4357,0.018439,0.07848,0.869807
18.4381,0.03081,0.07848,0.870647
18.4397,0.018112,0.07848,0.871686
18.4417,0.004355,0.07848,0.872271
18.4437,0.004355,0.07848,0.873279
18.4456,0.027543,0.07848,0.874133
18.4477,0.027543,0.07848,0.874943
18.4497,0.027543,0.07848,0.876095
18.4517,0.027543,0.07848,0.877053
18.4536,0.027543,0.07848,0.878106
18.4551,0.027543,0.07848,0.879082
18.4571,0.005799,0.07848,0.879856
18.4591,0.022487,0.07848,0.881027
18.4611,0.00107,0.07848,0.882033
18.4631,0.00107,0.07848,0.88313
18.4651,0.015793,0.07848,0.884288
18.4667,0.023204,0.07848,0.885348
18.4687,0.007564,0.07848,0.88631
18.4707,0.022552,0.07848,0.887509
18.4727,0.013642,0.07848,0.888689
18.4747,0.004381,0.07848,0.889769
18.4767,0.004381,0.07848,0.890991
18.4787,0.004381,0.07848,0.89209
18.4807,0.006008,0.07848,0.893277
18.4827,0.006008,0.07848,0.894464
18.4847,0.006008,0.07848,0.895688
18.4867,0.006008,0.07848,0.896832
18.4887,0.006008,0.07848,0.897989
18.4907,0.00761,0.07848,0.899094
18.4927,0.001883,0.07848,0.900283
18.4947,0.001883,0.07848,0.901489
18.4967,0.04362,0.07848,0.902623
18.4987,0.04362,0.07848,0.903871
18.5007,0.04362,0.07848,0.905089
18.5027,0.04362,0.07848,0.906338
18.5051,0.017958,0.07848,0.907623
18.5067,0.017958,0.07848,0.909265
18.5087,0.017958,0.07848,0.910445
18.5107,0.017958,0.07848,0.91188
18.5127,0.044645,0.07848,0.913415
18.5147,0.008628,0.07848,0.914876
18.5167,0.008183,0.07848,0.916461
18.5187,0.004145,0.07848,0.918188
18.5207,0.004145,0.07848,0.919867
18.5227,0.004145,0.07848,0.921744
18.5247,0.006066,0.07848,0.92353
18.5267,0.007867,0.07848,0.925415
18.5287,0.019102,0.07848,0.927413
18.5307,0.017168,0.07848,0.929456
18.5327,0.007606,0.07848,0.931444
18.5347,0.007606,0.07848,0.933485
18.5367,0.024636,0.07848,0.935584
18.5387,0.02608,0.07848,0.937817
18.5412,0.02608,0.07848,0.940032
18.5437,0.018776,0.07848,0.942645
18.5457,0.019649,0.07848,0.945696
18.5477,0.009732,0.07848,0.948055
18.5496,0.000933,0.07848,0.950535
18.5512,0.006163,0.07848,0.952896
18.5527,0.015042,0.07848,0.954764
18.5547,0.015042,0.07848,0.956928
18.5567,0.018235,0.07848,0.959474
18.5587,0.007129,0.07848,0.962152
18.5607,0.007322,0.07848,0.964812
18.5627,0.007322,0.07848,0.967507
18.5647,0.007322,0.07848,0.970186
18.5667,0.007322,0.07848,0.972875
18.5687,0.014408,0.07848,0.975499
18.5707,0.014408,0.07848,0.978187
18.5727,0.014408,0.07848,0.981003
18.5752,0.007319,0.07848,0.983651
18.5767,0.007319,0.07848,0.986782
18.5787,0.007319,0.07848,0.988932
18.5807,0.004998,0.07848,0.991586
18.5827,0.012857,0.07848,0.994393
18.5847,0.012857,0.07848,0.997097
18.5867,0.012903,0.07848,0.999851
18.5887,0.012903,0.1494,1.00249
18.5907,0.165777,0.34026,1.00567
18.5927,0.566467,0.49194,1.0082
18.5947,0.945942,0.5,1.01026
18.5967,1.17102,0.5,1.01103
18.5987,1.22341,0.5,1.01032
18.6007,1.21198,0.5,1.00834
18.6027,1.22066,0.27558,1.00459
18.6047,0.946658,0.00132,1.00002
18.6068,0.431454,0.00132,0.99402
18.6087,0.161083,0.00132,0.987465
18.6112,0.074493,0.00132,0.982086
18.6132,0.085969,0.00132,0.975396
18.6147,0.083225,0.00132,0.970215
18.6167,0.063697,0.00132,0.966272
18.6187,0.087087,0.00132,0.961882
18.6207,0.088489,0.00132,0.957805
18.6227,0.082896,0.00132,0.954319
18.6247,0.119353,0.00132,0.951269
18.6268,0.079829,0.00132,0.948744
18.6288,0.072501,0.00132,0.946487
18.6308,0.081502,0.00132,0.944839
18.6327,0.106283,0.00132,0.943583
18.6348,0.067064,0.00132,0.942781
18.6368,0.071243,0.00132,0.942397
18.6388,0.051823,0.00132,0.942395
18.6407,0.060795,0.00132,0.94264
18.6428,0.049853,0.00132,0.943228
18.6452,0.044487,0.00132,0.944044
18.6468,0.059856,0.00132,0.945241
18.6488,0.035765,0.00132,0.946308
18.6508,0.019195,0.00132,0.947641
18.6528,0.009245,0.00132,0.949074
18.6548,0.014802,0.00132,0.950742
18.6568,0.008703,0.00132,0.952485
18.6588,0.030843,0.00132,0.954296
18.6608,0.030843,0.00132,0.956229
18.6628,0.022847,0.00132,0.958137
18.6648,0.024427,0.00132,0.960235
18.6668,0.009648,0.00132,0.962402
18.6688,0.005761,0.00132,0.964539
18.6708,0.004967,0.00132,0.96674
18.6728,0.004967,0.00132,0.96898
18.6748,0.004967,0.00132,0.971215
18.6768,0.004354,0.00132,0.97337
18.6792,0.004354,0.00132,0.975625
18.6812,0.002315,0.00132,0.97835
18.6828,0.019463,0.00132,0.980261
18.6848,0.019463,0.00132,0.981973
18.6868,0.013433,0.00132,0.98412
18.6888,0.013433,0.00132,0.98608
18.6908,0.022093,0.00132,0.988086
18.6928,0.022093,0.00132,0.990201
18.6948,0.002055,0.00132,0.992117
18.6968,0.027966,0.00132,0.994099
18.6988,0.027966,0.00132,0.995976
18.7008,0.027966,0.00132,0.997843
18.7028,0.027966,0.00132,0.999778
18.7048,0.027966,0.09996,1.00167
18.7068,0.134686,0.21678,1.00361
18.7088,0.353068,0.31746,1.00529
18.7108,0.568282,0.39126,1.00652
18.7128,0.852008,0.40542,1.00676
18.7152,0.973875,0.3537,1.0059
18.7172,0.900983,0.22392,1.00373
18.7192,0.690718,0.03756,1.00063
18.7212,0.344118,0.03756,0.996231
18.7232,0.102903,0.03756,0.991908
18.7252,0.06145,0.03756,0.98757
18.7272,0.075039,0.03756,0.983411
18.7288,0.033794,0.03756,0.979686
18.7308,0.026883,0.03756,0.976568
18.7328,0.020634,0.03756,0.972902
18.7348,0.016264,0.03756,0.96952
18.7368,0.042996,0.03756,0.966067
18.7388,0.049567,0.03756,0.962902
18.7408,0.040045,0.03756,0.959928
18.7428,0.035119,0.03756,0.957213
18.7448,0.048119,0.03756,0.954471
18.7468,0.028037,0.03756,0.952068
18.7492,0.050767,0.03756,0.949929
18.7518,0.036178,0.03756,0.94756
18.7538,0.062125,0.03756,0.945002
18.7558,0.02664,0.03756,0.943373
18.7576,0.046452,0.03756,0.942022
18.7592,0.011188,0.03756,0.940752
18.7608,0.019801,0.03756,0.939819
18.7628,0.037407,0.03756,0.938899
18.7648,0.022823,0.03756,0.937778
18.7668,0.020808,0.03756,0.936928
18.7688,0.024939,0.03756,0.936138
18.7708,0.020811,0.03756,0.935511
18.7728,0.037393,0.03756,0.935002
18.7748,0.016876,0.03756,0.934547
18.7768,0.023293,0.03756,0.934252
18.7788,0.018651,0.03756,0.934006
18.7808,0.018858,0.03756,0.933896
18.7832,0.013757,0.03756,0.933768
18.7848,0.013167,0.03756,0.933843
18.7868,0.003176,0.03756,0.933903
18.7888,0.00728,0.03756,0.934069
18.7908,0.00728,0.03756,0.934209
18.7928,0.00728,0.03756,0.934368
18.7948,0.00728,0.03756,0.934537
18.7968,0.00728,0.03756,0.934586
18.7988,0.003515,0.03756,0.934739
18.8008,0.00363,0.03756,0.934745
18.8028,0.000146,0.03756,0.934799
18.8048,0.005115,0.03756,0.93477
18.8068,0.003851,0.03756,0.934852
18.8088,0.003851,0.03756,0.934868
18.8108,0.003851,0.03756,0.93492
18.8128,0.012621,0.03756,0.934863
18.8148,0.00138,0.03756,0.934955
18.8168,0.000704,0.03756,0.934961
18.8188,0.000704,0.03756,0.935023
18.8208,0.01213,0.03756,0.935056
18.8228,0.01213,0.03756,0.935187
18.8248,0.013015,0.03756,0.935259
18.8268,0.021062,0.03756,0.935339
18.8288,0.021062,0.03756,0.935495
18.8308,0.004869,0.03756,0.93559
18.8328,0.008415,0.03756,0.935728
18.8348,0.015265,0.03756,0.935994
18.8368,0.013439,0.03756,0.936193
18.8388,0.010195,0.03756,0.936383
18.8408,0.015487,0.03756,0.936737
18.8428,0.034347,0.03756,0.937017
18.8448,0.013108,0.03756,0.937379
18.8468,0.001838,0.03756,0.937721
18.8488,0.004018,0.03756,0.938213
18.8508,0.011548,0.03756,0.938648
18.8532,0.021098,0.03756,0.939205
18.8552,0.021098,0.03756,0.939718
18.8572,0.007798,0.03756,0.94033
18.8592,0.007798,0.03756,0.940909
18.8612,0.007352,0.03756,0.941433
18.8632,0.007352,0.03756,0.942119
18.8652,0.024328,0.03756,0.942737
18.8672,0.010753,0.03756,0.943354
18.8692,0.010753,0.03756,0.944124
18.8712,0.026894,0.03756,0.944908
18.8732,0.026894,0.03756,0.94591
18.8752,0.052308,0.03756,0.94672
18.8772,0.060209,0.03756,0.947701
18.8792,0.047315,0.03756,0.948692
18.8812,0.028632,0.03756,0.949728
18.8832,0.020829,0.03756,0.950809
18.8852,0.001529,0.03756,0.952059
18.8878,0.008583,0.03756,0.953176
18.8898,0.011244,0.03756,0.954752
18.8918,0.000986,0.03756,0.955924
18.8936,0.029206,0.03756,0.957381
18.8958,0.022497,0.03756,0.958682
18.8978,0.011982,0.03756,0.960216
18.8998,0.009333,0.03756,0.961688
18.9016,0.014499,0.03756,0.96325
18.9032,0.011163,0.03756,0.964828
18.9052,0.01752,0.03756,0.966227
18.9072,0.008182,0.03756,0.968022
18.9092,0.023312,0.03756,0.969775
18.9112,0.023422,0.03756,0.971579
18.9132,0.040637,0.03756,0.973543
18.9152,0.011596,0.03756,0.975599
18.9168,0.023349,0.03756,0.977627
18.9182,0.014908,0.03756,0.979209
18.9202,0.014908,0.03756,0.981002
18.9228,0.036377,0.03756,0.983053
18.9248,0.037409,0.03756,0.985887
18.9262,0.02873,0.03756,0.988261
18.9282,0.038797,0.03756,0.990181
18.9298,0.010566,0.03756,0.992527
18.9318,0.010566,0.03756,0.994566
18.9336,0.004207,0.03756,0.997041
18.9352,0.012672,0.03756,0.999601
18.9368,0.017557,0.10824,1.0018
18.9388,0.125592,0.25248,1.00421
18.9408,0.428818,0.4089,1.00682
18.9428,0.742958,0.5,1.00906
18.9448,1.08861,0.5,1.01025
18.9468,1.22276,0.5,1.01025
18.9488,1.23442,0.5,1.00899
18.9508,1.2181,0.37968,1.00633
18.9528,1.11971,0.14142,1.00236
18.9552,0.668339,0.14142,0.997134
18.9572,0.241744,0.14142,0.989835
18.9592,0.128416,0.14142,0.984522
18.9608,0.108919,0.14142,0.97921
18.9628,0.079174,0.14142,0.97523
18.9648,0.075672,0.14142,0.970648
18.9668,0.06948,0.14142,0.966645
18.9688,0.079743,0.14142,0.96292
18.9708,0.125448,0.14142,0.959803
18.9728,0.088583,0.14142,0.957238
18.9742,0.094861,0.14142,0.955389
18.9768,0.127943,0.14142,0.9537
18.9782,0.071916,0.14142,0.952517
18.9798,0.114324,0.14142,0.951895
18.9812,0.065876,0.14142,0.951574
18.9832,0.061057,0.14142,0.951416
18.9848,0.094086,0.14142,0.95181
18.9868,0.040835,0.14142,0.952266
18.9888,0.036134,0.14142,0.953216
18.9902,0.074355,0.14142,0.95429
18.9928,0.064111,0.14142,0.955579
18.9942,0.038881,0.14142,0.957174
18.9958,0.00283,0.14142,0.958517
18.9972,0.030747,0.14142,0.9599
18.9988,0.031233,0.14142,0.961356
19.0002,0.018355,0.14142,0.962741
19.0018,0.024291,0.14142,0.964498
19.0032,0.019657,0.14142,0.966096
19.0048,0.005674,0.14142,0.967805
19.0062,0.007008,0.14142,0.969673
19.0082,0.019402,0.14142,0.971317
19.0098,0.005145,0.14142,0.973613
19.0112,0.031948,0.14142,0.975408
19.0128,0.007163,0.14142,0.977223
19.0142,0.008758,0.14142,0.979126
19.0162,0.021142,0.14142,0.980957
19.0178,0.021142,0.14142,0.983443
19.0192,0.016866,0.14142,0.985439
19.0208,0.025258,0.14142,0.987323
19.0222,0.020313,0.14142,0.989283
19.0242,0.020738,0.14142,0.991347
19.0258,0.020738,0.14142,0.993833
19.0278,0.000281,0.14142,0.995818
19.0296,0.009116,0.14142,0.99845
19.0312,0.002673,0.05622,1.00094
19.0332,0.064891,0.2043,1.00341
19.0352,0.330672,0.35256,1.00588
19.0372,0.638261,0.47754,1.00796
19.0392,1.00962,0.5,1.00915
19.0412,1.22226,0.5,1.00902
19.0432,1.22345,0.46584,1.00776
19.0452,1.15967,0.31236,1.00521
19.0472,0.940531,0.06744,1.00112
19.0498,0.337729,0.06744,0.995555
19.0518,0.191144,0.06744,0.988416
19.0536,0.107525,0.06744,0.982873
19.0558,0.079132,0.06744,0.978129
19.0578,0.053694,0.06744,0.972341
19.0598,0.031541,0.06744,0.967664
19.0616,0.058172,0.06744,0.96311
19.0632,0.0543,0.06744,0.959424
19.0648,0.023473,0.06744,0.95621
19.0668,0.089969,0.06744,0.953094
19.0688,0.078809,0.06744,0.949544
19.0702,0.033711,0.06744,0.946267
19.0722,0.047832,0.06744,0.943951
19.0738,0.044069,0.06744,0.941326
19.0758,0.04379,0.06744,0.939212
19.0777,0.048549,0.06744,0.936743
19.0792,0.041384,0.06744,0.934894
19.0812,0.042581,0.06744,0.933267
19.0828,0.042339,0.06744,0.93142
19.0848,0.040482,0.06744,0.930079
19.0868,0.057452,0.06744,0.928695
19.0888,0.052365,0.06744,0.92738
19.0908,0.026697,0.06744,0.926332
19.0928,0.048926,0.06744,0.925521
19.0948,0.029884,0.06744,0.924757
19.0968,0.025335,0.06744,0.924273
19.0988,0.025354,0.06744,0.923898
19.1008,0.044951,0.06744,0.923765
19.1028,0.021242,0.06744,0.92367
19.1048,0.025423,0.06744,0.923682
19.1068,0.017169,0.06744,0.92387
19.1088,0.032098,0.06744,0.924026
19.1102,0.009296,0.06744,0.924292
19.1118,0.009296,0.06744,0.924574
19.1142,0.008607,0.06744,0.924846
19.1158,0.026534,0.06744,0.925252
19.1177,0.026534,0.06744,0.925553
19.1192,0.004666,0.06744,0.92589
19.1208,0.004666,0.06744,0.926238
19.1228,0.004418,0.06744,0.926556
19.1248,0.004418,0.06744,0.926957
19.1262,0.00949,0.06744,0.927391
19.1278,0.000589,0.06744,0.927673
19.1298,0.000589,0.06744,0.927994
19.1318,0.003797,0.06744,0.928339
19.1337,0.006764,0.06744,0.928624
19.1358,0.006764,0.06744,0.928836
19.1378,0.006764,0.06744,0.92927
19.1398,0.003279,0.06744,0.929576
19.1417,0.002914,0.06744,0.929792
19.1432,0.002914,0.06744,0.930138
19.1452,0.002914,0.06744,0.930278
19.1468,0.009527,0.06744,0.930527
19.1488,0.00374,0.06744,0.93076
19.1502,0.00374,0.06744,0.931056
19.1518,0.005649,0.06744,0.93137
19.1538,0.005497,0.06744,0.931581
19.1558,0.009048,0.06744,0.931953
19.1577,0.00168,0.06744,0.932341
19.1592,0.00241,0.06744,0.932637
19.1608,0.00241,0.06744,0.933119
19.1628,0.007221,0.06744,0.933461
19.1648,0.007221,0.06744,0.933838
19.1668,0.007221,0.06744,0.934344
19.1688,0.008135,0.06744,0.934803
19.1708,0.008135,0.06744,0.935266
19.1728,0.013409,0.06744,0.935661
19.1742,0.013409,0.06744,0.936228
19.1758,0.018565,0.06744,0.936509
19.1782,0.006386,0.06744,0.937017
19.1798,0.00471,0.06744,0.937694
19.1817,0.00471,0.06744,0.938155
19.1832,0.008918,0.06744,0.938664
19.1848,0.000179,0.06744,0.939094
19.1868,0.00717,0.06744,0.939544
19.1888,0.00865,0.06744,0.94008
19.1902,0.035819,0.06744,0.940658
19.1918,0.009022,0.06744,0.941035
19.1938,0.009022,0.06744,0.941502
19.1958,0.031794,0.06744,0.942085
19.1977,0.010042,0.06744,0.942718
19.1998,0.004114,0.06744,0.943265
19.2018,0.004114,0.06744,0.94391
19.2038,0.026677,0.06744,0.944804
19.2057,0.02709,0.06744,0.945543
19.2073,0.02709,0.06744,0.946413
19.2088,0.01131,0.06744,0.9471
19.2108,0.002541,0.06744,0.94772
19.2128,0.012146,0.06744,0.948614
19.2143,0.023589,0.06744,0.949549
19.2158,0.006737,0.06744,0.950261
19.2178,0.035265,0.06744,0.951086
19.2198,0.003539,0.06744,0.952115
19.2217,0.003539,0.06744,0.953266
19.2233,0.003539,0.06744,0.954206
19.2248,0.003539,0.06744,0.955195
19.2268,0.029074,0.06744,0.956166
19.2288,0.019481,0.06744,0.957394
19.2303,0.010885,0.06744,0.958635
19.2318,0.014832,0.06744,0.959533
19.2338,0.007628,0.06744,0.960556
19.2358,0.007628,0.06744,0.961971
19.2377,0.017238,0.06744,0.963426
19.2393,0.019257,0.06744,0.964721
19.2413,0.015876,0.06744,0.966064
19.2428,0.007419,0.06744,0.967706
19.2448,0.007901,0.06744,0.968899
19.2468,0.007901,0.06744,0.970574
19.2488,0.000769,0.06744,0.97226
19.2508,0.028289,0.06744,0.973987
19.2528,0.002888,0.06744,0.975861
19.2548,0.002888,0.06744,0.977745
19.2568,0.01678,0.06744,0.979675
19.2588,0.021233,0.06744,0.98158
19.2608,0.011422,0.06744,0.983639
19.2628,0.02281,0.06744,0.98568
19.2648,0.036289,0.06744,0.987906
19.2668,0.007812,0.06744,0.990066
19.2688,0.007812,0.06744,0.992453
19.2708,0.002722,0.06744,0.994846
19.2728,0.023422,0.06744,0.997272
19.2753,0.018173,0.06744,0.99977
19.2768,0.004016,0.18186,1.00303
19.2788,0.242544,0.30186,1.00503
19.2808,0.547537,0.45552,1.00759
19.2828,0.864825,0.5,1.00918
19.2848,1.1869,0.5,1.00968
19.2868,1.24115,0.5,1.00904
19.2888,1.22001,0.43986,1.00733
19.2909,1.16105,0.24756,1.00413
19.2929,0.837622,0.24756,0.999768
19.2948,0.326727,0.24756,0.994335
19.2968,0.135768,0.24756,0.988867
19.2988,0.128814,0.24756,0.983549
19.3008,0.095183,0.24756,0.978862
19.3028,0.093796,0.24756,0.974714
19.3049,0.070715,0.24756,0.970991
19.3069,0.074965,0.24756,0.967455
19.3093,0.113132,0.24756,0.964649
19.3113,0.089994,0.24756,0.96178
19.3129,0.084309,0.24756,0.960406
19.3149,0.115695,0.24756,0.959513
19.3169,0.100105,0.24756,0.958798
19.3188,0.071564,0.24756,0.95862
19.3208,0.087315,0.24756,0.958884
19.3229,0.084559,0.24756,0.959485
19.3249,0.082466,0.24756,0.960548
19.3269,0.058224,0.24756,0.96186
19.3289,0.042254,0.24756,0.96353
19.3309,0.055299,0.24756,0.9653
19.3329,0.036197,0.24756,0.967258
19.3349,0.019688,0.24756,0.969521
19.3369,0.032293,0.24756,0.971899
19.3389,0.006306,0.24756,0.974337
19.3409,0.030929,0.24756,0.976882
19.3429,0.028848,0.24756,0.979465
19.3453,0.028723,0.24756,0.982157
19.3469,0.016799,0.24756,0.98562
19.3489,0.008472,0.24756,0.987745
19.3509,0.008472,0.24756,0.990794
19.3529,0.025211,0.24756,0.993516
19.3549,0.0052,0.24756,0.996385
19.3569,0.010455,0.24756,0.999627
19.3589,0.010455,0.13974,1.00233
19.3609,0.176531,0.34512,1.00575
19.3629,0.561023,0.5,1.00886
19.3649,0.948847,0.5,1.01096
19.3669,1.18245,0.5,1.01189
19.3689,1.2126,0.5,1.01136
19.3709,1.2907,0.5,1.00937
19.3729,1.22813,0.3915,1.00653
19.3749,1.14557,0.1392,1.00232
19.3769,0.715667,0.1392,0.996727
19.3793,0.251128,0.1392,0.990143
19.3809,0.102526,0.1392,0.983378
19.3829,0.115268,0.1392,0.978946
19.3849,0.093113,0.1392,0.973562
19.3869,0.068032,0.1392,0.968617
19.3889,0.084968,0.1392,0.964105
19.3909,0.071468,0.1392,0.96013
19.3929,0.109683,0.1392,0.956502
19.3949,0.119166,0.1392,0.95338
19.3969,0.071917,0.1392,0.950789
19.3989,0.08669,0.1392,0.948649
19.4009,0.061752,0.1392,0.946943
19.4029,0.089891,0.1392,0.945782
19.4049,0.078691,0.1392,0.94494
19.4069,0.117918,0.1392,0.944629
19.4089,0.093462,0.1392,0.944507
19.4109,0.061908,0.1392,0.944863
19.4129,0.025152,0.1392,0.945399
19.4149,0.039568,0.1392,0.946211
19.4169,0.04369,0.1392,0.947166
19.4189,0.04369,0.1392,0.94823
19.4209,0.056078,0.1392,0.949428
19.4229,0.015347,0.1392,0.950804
19.4249,0.024625,0.1392,0.952281
19.4269,0.024625,0.1392,0.953841
19.4289,0.021418,0.1392,0.95538
19.4309,0.029825,0.1392,0.957001
19.4329,0.014258,0.1392,0.958858
19.4349,0.019302,0.1392,0.960708
19.4369,0.00885,0.1392,0.962546
19.4389,0.024274,0.1392,0.964448
19.4409,0.014318,0.1392,0.966632
19.4429,0.000214,0.1392,0.968536
19.4449,0.016792,0.1392,0.970675
19.4469,0.039115,0.1392,0.972759
19.4493,0.034858,0.1392,0.974979
19.4509,0.040538,0.1392,0.977656
19.4529,0.040538,0.1392,0.979496
19.4549,0.029372,0.1392,0.981939
19.4569,0.054491,0.1392,0.984198
19.4589,0.01163,0.1392,0.986625
19.4609,0.025116,0.1392,0.989158
19.4629,0.025116,0.1392,0.99171
19.4649,0.003967,0.1392,0.994297
19.4669,0.00258,0.1392,0.997057
19.4689,0.017863,0.1392,0.99977
19.4709,0.00589,0.1512,1.00252
19.4729,0.205286,0.32208,1.00537
19.4749,0.553871,0.48774,1.00813
19.4769,0.920701,0.5,1.01022
19.4789,1.15341,0.5,1.01088
19.4809,1.30674,0.5,1.01031
19.4829,1.22962,0.5,1.00886
19.4853,1.22634,0.339,1.00565
19.4873,1.05136,0.01416,1.00024
19.4899,0.325866,0.01416,0.994455
19.4919,0.130458,0.01416,0.986615
19.4937,0.135034,0.01416,0.981053
19.4953,0.135714,0.01416,0.976437
19.4973,0.09047,0.01416,0.972543
19.4993,0.056612,0.01416,0.968123
19.5013,0.064571,0.01416,0.964006
19.5033,0.121163,0.01416,0.960423
19.5049,0.129302,0.01416,0.957337
19.5069,0.056355,0.01416,0.955084
19.5089,0.117896,0.01416,0.953049
19.5109,0.077996,0.01416,0.951147
19.5129,0.098975,0.01416,0.949891
19.5149,0.075019,0.01416,0.949068
19.5169,0.046136,0.01416,0.948475
19.5189,0.075666,0.01416,0.948383
19.5209,0.038634,0.01416,0.948661
19.5229,0.031285,0.01416,0.949239
19.5249,0.075454,0.01416,0.950064
19.5269,0.020043,0.01416,0.951044
19.5289,0.029085,0.01416,0.95225
19.5309,0.021806,0.01416,0.953562
19.5329,0.043916,0.01416,0.955015
19.5349,0.011645,0.01416,0.95659
19.5369,0.002756,0.01416,0.958313
19.5389,0.029849,0.01416,0.960025
19.5409,0.025096,0.01416,0.961856
19.5429,0.021191,0.01416,0.963797
19.5449,0.013893,0.01416,0.965778
19.5469,0.013893,0.01416,0.967797
19.5489,7.5e-05,0.01416,0.969947
19.5509,0.011878,0.01416,0.972023
19.5533,0.011878,0.01416,0.974186
19.5553,0.011878,0.01416,0.976905
19.5569,0.011878,0.01416,0.978915
19.5589,0.005091,0.01416,0.981022
19.5609,0.005091,0.01416,0.983423
19.5629,0.012254,0.01416,0.98587
19.5649,0.013147,0.01416,0.988347
19.5669,0.018446,0.01416,0.990963
19.5689,0.025454,0.01416,0.993613
19.5709,0.009074,0.01416,0.99621
19.5729,0.00304,0.01416,0.998996
19.5749,0.018657,0.09612,1.0016
19.5769,0.133679,0.27432,1.00457
19.5789,0.440227,0.43842,1.00731
19.5809,0.787861,0.5,1.00941
19.5829,1.11016,0.5,1.01047
19.5849,1.23111,0.5,1.01012
19.5869,1.25126,0.5,1.00843
19.5893,1.21346,0.35352,1.00589
19.5913,1.07188,0.0234,1.00039
19.5939,0.364633,0.0234,0.99483
19.5959,0.122078,0.0234,0.986737
19.5977,0.07784,0.0234,0.98108
19.5999,0.114858,0.0234,0.97623
19.6019,0.065101,0.0234,0.970523
19.6039,0.07112,0.0234,0.965842
19.6057,0.04287,0.0234,0.961471
19.6073,0.058737,0.0234,0.957821
19.6093,0.126635,0.0234,0.954883
19.6113,0.060011,0.0234,0.951736
19.6133,0.087503,0.0234,0.948829
19.6153,0.0781,0.0234,0.946282
19.6173,0.035253,0.0234,0.944068
19.6193,0.078393,0.0234,0.942298
19.6213,0.056675,0.0234,0.940804
19.6239,0.085548,0.0234,0.9396
19.6259,0.053337,0.0234,0.938457
19.6279,0.037118,0.0234,0.937898
19.6297,0.058045,0.0234,0.937556
19.6319,0.055255,0.0234,0.937492
19.6339,0.034611,0.0234,0.937703
19.6359,0.038907,0.0234,0.938051
19.6377,0.019489,0.0234,0.938598
19.6393,0.042826,0.0234,0.939183
19.6413,0.026462,0.0234,0.939752
19.6433,0.009008,0.0234,0.940521
19.6453,0.017842,0.0234,0.941422
19.6473,0.050471,0.0234,0.942454
19.6493,0.039119,0.0234,0.943517
19.6513,0.008939,0.0234,0.944758
19.6533,0.04703,0.0234,0.946165
19.6553,0.042966,0.0234,0.947609
19.6579,0.021975,0.0234,0.949208
19.6599,0.005214,0.0234,0.951491
19.6618,0.015136,0.0234,0.953425
19.6639,0.025267,0.0234,0.955143
19.6659,0.035068,0.0234,0.95758
19.6679,0.01726,0.0234,0.959836
19.6698,0.012894,0.0234,0.962292
19.6719,0.028984,0.0234,0.964535
19.6739,0.006565,0.0234,0.967507
19.6759,0.006565,0.0234,0.970113
19.6777,0.008888,0.0234,0.972868
19.6799,0.014988,0.0234,0.975316
19.6819,0.019445,0.0234,0.978539
19.6839,0.019445,0.0234,0.981471
19.6857,0.018183,0.0234,0.9844
19.6873,0.004398,0.0234,0.987013
19.6889,0.021824,0.0234,0.989531
19.6909,0.013371,0.0234,0.99203
19.6933,0.002272,0.0234,0.995159
19.6953,0.017331,0.0234,0.998881
19.6969,0.005057,0.12168,1.00203
19.6989,0.149728,0.28968,1.00483
19.7009,0.466519,0.47106,1.00785
19.7029,0.813378,0.5,1.01041
19.7049,1.13818,0.5,1.01163
19.7069,1.27554,0.5,1.01138
19.7089,1.2111,0.5,1.01016
19.7109,1.21991,0.44808,1.00747
19.7129,1.19448,0.1959,1.00327
19.7149,0.810792,0.1959,0.998015
19.7169,0.351544,0.1959,0.99163
19.7183,0.140914,0.1959,0.985338
19.7199,0.097156,0.1959,0.980866
19.7219,0.099057,0.1959,0.975837
19.7239,0.060111,0.1959,0.970276
19.7259,0.045282,0.1959,0.964998
19.7279,0.064509,0.1959,0.960052
19.7299,0.050449,0.1959,0.955238
19.7319,0.077569,0.1959,0.950746
19.7337,0.103852,0.1959,0.946813
19.7353,0.038378,0.1959,0.943549
19.7369,0.077354,0.1959,0.940766
19.7389,0.073124,0.1959,0.938212
19.7409,0.043306,0.1959,0.935223
19.7423,0.040791,0.1959,0.932516
19.7439,0.044797,0.1959,0.930782
19.7459,0.038253,0.1959,0.92894
19.7479,0.052831,0.1959,0.926796
19.7498,0.072622,0.1959,0.924915
19.7513,0.074291,0.1959,0.923597
19.7529,0.085656,0.1959,0.922583
19.7543,0.068817,0.1959,0.921708
19.7563,0.049154,0.1959,0.92098
19.7578,0.054034,0.1959,0.92031
19.7599,0.099603,0.1959,0.92001
19.7613,0.070767,0.1959,0.91987
19.7629,0.074864,0.1959,0.91997
19.7643,0.067857,0.1959,0.920124
19.7658,0.032439,0.1959,0.92045
19.7673,0.034595,0.1959,0.920894
19.7689,0.019131,0.1959,0.921484
19.7703,0.025241,0.1959,0.92221
19.7719,0.025312,0.1959,0.922899
19.7733,0.021654,0.1959,0.923791
19.7759,0.049688,0.1959,0.924744
19.7773,0.045217,0.1959,0.926557
19.7789,0.041368,0.1959,0.927771
19.7803,0.035233,0.1959,0.929055
19.7818,0.027124,0.1959,0.9304
19.7833,0.02506,0.1959,0.931861
19.7853,0.002953,0.1959,0.93346
19.7869,0.010293,0.1959,0.935552
19.7883,0.015818,0.1959,0.937358
19.7898,0.003849,0.1959,0.939044
19.7919,0.003849,0.1959,0.940741
19.7933,0.003849,0.1959,0.943361
19.7949,0.003849,0.1959,0.945324
19.7963,0.003849,0.1959,0.947338
19.7978,0.003849,0.1959,0.949421
19.7993,0.003756,0.1959,0.951274
19.8009,0.006454,0.1959,0.95371
19.8029,0.021028,0.1959,0.955962
19.805,0.020819,0.1959,0.958977
19.807,0.005602,0.1959,0.962354
19.809,0.026874,0.1959,0.965509
19.811,0.00314,0.1959,0.968745
19.813,0.023857,0.1959,0.972038
19.8149,0.023857,0.1959,0.975343
19.817,0.023857,0.1959,0.978746
19.819,0.037482,0.1959,0.98209
19.8209,0.037482,0.1959,0.985454
19.823,0.011675,0.1959,0.988829
19.8249,0.011675,0.1959,0.99226
19.827,0.001059,0.1959,0.995745
19.829,0.009096,0.1959,0.999266
19.831,0.009096,0.1572,1.00262
19.8329,0.22179,0.4032,1.00672
19.8349,0.654849,0.5,1.00971
19.8369,0.943653,0.5,1.01215
19.8389,1.18095,0.5,1.01299
19.8409,1.29541,0.5,1.01243
19.8429,1.22696,0.5,1.01078
19.8449,1.21444,0.4755,1.00793
19.8469,1.23603,0.21774,1.00363
19.8489,0.837249,0.21774,0.997859
19.8514,0.225946,0.21774,0.991145
19.8529,0.124984,0.21774,0.982634
19.8549,0.114825,0.21774,0.977419
19.8569,0.071937,0.21774,0.970958
19.8589,0.061635,0.21774,0.965013
19.8609,0.076936,0.21774,0.959395
19.8629,0.065016,0.21774,0.954033
19.8649,0.038932,0.21774,0.94903
19.8669,0.078402,0.21774,0.944119
19.8689,0.071545,0.21774,0.939859
19.8709,0.072597,0.21774,0.935784
19.8729,0.043663,0.21774,0.93203
19.8749,0.077104,0.21774,0.928775
19.8769,0.091664,0.21774,0.925762
19.8789,0.083276,0.21774,0.923222
19.8809,0.04536,0.21774,0.9209
19.8829,0.10661,0.21774,0.919125
19.8854,0.081547,0.21774,0.917692
19.887,0.103658,0.21774,0.916404
19.8884,0.070534,0.21774,0.916009
19.8899,0.06156,0.21774,0.915645
19.8919,0.081456,0.21774,0.915601
19.8938,0.038759,0.21774,0.915868
19.8954,0.049872,0.21774,0.916405
19.8969,0.070762,0.21774,0.917004
19.8989,0.03806,0.21774,0.91779
19.9009,0.040531,0.21774,0.919059
19.9024,0.038868,0.21774,0.920448
19.9039,0.019116,0.21774,0.921559
19.9059,0.033486,0.21774,0.923012
19.9079,0.036927,0.21774,0.924886
19.9098,0.044486,0.21774,0.926895
19.9114,0.041938,0.21774,0.928837
19.9129,0.034286,0.21774,0.930843
19.9149,0.017784,0.21774,0.932631
19.9169,0.031042,0.21774,0.934987
19.9184,0.000539,0.21774,0.937702
19.9199,0.017916,0.21774,0.939702
19.922,0.022773,0.21774,0.94181
19.9239,0.022773,0.21774,0.944452
19.9258,0.016764,0.21774,0.947387
19.9274,0.016764,0.21774,0.950083
19.929,0.016764,0.21774,0.952619
19.931,0.048107,0.21774,0.954981
19.933,0.02165,0.21774,0.958134
19.9344,0.016022,0.21774,0.961317
19.9359,0.013228,0.21774,0.963537
19.938,0.012945,0.21774,0.966167
19.94,0.012945,0.21774,0.969451
19.9418,0.010951,0.21774,0.972779
19.9434,0.000465,0.21774,0.975701
19.945,0.013901,0.21774,0.978497
19.9474,0.009497,0.21774,0.981052
19.949,0.009497,0.21774,0.985159
19.951,0.009497,0.21774,0.98782
19.953,0.017288,0.21774,0.991168
19.955,0.017288,0.21774,0.994542
19.957,0.017288,0.21774,0.997974
19.9584,0.013228,0.07596,1.00127
19.9604,0.085065,0.24504,1.00408
19.9624,0.382397,0.43842,1.00731
19.9644,0.757272,0.5,1.01011
19.9664,1.07732,0.5,1.01174
19.969,1.18902,0.5,1.01171
19.971,1.34958,0.5,1.01015
19.973,1.22134,0.47706,1.00795
19.975,1.17808,0.25386,1.00423
19.977,0.906638,0.25386,0.998954
19.979,0.354257,0.25386,0.992696
19.9814,0.084604,0.25386,0.986281
19.984,0.097878,0.25386,0.977809
19.986,0.058471,0.25386,0.970131
19.988,0.091336,0.25386,0.964442
19.9898,0.046773,0.25386,0.959231
19.9914,0.003465,0.25386,0.954863
19.993,0.07512,0.25386,0.950683
19.995,0.031802,0.25386,0.94724
19.997,0.061542,0.25386,0.942854
19.9984,0.038788,0.25386,0.938874
20,0.053674,0.25386,0.935898
20.002,0.051138,0.25386,0.933224
20.004,0.051641,0.25386,0.929802
20.0058,0.061957,0.25386,0.926865
20.0074,0.081817,0.25386,0.924475
20.009,0.068564,0.25386,0.922386
20.011,0.081899,0.25386,0.920816
20.0134,0.065764,0.25386,0.91896
20.016,0.097657,0.25386,0.917418
20.018,0.103769,0.25386,0.916268
20.02,0.026742,0.25386,0.915752
20.0218,0.042302,0.25386,0.915733
20.0234,0.072157,0.25386,0.915885
20.025,0.062466,0.25386,0.916286
20.027,0.052231,0.25386,0.916897
20.029,0.08412,0.25386,0.917789
20.031,0.081968,0.25386,0.918939
20.033,0.035522,0.25386,0.920303
20.035,0.041993,0.25386,0.922017
20.037,0.027671,0.25386,0.923838
20.039,0.031469,0.25386,0.92578
20.041,0.04291,0.25386,0.92806
20.043,0.028467,0.25386,0.930404
20.045,0.031659,0.25386,0.932948
20.047,0.037974,0.25386,0.935526
20.0494,0.035211,0.25386,0.938488
20.051,0.051751,0.25386,0.942138
20.053,0.019221,0.25386,0.944576
20.055,0.041161,0.25386,0.947955
20.057,0.010958,0.25386,0.951293
20.059,0.025115,0.25386,0.954906
20.061,0.044841,0.25386,0.958565
20.063,0.022794,0.25386,0.962346
20.065,0.014785,0.25386,0.966294
20.067,0.006433,0.25386,0.970142
20.069,0.006433,0.25386,0.974129
20.071,0.006548,0.25386,0.978135
20.073,0.0352,0.25386,0.982222
20.075,0.003625,0.25386,0.986303
20.077,0.003625,0.25386,0.990393
20.079,0.002597,0.25386,0.994481
20.081,0.026378,0.25386,0.99872
20.083,0.026378,0.17772,1.00296
20.085,0.252604,0.44994,1.0075
20.087,0.692342,0.5,1.01156
20.089,0.982865,0.5,1.01464
20.091,1.21169,0.5,1.01583
20.093,1.2103,0.5,1.0159
20.095,1.22754,0.5,1.01488
20.097,1.22808,0.5,1.01243
20.099,1.21421,0.5,1.00849
20.101,1.28889,0.19248,1.00321
20.103,0.818342,0.19248,0.996696
20.105,0.353526,0.19248,0.989167
20.107,0.111684,0.19248,0.981618
20.109,0.097792,0.19248,0.973782
20.111,0.089971,0.19248,0.966889
20.113,0.044565,0.19248,0.960082
20.115,0.034411,0.19248,0.953829
20.1174,0.064565,0.19248,0.948009
20.119,0.061208,0.19248,0.940954
20.121,0.044587,0.19248,0.936941
20.123,0.021769,0.19248,0.93187
20.125,0.038514,0.19248,0.926952
20.127,0.065017,0.19248,0.922212
20.129,0.110429,0.19248,0.917844
20.131,0.084648,0.19248,0.913943
20.133,0.071889,0.19248,0.91042
20.135,0.051214,0.19248,0.907132
20.137,0.098298,0.19248,0.904236
20.139,0.071029,0.19248,0.901637
20.141,0.07669,0.19248,0.899485
20.143,0.063002,0.19248,0.897731
20.145,0.069301,0.19248,0.896255
20.147,0.06401,0.19248,0.895164
20.149,0.07869,0.19248,0.894436
20.1514,0.069402,0.19248,0.894166
20.153,0.063789,0.19248,0.894288
20.155,0.057743,0.19248,0.894546
20.157,0.053894,0.19248,0.895185
20.159,0.040965,0.19248,0.896009
20.161,0.042639,0.19248,0.897203
20.163,0.032576,0.19248,0.898432
20.165,0.0519,0.19248,0.899988
20.167,0.029739,0.19248,0.901574
20.169,0.04585,0.19248,0.903493
20.171,0.000637,0.19248,0.905589
20.173,0.000637,0.19248,0.907821
20.175,0.000637,0.19248,0.910176
20.177,0.051351,0.19248,0.912638
20.179,0.005625,0.19248,0.915238
20.181,0.011715,0.19248,0.917792
20.183,0.009227,0.19248,0.920639
20.185,0.026604,0.19248,0.923549
20.1874,0.03141,0.19248,0.92663
20.189,0.020612,0.19248,0.93049
20.191,0.003168,0.19248,0.932959
20.193,0.001591,0.19248,0.936234
20.195,0.037255,0.19248,0.939389
20.197,0.037255,0.19248,0.942799
20.199,0.035802,0.19248,0.946079
20.201,0.032191,0.19248,0.949543
20.203,0.03313,0.19248,0.952948
20.205,0.002793,0.19248,0.956474
20.207,0.002793,0.19248,0.95996
20.209,0.012759,0.19248,0.963582
20.211,0.012759,0.19248,0.967129
20.213,0.004081,0.19248,0.970783
20.215,0.004081,0.19248,0.974253
20.217,0.004154,0.19248,0.977986
20.219,0.004154,0.19248,0.98161
20.2214,0.004154,0.19248,0.985166
20.224,0.004154,0.19248,0.989637
20.226,0.004154,0.19248,0.994112
20.228,0.004154,0.19248,0.997695
20.2298,0.001733,0.08244,1.00137
20.232,0.109381,0.30048,1.00501
20.234,0.477906,0.5,1.00891
20.236,0.885419,0.5,1.01189
20.2378,1.1147,0.5,1.01323
20.24,1.23024,0.5,1.01318
20.242,1.24762,0.5,1.01189
20.244,1.24839,0.5,1.00929
20.2458,1.20196,0.32544,1.00542
20.248,1.00102,0.0702,1.00117
20.25,0.503571,0.0702,0.993533
20.252,0.18072,0.0702,0.986527
20.2538,0.085029,0.0702,0.980612
20.256,0.098973,0.0702,0.974265
20.2584,0.086647,0.0702,0.967526
20.26,0.087298,0.0702,0.960349
20.2618,0.031628,0.0702,0.956247
20.2634,0.045121,0.0702,0.951494
20.265,0.032565,0.0702,0.9476
20.267,0.07859,0.0702,0.944178
20.269,0.066196,0.0702,0.940123
20.271,0.077692,0.0702,0.936235
20.273,0.072918,0.0702,0.932909
20.275,0.103599,0.0702,0.929908
20.277,0.076112,0.0702,0.927511
20.279,0.083894,0.0702,0.925626
20.281,0.077753,0.0702,0.92418
20.283,0.077364,0.0702,0.923193
20.285,0.104575,0.0702,0.922743
20.287,0.086065,0.0702,0.922762
20.289,0.069546,0.0702,0.923108
20.2914,0.065674,0.0702,0.923841
20.293,0.070579,0.0702,0.925306
20.295,0.062008,0.0702,0.926302
20.297,0.049379,0.0702,0.928042
20.299,0.043578,0.0702,0.929844
20.301,0.029021,0.0702,0.931989
20.303,0.028937,0.0702,0.934278
20.305,0.040694,0.0702,0.936616
20.307,0.050926,0.0702,0.93932
20.309,0.024278,0.0702,0.942015
20.311,0.051385,0.0702,0.944842
20.313,0.05897,0.0702,0.947801
20.315,0.036384,0.0702,0.950917
20.317,0.003467,0.0702,0.954043
20.319,0.023049,0.0702,0.957416
20.321,0.021816,0.0702,0.960903
20.323,0.019256,0.0702,0.964352
20.3254,0.00383,0.0702,0.967994
20.327,0.00383,0.0702,0.972422
20.329,0.00383,0.0702,0.975174
20.331,0.040481,0.0702,0.978846
20.333,0.040481,0.0702,0.982675
20.335,0.046086,0.0702,0.986353
20.337,0.041206,0.0702,0.990264
20.339,0.006213,0.0702,0.994091
20.341,0.00474,0.0702,0.998049
20.343,0.002948,0.12024,1.002
20.345,0.150489,0.3963,1.0066
20.347,0.63561,0.5,1.0105
20.349,0.977424,0.5,1.01347
20.351,1.16677,0.5,1.01471
20.353,1.17348,0.5,1.01459
20.355,1.26499,0.5,1.01294
20.357,1.28814,0.5,1.01037
20.359,1.22578,0.39,1.0065
20.3614,1.06481,0.08412,1.0014
20.364,0.509729,0.08412,0.993756
20.3659,0.196223,0.08412,0.98382
20.368,0.073637,0.08412,0.97822
20.37,0.066324,0.08412,0.970664
20.372,0.078167,0.08412,0.964215
20.3739,0.076483,0.08412,0.958077
20.3754,0.076339,0.08412,0.952771
20.377,0.082444,0.08412,0.948615
20.379,0.017337,0.08412,0.944641
20.381,0.017115,0.08412,0.939784
20.383,0.061207,0.08412,0.935119
20.385,0.067052,0.08412,0.930702
20.387,0.074325,0.08412,0.926749
20.389,0.065255,0.08412,0.923178
20.391,0.072226,0.08412,0.919969
20.393,0.104462,0.08412,0.917182
20.3954,0.08449,0.08412,0.914711
20.397,0.053148,0.08412,0.912192
20.399,0.056201,0.08412,0.910921
20.401,0.06639,0.08412,0.909491
20.403,0.076538,0.08412,0.908538
20.405,0.061248,0.08412,0.907921
20.407,0.087187,0.08412,0.907708
20.4084,0.086005,0.08412,0.907926
20.41,0.056642,0.08412,0.908193
20.412,0.05616,0.08412,0.908644
20.4139,0.069519,0.08412,0.90956
20.416,0.077302,0.08412,0.910484
20.418,0.064941,0.08412,0.911919
20.42,0.02309,0.08412,0.913554
20.4219,0.068376,0.08412,0.91529
20.4234,0.027079,0.08412,0.917351
20.425,0.01365,0.08412,0.919009
20.4274,0.003984,0.08412,0.920669
20.429,0.029623,0.08412,0.923881
20.431,0.018658,0.08412,0.925765
20.433,0.052745,0.08412,0.928642
20.435,0.036636,0.08412,0.93151
20.437,0.034031,0.08412,0.93465
20.439,0.034031,0.08412,0.938001
20.441,0.016087,0.08412,0.941359
20.443,0.003664,0.08412,0.944846
20.445,0.03619,0.08412,0.948572
20.447,0.03619,0.08412,0.952372
20.449,0.002078,0.08412,0.956192
20.451,0.011299,0.08412,0.960111
20.453,0.034094,0.08412,0.96429
20.455,0.034094,0.08412,0.968369
20.457,0.0264,0.08412,0.972468
20.459,0.026577,0.08412,0.976756
20.461,0.026577,0.08412,0.980931
20.464,0.013533,0.08412,0.985251
20.466,0.013533,0.08412,0.991813
20.468,0.001306,0.08412,0.996257
20.4699,0.015915,0.04074,1.00068
20.472,0.046655,0.32256,1.00538
20.474,0.469944,0.5,1.01012
20.476,0.903237,0.5,1.01417
20.4779,1.07534,0.5,1.01686
20.48,1.28022,0.5,1.01769
20.482,1.24294,0.5,1.01759
20.484,1.2282,0.5,1.0162
20.4859,1.26015,0.5,1.01348
20.488,1.23981,0.5,1.00927
20.49,1.27025,0.22206,1.0037
20.492,0.890274,0.22206,0.996834
20.4939,0.341744,0.22206,0.988809
20.496,0.089715,0.22206,0.981563
20.4985,0.089044,0.22206,0.973413
20.5,0.086001,0.22206,0.96399
20.5019,0.052275,0.22206,0.958094
20.5035,0.123028,0.22206,0.951913
20.505,0.113834,0.22206,0.947054
20.507,0.080154,0.22206,0.942056
20.509,0.060346,0.22206,0.936294
20.511,0.033583,0.22206,0.930765
20.513,0.057551,0.22206,0.925479
20.515,0.088755,0.22206,0.920473
20.517,0.067936,0.22206,0.915795
20.519,0.110153,0.22206,0.911545
20.521,0.072172,0.22206,0.907691
20.523,0.078765,0.22206,0.904185
20.525,0.076029,0.22206,0.901111
20.527,0.070936,0.22206,0.898511
20.529,0.070949,0.22206,0.89622
20.5315,0.080957,0.22206,0.894274
20.533,0.070258,0.22206,0.892522
20.5345,0.088935,0.22206,0.89161
20.536,0.07208,0.22206,0.891122
20.5375,0.086891,0.22206,0.890659
20.539,0.075364,0.22206,0.890662
20.5405,0.076431,0.22206,0.89071
20.5419,0.066752,0.22206,0.891064
20.544,0.040066,0.22206,0.891663
20.5455,0.054937,0.22206,0.892553
20.547,0.047882,0.22206,0.893453
20.549,0.046324,0.22206,0.894339
20.5505,0.039796,0.22206,0.895797
20.552,0.034364,0.22206,0.897067
20.5535,0.020672,0.22206,0.898404
20.555,0.033419,0.22206,0.899761
20.5565,0.028743,0.22206,0.901358
20.5579,0.027483,0.22206,0.902889
20.56,0.032616,0.22206,0.904521
20.5615,0.02769,0.22206,0.906733
20.563,0.024129,0.22206,0.908424
20.5645,0.024129,0.22206,0.910139
20.5659,0.040875,0.22206,0.911945
20.567,0.044055,0.22206,0.91381
20.569,0.055386,0.22206,0.915138
20.5705,0.014998,0.22206,0.917648
20.572,0.020164,0.22206,0.919654
20.5739,0.033416,0.22206,0.921768
20.576,0.033416,0.22206,0.924576
20.578,0.010121,0.22206,0.927281
20.58,0.006732,0.22206,0.930304
20.5819,0.006732,0.22206,0.933178
20.5835,0.006732,0.22206,0.936047
20.585,0.006732,0.22206,0.938173
20.587,0.019071,0.22206,0.940504
20.5895,0.013105,0.22206,0.94339
20.591,0.013105,0.22206,0.946808
20.593,0.008793,0.22206,0.949077
20.595,0.008793,0.22206,0.952102
20.597,0.002306,0.22206,0.954895
20.599,0.002306,0.22206,0.957745
20.601,0.002306,0.22206,0.960668
20.603,0.002306,0.22206,0.963629
20.6051,0.003317,0.22206,0.966403
20.607,0.003317,0.22206,0.969197
20.6091,0.003317,0.22206,0.971978
20.611,0.003317,0.22206,0.974586
20.6131,0.003317,0.22206,0.977335
20.6151,0.003317,0.22206,0.980002
20.6171,0.003317,0.22206,0.982633
20.619,0.003317,0.22206,0.98525
20.6211,0.068086,0.22206,0.987853
20.6231,0.012559,0.22206,0.990523
20.6251,0.012559,0.22206,0.993071
20.6271,0.022421,0.22206,0.995777
20.6291,0.022421,0.22206,0.998481
20.6311,0.02357,0.0633,1.00106
20.6331,0.079573,0.2328,1.00388
20.6351,0.3659,0.41268,1.00688
20.6371,0.715003,0.5,1.00924
20.6391,1.00044,0.5,1.01035
20.6411,1.27966,0.5,1.00992
20.6431,1.20948,0.5,1.00876
20.6451,1.1874,0.35658,1.00594
20.6471,1.08646,0.07158,1.00119
20.6491,0.492739,0.07158,0.995789
20.6511,0.196036,0.07158,0.98885
20.6531,0.073679,0.07158,0.983025
20.6551,0.080852,0.07158,0.976778
20.6571,0.069316,0.07158,0.970912
20.6595,0.09201,0.07158,0.965452
20.6611,0.097575,0.07158,0.95945
20.6631,0.02888,0.07158,0.955668
20.6651,0.048861,0.07158,0.951399
20.6671,0.071244,0.07158,0.947488
20.6691,0.052055,0.07158,0.94403
20.6711,0.107821,0.07158,0.940884
20.6731,0.093364,0.07158,0.938314
20.6751,0.105304,0.07158,0.936316
20.6771,0.09465,0.07158,0.934753
20.6791,0.099976,0.07158,0.933649
20.6811,0.092936,0.07158,0.933212
20.6831,0.078035,0.07158,0.933113
20.6851,0.066899,0.07158,0.933429
20.6871,0.070475,0.07158,0.934229
20.6891,0.074968,0.07158,0.935258
20.6911,0.066584,0.07158,0.936714
20.6935,0.07049,0.07158,0.938437
20.6951,0.036109,0.07158,0.940774
20.6971,0.018606,0.07158,0.942653
20.6991,0.075937,0.07158,0.945112
20.7011,0.042478,0.07158,0.947813
20.7031,0.029724,0.07158,0.950704
20.7051,0.024812,0.07158,0.953641
20.7071,0.043484,0.07158,0.956902
20.7091,0.031795,0.07158,0.960194
20.7111,0.035698,0.07158,0.963661
20.7131,0.011973,0.07158,0.967194
20.7151,0.009676,0.07158,0.97075
20.7171,0.023349,0.07158,0.97442
20.7191,0.034556,0.07158,0.978204
20.7211,0.034556,0.07158,0.98192
20.7231,0.005254,0.07158,0.985701
20.7251,0.051352,0.07158,0.989567
20.7265,0.013108,0.07158,0.993441
20.7281,0.004921,0.07158,0.996118
20.7301,0.015015,0.07158,0.999252
20.7321,0.015015,0.19674,1.00328
20.7339,0.260907,0.46188,1.0077
20.7361,0.795285,0.5,1.01099
20.7381,1.02682,0.5,1.01404
20.7401,1.22453,0.5,1.01457
20.7419,1.2207,0.5,1.01386
20.7441,1.30015,0.5,1.01196
20.7461,1.25424,0.5,1.00907
20.7481,1.22431,0.30006,1.005
20.7499,1.00535,0.30006,0.999102
20.7521,0.316251,0.30006,0.993372
20.7541,0.117415,0.30006,0.986133
20.7561,0.109333,0.30006,0.978918
20.7579,0.082178,0.30006,0.972268
20.7591,0.080851,0.30006,0.966581
20.7615,0.111613,0.30006,0.963271
20.7631,0.075757,0.30006,0.956658
20.7651,0.040542,0.30006,0.953103
20.7665,0.057961,0.30006,0.948335
20.7681,0.024356,0.30006,0.945326
20.7701,0.059981,0.30006,0.941719
20.7721,0.072717,0.30006,0.937593
20.7739,0.058674,0.30006,0.933831
20.7755,0.063663,0.30006,0.930912
20.7771,0.107973,0.30006,0.928311
20.7791,0.096919,0.30006,0.926363
20.7811,0.061081,0.30006,0.92422
20.7825,0.094446,0.30006,0.922329
20.7845,0.052372,0.30006,0.921252
20.7861,0.093651,0.30006,0.920201
20.7881,0.094316,0.30006,0.919516
20.7899,0.050862,0.30006,0.919199
20.7921,0.101446,0.30006,0.919103
20.7941,0.084702,0.30006,0.9193
20.7961,0.042266,0.30006,0.919804
20.7979,0.062489,0.30006,0.920635
20.8001,0.037338,0.30006,0.921576
20.8021,0.056533,0.30006,0.92297
20.8041,0.022032,0.30006,0.924456
20.8059,0.020761,0.30006,0.926124
20.8075,0.02528,0.30006,0.927619
20.8091,0.028134,0.30006,0.92918
20.8111,0.024071,0.30006,0.930597
20.8131,0.013888,0.30006,0.932782
20.8151,0.024762,0.30006,0.935043
20.8171,0.039821,0.30006,0.937469
20.8191,0.039882,0.30006,0.939934
20.8211,0.02022,0.30006,0.942535
20.8231,0.011691,0.30006,0.94531
20.8251,0.025013,0.30006,0.948263
20.8275,0.043655,0.30006,0.951342
20.8291,0.046677,0.30006,0.95536
20.8311,0.019343,0.30006,0.957809
20.8331,0.011696,0.30006,0.961199
20.8351,0.028235,0.30006,0.964734
20.8371,0.028235,0.30006,0.968201
20.8391,0.028235,0.30006,0.971774
20.8411,0.01074,0.30006,0.975425
20.8431,0.01074,0.30006,0.979043
20.8451,0.01013,0.30006,0.982777
20.8471,0.01013,0.30006,0.986407
20.8491,0.000219,0.30006,0.990205
20.8511,0.000219,0.30006,0.993985
20.8531,0.012331,0.30006,0.997735
20.8551,0.013735,0.0981,1.00164
20.8571,0.151792,0.36342,1.00606
20.8591,0.637533,0.5,1.00928
20.8615,1.00922,0.5,1.01263
20.8641,1.22957,0.5,1.01387
20.8661,1.28791,0.5,1.01318
20.8681,1.19974,0.5,1.01143
20.8699,1.21693,0.48096,1.00802
20.8721,1.22561,0.24684,1.00411
20.8741,0.823832,0.24684,0.997901
20.8761,0.347389,0.24684,0.990657
20.8779,0.080895,0.24684,0.983621
20.8801,0.084965,0.24684,0.976817
20.8821,0.059743,0.24684,0.969403
20.8841,0.088131,0.24684,0.963043
20.8859,0.075669,0.24684,0.95708
20.8875,0.117566,0.24684,0.951943
20.8891,0.071476,0.24684,0.94773
20.8911,0.043877,0.24684,0.943983
20.8931,0.000189,0.24684,0.939135
20.8955,0.074405,0.24684,0.93438
20.8971,0.082039,0.24684,0.929308
20.8991,0.099793,0.24684,0.926557
20.9011,0.058038,0.24684,0.923245
20.9031,0.083738,0.24684,0.920263
20.9051,0.118421,0.24684,0.917832
20.9071,0.052957,0.24684,0.915638
20.9091,0.067543,0.24684,0.914007
20.9111,0.044315,0.24684,0.912627
20.9131,0.041232,0.24684,0.911692
20.9151,0.065576,0.24684,0.911016
20.9171,0.084999,0.24684,0.910787
20.9191,0.056606,0.24684,0.910938
20.9211,0.044581,0.24684,0.911341
20.9231,0.044381,0.24684,0.912001
20.9251,0.044527,0.24684,0.912967
20.9271,0.045153,0.24684,0.914096
20.9295,0.061715,0.24684,0.915613
20.9311,0.020015,0.24684,0.917734
20.9331,0.03241,0.24684,0.919188
20.9351,0.037295,0.24684,0.921272
20.9371,0.040738,0.24684,0.923624
20.9391,0.030179,0.24684,0.926189
20.9411,0.029656,0.24684,0.928789
20.9431,0.025781,0.24684,0.931544
20.9451,0.034792,0.24684,0.934509
20.9471,0.052517,0.24684,0.937662
20.9491,0.054894,0.24684,0.940815
20.9511,0.027648,0.24684,0.94416
20.9531,0.001565,0.24684,0.947708
20.9551,0.059654,0.24684,0.95142
20.9571,0.03338,0.24684,0.955247
20.9591,0.011275,0.24684,0.959079
20.9611,0.02401,0.24684,0.963044
20.9631,0.02401,0.24684,0.966967
20.9655,0.010722,0.24684,0.971138
20.9671,0.032628,0.24684,0.976279
20.9691,0.000393,0.24684,0.979404
20.9711,0.000393,0.24684,0.98369
20.9731,0.028667,0.24684,0.988056
20.9751,0.00526,0.24684,0.992166
20.9771,0.001796,0.24684,0.996624
20.9791,0.004909,0.0573,1.00096
20.9811,0.069788,0.36678,1.00611
20.9831,0.480888,0.5,1.01017
20.9851,0.916723,0.5,1.01437
20.9871,1.10777,0.5,1.0163
20.9891,1.20896,0.5,1.0166
20.9911,1.36437,0.5,1.01583
20.9931,1.23203,0.5,1.01436
20.9951,1.22067,0.5,1.01125
20.9971,1.21937,0.39516,1.00659
20.9991,1.12841,0.06642,1.00111
21.0011,0.530838,0.06642,0.99356
21.0031,0.1839,0.06642,0.986134
21.0051,0.12695,0.06642,0.979294
21.0071,0.078618,0.06642,0.971683
21.0091,0.107587,0.06642,0.964766
21.0111,0.072214,0.06642,0.958312
21.0131,0.094596,0.06642,0.952428
21.0151,0.046994,0.06642,0.94701
21.0171,0.053087,0.06642,0.941528
21.0191,0.058002,0.06642,0.936398
21.0211,0.078051,0.06642,0.931551
21.0231,0.097874,0.06642,0.927217
21.0251,0.104421,0.06642,0.923477
21.0271,0.072434,0.06642,0.919914
21.0291,0.098236,0.06642,0.916941
21.0311,0.083997,0.06642,0.914386
21.0331,0.065839,0.06642,0.912225
21.0351,0.080124,0.06642,0.910453
21.0371,0.080825,0.06642,0.909142
21.0391,0.091679,0.06642,0.908195
21.0411,0.070496,0.06642,0.907626
21.0431,0.096076,0.06642,0.907584
21.0451,0.082741,0.06642,0.907864
21.0471,0.074088,0.06642,0.908348
21.0491,0.034144,0.06642,0.909336
21.0511,0.03667,0.06642,0.910376
21.0531,0.039972,0.06642,0.911954
21.0551,0.031612,0.06642,0.913681
21.0571,0.059074,0.06642,0.91567
21.0591,0.072696,0.06642,0.917974
21.0611,0.049522,0.06642,0.920355
21.0631,0.03595,0.06642,0.923109
21.0651,0.041813,0.06642,0.926096
21.0671,0.05263,0.06642,0.929353
21.0691,0.028904,0.06642,0.932681
21.0711,0.010756,0.06642,0.93618
21.0731,0.067714,0.06642,0.940005
21.0751,0.019325,0.06642,0.943897
21.0771,0.015014,0.06642,0.948068
21.0791,0.019524,0.06642,0.952404
21.0811,0.039272,0.06642,0.956839
21.0831,0.035949,0.06642,0.961271
21.0851,0.018924,0.06642,0.966044
21.0871,0.008503,0.06642,0.970808
21.0891,0.019046,0.06642,0.975709
21.0911,0.004072,0.06642,0.980619
21.0931,0.035879,0.06642,0.985571
21.0951,0.033135,0.06642,0.990609
21.0971,0.033135,0.06642,0.99578
21.0991,0.033135,0.05766,1.00096
21.1011,0.065329,0.42576,1.0071
21.1031,0.554898,0.5,1.012
21.1055,1.00669,0.5,1.01696
21.1075,1.22616,0.5,1.01991
21.1095,1.27605,0.5,1.02082
21.1115,1.21695,0.5,1.02115
21.1135,1.26161,0.5,1.02016
21.1155,1.22343,0.5,1.01767
21.1175,1.25859,0.5,1.01378
21.1195,1.24203,0.48918,1.00815
21.1215,1.26513,0.11238,1.00187
21.1235,0.724685,0.11238,0.993791
21.1255,0.303843,0.11238,0.985687
21.1271,0.153793,0.11238,0.977523
21.1291,0.085812,0.11238,0.97132
21.1311,0.136604,0.11238,0.963716
21.1331,0.0131,0.11238,0.95671
21.1351,0.030977,0.11238,0.950278
21.1371,0.056199,0.11238,0.943952
21.1395,0.105399,0.11238,0.937999
21.1411,0.07997,0.11238,0.931383
21.1431,0.091467,0.11238,0.92777
21.1451,0.098021,0.11238,0.923434
21.1471,0.117605,0.11238,0.919602
21.1491,0.08881,0.11238,0.916186
21.1511,0.095767,0.11238,0.913448
21.1531,0.118934,0.11238,0.911156
21.1551,0.069019,0.11238,0.909397
21.1571,0.084662,0.11238,0.908058
21.1591,0.102736,0.11238,0.90728
21.1611,0.07033,0.11238,0.906897
21.1631,0.088856,0.11238,0.907016
21.1651,0.111639,0.11238,0.907458
21.1671,0.085348,0.11238,0.908256
21.1691,0.042005,0.11238,0.909512
21.1711,0.052588,0.11238,0.910998
21.1735,0.067953,0.11238,0.912648
21.1751,0.062898,0.11238,0.915244
21.1771,0.084175,0.11238,0.917018
21.1791,0.051036,0.11238,0.919586
21.1811,0.052731,0.11238,0.92242
21.1831,0.039454,0.11238,0.925342
21.1851,0.046098,0.11238,0.928512
21.1871,0.02327,0.11238,0.931892
21.1891,0.016455,0.11238,0.93548
21.1911,0.016455,0.11238,0.939201
21.1931,0.037531,0.11238,0.942914
21.1951,0.044729,0.11238,0.946913
21.1971,0.057065,0.11238,0.951079
21.1991,0.029356,0.11238,0.95533
21.2011,0.003135,0.11238,0.959682
21.2031,0.030436,0.11238,0.964126
21.2051,0.030436,0.11238,0.968634
21.2071,0.030436,0.11238,0.973267
21.2096,0.030436,0.11238,0.977938
21.2111,0.030436,0.11238,0.983786
21.2131,0.034058,0.11238,0.987295
21.2151,0.00509,0.11238,0.992094
21.2171,0.022621,0.11238,0.996983
21.2191,0.022621,0.11208,1.00187
21.2211,0.152129,0.43776,1.0073
21.2231,0.651759,0.5,1.01213
21.2251,0.978183,0.5,1.01648
21.2271,1.17136,0.5,1.01847
21.2291,1.29421,0.5,1.01916
21.2311,1.19878,0.5,1.01919
21.2331,1.23933,0.5,1.01772
21.2351,1.26454,0.5,1.0148
21.2371,1.22618,0.5,1.01061
21.2391,1.2374,0.29832,1.00497
21.2411,0.955271,0.29832,0.998069
21.2436,0.345709,0.29832,0.989544
21.2451,0.119754,0.29832,0.980457
21.2471,0.109046,0.29832,0.974067
21.2491,0.120145,0.29832,0.966367
21.2511,0.060977,0.29832,0.959165
21.2531,0.09005,0.29832,0.952679
21.2551,0.043765,0.29832,0.946403
21.2571,0.065702,0.29832,0.940308
21.2591,0.063614,0.29832,0.934559
21.2611,0.089139,0.29832,0.929304
21.2631,0.073461,0.29832,0.92457
21.2651,0.072615,0.29832,0.920176
21.2671,0.083633,0.29832,0.916369
21.2691,0.10289,0.29832,0.912964
21.2712,0.111863,0.29832,0.9099
21.2731,0.079996,0.29832,0.907686
21.2751,0.093882,0.29832,0.905749
21.2776,0.104873,0.29832,0.904359
21.2791,0.093032,0.29832,0.903241
21.2811,0.075744,0.29832,0.902914
21.2832,0.064142,0.29832,0.90292
21.2851,0.103755,0.29832,0.903359
21.2872,0.097182,0.29832,0.904171
21.2892,0.074242,0.29832,0.905304
21.2912,0.070097,0.29832,0.906832
21.2932,0.069697,0.29832,0.908556
21.2952,0.084727,0.29832,0.910735
21.2972,0.059304,0.29832,0.913126
21.2992,0.049637,0.29832,0.915937
21.3012,0.065391,0.29832,0.918978
21.3032,0.053781,0.29832,0.922292
21.3052,0.046421,0.29832,0.925747
21.3072,0.055023,0.29832,0.929679
21.3092,0.034316,0.29832,0.933716
21.3112,0.046282,0.29832,0.937976
21.3136,0.020872,0.29832,0.942452
21.3152,0.014105,0.29832,0.948413
21.3172,0.022464,0.29832,0.952331
21.3192,0.052717,0.29832,0.957445
21.3212,0.046577,0.29832,0.962621
21.3232,0.003587,0.29832,0.967901
21.3252,0.003587,0.29832,0.973134
21.3272,0.003587,0.29832,0.978639
21.3292,0.003587,0.29832,0.984383
21.3312,0.000579,0.29832,0.990176
21.3332,0.017509,0.29832,0.99594
21.3352,0.013904,0.11502,1.00192
21.3372,0.133124,0.5,1.00882
21.3392,0.815318,0.5,1.01424
21.3412,1.05455,0.5,1.01949
21.3432,1.23365,0.5,1.02252
21.3452,1.29443,0.5,1.02419
21.3476,1.19762,0.5,1.02515
21.3496,1.22153,0.5,1.02438
21.3516,1.23721,0.5,1.02228
21.3536,1.18032,0.5,1.01892
21.3556,1.26582,0.5,1.01409
21.3576,1.21318,0.48564,1.00809
21.3596,1.26563,0.05274,1.00088
21.3616,0.740251,0.05274,0.992025
21.3636,0.17678,0.05274,0.983279
21.3652,0.151712,0.05274,0.974833
21.3672,0.112486,0.05274,0.967876
21.3692,0.12378,0.05274,0.960165
21.3712,0.077989,0.05274,0.953064
21.3732,0.012827,0.05274,0.946425
21.3752,0.082185,0.05274,0.93978
21.3772,0.086117,0.05274,0.933586
21.3792,0.106571,0.05274,0.928039
21.3816,0.117269,0.05274,0.923015
21.3832,0.112124,0.05274,0.918016
21.3852,0.091193,0.05274,0.914655
21.3872,0.113771,0.05274,0.911526
21.3892,0.080344,0.05274,0.908754
21.3912,0.084118,0.05274,0.906216
21.3932,0.095562,0.05274,0.904298
21.3952,0.068079,0.05274,0.902816
21.3972,0.096522,0.05274,0.901766
21.3992,0.09683,0.05274,0.90117
21.4012,0.084947,0.05274,0.900964
21.4032,0.068266,0.05274,0.901288
21.4052,0.052212,0.05274,0.901878
21.4072,0.096569,0.05274,0.902671
21.4092,0.052115,0.05274,0.903887
21.4112,0.026031,0.05274,0.905403
21.4132,0.035925,0.05274,0.907012
21.4152,0.022411,0.05274,0.908945
21.4172,0.043774,0.05274,0.911232
21.4192,0.028317,0.05274,0.913722
21.4212,0.067744,0.05274,0.916531
21.4232,0.031578,0.05274,0.91966
21.4252,0.046462,0.05274,0.922818
21.4272,0.046943,0.05274,0.926351
21.4292,0.031047,0.05274,0.930085
21.4312,0.029639,0.05274,0.93393
21.4332,0.046197,0.05274,0.938015
21.4352,0.028165,0.05274,0.942353
21.4372,0.021457,0.05274,0.946685
21.4392,0.038676,0.05274,0.951217
21.4412,0.038676,0.05274,0.956021
21.4432,0.0128,0.05274,0.960828
21.4452,0.012063,0.05274,0.965764
21.4472,0.000536,0.05274,0.970799
21.4492,0.041741,0.05274,0.975895
21.4512,0.016472,0.05274,0.980952
21.4532,0.009945,0.05274,0.986605
21.4552,0.009945,0.05274,0.991614
21.4572,0.013569,0.05274,0.997003
21.4592,0.013569,0.14148,1.00236
21.4612,0.180705,0.49974,1.00833
21.4632,0.785659,0.5,1.01376
21.4652,1.00445,0.5,1.01804
21.4672,1.20865,0.5,1.02048
21.4692,1.30866,0.5,1.02165
21.4712,1.24734,0.5,1.02192
21.4732,1.19285,0.5,1.0209
21.4752,1.18915,0.5,1.01809
21.4772,1.27658,0.5,1.01407
21.4792,1.21871,0.5,1.00867
21.4812,1.27679,0.12402,1.00207
21.4832,0.744875,0.12402,0.994252
21.4856,0.237184,0.12402,0.985454
21.4882,0.105614,0.12402,0.976027
21.4902,0.138727,0.12402,0.965182
21.4922,0.071377,0.12402,0.957759
21.494,0.076957,0.12402,0.950995
21.4962,0.058324,0.12402,0.945384
21.4982,0.04944,0.12402,0.938302
21.5002,0.071794,0.12402,0.932297
21.502,0.121327,0.12402,0.926872
21.5042,0.120929,0.12402,0.922755
21.5062,0.085301,0.12402,0.918033
21.5082,0.083892,0.12402,0.914391
21.51,0.106082,0.12402,0.911226
21.5112,0.080421,0.12402,0.908928
21.5132,0.068389,0.12402,0.907354
21.5152,0.129619,0.12402,0.905648
21.5172,0.080051,0.12402,0.904283
21.5192,0.098896,0.12402,0.90344
21.5212,0.096916,0.12402,0.90302
21.5232,0.058087,0.12402,0.903118
21.5252,0.09029,0.12402,0.903547
21.5272,0.058873,0.12402,0.904436
21.5292,0.089484,0.12402,0.905731
21.5312,0.078231,0.12402,0.907328
21.5332,0.084507,0.12402,0.90921
21.5352,0.069389,0.12402,0.911453
21.5372,0.085459,0.12402,0.914048
21.5392,0.094903,0.12402,0.916795
21.5412,0.058108,0.12402,0.919939
21.5432,0.029928,0.12402,0.923242
21.5452,0.055319,0.12402,0.926961
21.5472,0.030786,0.12402,0.930932
21.5492,0.047338,0.12402,0.935014
21.5512,0.054,0.12402,0.939288
21.5532,0.040126,0.12402,0.943804
21.5556,0.029719,0.12402,0.948605
21.5572,0.037702,0.12402,0.954477
21.5592,0.038618,0.12402,0.958586
21.5612,0.043227,0.12402,0.963788
21.5632,0.001247,0.12402,0.969006
21.5652,0.074993,0.12402,0.974366
21.5672,0.074993,0.12402,0.979907
21.5692,0.01693,0.12402,0.985518
21.5712,0.001199,0.12402,0.991174
21.5732,0.024205,0.12402,0.996935
21.5752,0.00131,0.16272,1.00271
21.5772,0.24009,0.5,1.0093
21.5792,0.847598,0.5,1.01475
21.5812,1.06168,0.5,1.01965
21.5832,1.22546,0.5,1.02261
21.5852,1.33616,0.5,1.02423
21.5872,1.25336,0.5,1.025
21.5892,1.22314,0.5,1.02419
21.5912,1.24202,0.5,1.02207
21.5932,1.23287,0.5,1.01857
21.5952,1.27709,0.5,1.01383
21.5972,1.22389,0.46542,1.00776
21.5992,1.22802,0.0288,1.00048
21.6012,0.597695,0.0288,0.992114
21.6032,0.150978,0.0288,0.983051
21.6052,0.137465,0.0288,0.975195
21.6072,0.138329,0.0288,0.966872
21.6092,0.127268,0.0288,0.959238
21.6112,0.056804,0.0288,0.952075
21.6132,0.010374,0.0288,0.945651
21.6152,0.071537,0.0288,0.939178
21.6172,0.136016,0.0288,0.933272
21.6192,0.148509,0.0288,0.92864
21.6212,0.066517,0.0288,0.924201
21.6232,0.093399,0.0288,0.920317
21.6256,0.148799,0.0288,0.916896
21.6272,0.067587,0.0288,0.913983
21.6292,0.110394,0.0288,0.91219
21.6312,0.096582,0.0288,0.910637
21.6332,0.079519,0.0288,0.909518
21.6352,0.087669,0.0288,0.908852
21.6372,0.111367,0.0288,0.908798
21.6392,0.101759,0.0288,0.909162
21.6412,0.037927,0.0288,0.909922
21.6432,0.060973,0.0288,0.910959
21.6452,0.060904,0.0288,0.912417
21.6472,0.071284,0.0288,0.91409
21.6492,0.091669,0.0288,0.916136
21.6512,0.067745,0.0288,0.918405
21.6532,0.036729,0.0288,0.921075
21.6552,0.041532,0.0288,0.923866
21.6572,0.044857,0.0288,0.926872
21.6596,0.041821,0.0288,0.930167
21.6612,0.037149,0.0288,0.934415
21.6632,0.001245,0.0288,0.937331
21.6652,0.021046,0.0288,0.941173
21.6672,0.051749,0.0288,0.945306
21.6692,0.037242,0.0288,0.949521
21.6712,0.04443,0.0288,0.953891
21.6732,0.017419,0.0288,0.958347
21.6752,0.036622,0.0288,0.963084
21.6772,0.036622,0.0288,0.96783
21.6792,0.010458,0.0288,0.972578
21.6812,0.031353,0.0288,0.977662
21.6832,0.028687,0.0288,0.982666
21.6852,0.023602,0.0288,0.987769
21.6872,0.006615,0.0288,0.993041
21.6892,0.036849,0.0288,0.998257
21.6912,0.036849,0.22002,1.00367
21.6932,0.306938,0.5,1.01014
21.6962,0.998737,0.5,1.01539
21.6982,1.13262,0.5,1.02089
21.7002,1.28199,0.5,1.02245
21.7021,1.27639,0.5,1.02307
21.7042,1.28006,0.5,1.0229
21.7062,1.18979,0.5,1.02086
21.7082,1.23994,0.5,1.0175
21.7101,1.27576,0.5,1.01294
21.7122,1.23057,0.49662,1.00828
21.7142,1.29694,0.00918,1.00015
21.7162,0.660002,0.00918,0.992079
21.718,0.175568,0.00918,0.983135
21.7202,0.144631,0.00918,0.97656
21.7222,0.152373,0.00918,0.967803
21.7242,0.119404,0.00918,0.960384
21.726,0.057131,0.00918,0.953537
21.7282,0.026056,0.00918,0.94779
21.7306,0.144636,0.00918,0.940824
21.7322,0.145498,0.00918,0.93473
21.7341,0.095474,0.00918,0.930732
21.7362,0.086958,0.00918,0.926973
21.7382,0.118375,0.00918,0.922833
21.7402,0.088953,0.00918,0.919563
21.7421,0.066507,0.00918,0.917128
21.7442,0.123723,0.00918,0.915368
21.7462,0.079831,0.00918,0.913696
21.7482,0.100133,0.00918,0.91279
21.7501,0.117412,0.00918,0.912254
21.7522,0.084774,0.00918,0.912222
21.7542,0.044095,0.00918,0.912735
21.7562,0.05786,0.00918,0.913558
21.7581,0.055682,0.00918,0.914775
21.7602,0.09182,0.00918,0.916038
21.7622,0.080962,0.00918,0.918037
21.7646,0.045999,0.00918,0.920123
21.7661,0.026395,0.00918,0.922691
21.7682,0.029459,0.00918,0.924642
21.7702,0.051937,0.00918,0.927777
21.7722,0.028521,0.00918,0.93083
21.7741,0.033107,0.00918,0.933867
21.7762,0.038538,0.00918,0.93692
21.7782,0.032988,0.00918,0.940749
21.7802,1.4e-05,0.00918,0.944448
21.7821,0.043282,0.00918,0.948203
21.7842,0.052703,0.00918,0.951673
21.7862,0.031285,0.00918,0.956235
21.7882,0.007162,0.00918,0.960516
21.7901,0.032669,0.00918,0.964896
21.7922,0.015984,0.00918,0.968709
21.7942,0.025586,0.00918,0.973886
21.7962,0.029528,0.00918,0.978493
21.7981,0.029528,0.00918,0.983161
21.8006,0.046027,0.00918,0.987372
21.8022,0.0285,0.00918,0.993737
21.8042,0.030883,0.00918,0.997764
21.8061,0.030883,0.16482,1.00275
21.8082,0.282067,0.4692,1.00782
21.8102,0.755819,0.5,1.01327
21.8122,1.04289,0.5,1.01731
21.8141,1.15592,0.5,1.01955
21.8162,1.36469,0.5,1.02025
21.8182,1.26015,0.5,1.02037
21.8202,1.21423,0.5,1.01893
21.8221,1.25535,0.5,1.01609
21.8242,1.24844,0.5,1.01263
21.8262,1.23192,0.39216,1.00654
21.8282,1.1643,0.39216,0.999956
21.8301,0.553772,0.39216,0.992361
21.8322,0.166042,0.39216,0.985997
21.8347,0.141805,0.39216,0.976838
21.8362,0.107469,0.39216,0.968688
21.8381,0.138385,0.39216,0.963017
21.8402,0.037527,0.39216,0.957909
21.8422,0.082216,0.39216,0.95163
21.8442,0.122921,0.39216,0.946315
21.8461,0.124935,0.39216,0.941841
21.8482,0.113776,0.39216,0.938374
21.8502,0.107456,0.39216,0.934787
21.8522,0.095049,0.39216,0.932005
21.8541,0.096882,0.39216,0.929678
21.8562,0.106019,0.39216,0.928157
21.8582,0.111355,0.39216,0.926876
21.8602,0.087065,0.39216,0.926175
21.8621,0.074707,0.39216,0.926035
21.8637,0.096573,0.39216,0.926276
21.8652,0.06179,0.39216,0.926713
21.8677,0.061908,0.39216,0.927456
21.8692,0.063631,0.39216,0.928669
21.8712,0.04873,0.39216,0.930024
21.8732,0.042244,0.39216,0.93166
21.8752,0.040448,0.39216,0.933445
21.8772,0.04033,0.39216,0.935655
21.8792,0.019965,0.39216,0.938005
21.8812,0.058489,0.39216,0.940537
21.8832,0.037869,0.39216,0.94325
21.8852,0.03583,0.39216,0.946221
21.8872,0.052557,0.39216,0.949353
21.8892,0.073074,0.39216,0.952619
21.8912,0.031618,0.39216,0.956169
21.8932,0.029279,0.39216,0.959725
21.8952,0.042832,0.39216,0.963611
21.8972,0.042832,0.39216,0.967424
21.8992,0.008629,0.39216,0.971455
21.9012,0.027238,0.39216,0.975626
21.9032,0.036341,0.39216,0.979782
21.9052,0.036341,0.39216,0.984175
21.9072,0.042031,0.39216,0.988493
21.9092,0.012935,0.39216,0.992947
21.9112,0.013654,0.39216,0.997649
21.9132,0.013654,0.13758,1.00229
21.9152,0.177758,0.45996,1.00767
21.9172,0.692352,0.5,1.01235
21.9192,1.03168,0.5,1.01626
21.9212,1.13923,0.5,1.01833
21.9233,1.27083,0.5,1.01896
21.9253,1.38435,0.5,1.01822
21.9272,1.23436,0.5,1.01719
21.9292,1.23269,0.5,1.01429
21.9313,1.28454,0.5,1.01005
21.9333,1.22127,0.29034,1.00484
21.9353,1.01407,0.29034,0.99803
21.9377,0.460628,0.29034,0.990267
21.9393,0.126034,0.29034,0.981741
21.9412,0.123176,0.29034,0.975407
21.9432,0.122997,0.29034,0.96828
21.9452,0.141426,0.29034,0.962046
21.9473,0.059302,0.29034,0.95659
21.9492,0.046029,0.29034,0.951092
21.9512,0.034529,0.29034,0.945833
21.9532,0.129271,0.29034,0.941041
21.9553,0.113949,0.29034,0.937071
21.9572,0.078325,0.29034,0.933652
21.9593,0.082176,0.29034,0.930764
21.9613,0.098405,0.29034,0.928335
21.9633,0.103802,0.29034,0.926461
21.9653,0.075247,0.29034,0.925147
21.9673,0.097726,0.29034,0.924217
21.9693,0.081292,0.29034,0.923777
21.9717,0.073337,0.29034,0.923816
21.9733,0.090358,0.29034,0.924318
21.9753,0.064519,0.29034,0.925001
21.9773,0.052576,0.29034,0.925951
21.9793,0.05367,0.29034,0.927316
21.9813,0.053475,0.29034,0.928892
21.9833,0.043144,0.29034,0.930644
21.9853,0.035026,0.29034,0.932717
21.9873,0.031642,0.29034,0.934922
21.9893,0.016086,0.29034,0.93732
21.9913,0.048995,0.29034,0.939928
21.9933,0.051395,0.29034,0.942617
21.9953,0.003627,0.29034,0.945595
21.9973,0.036589,0.29034,0.948721
21.9993,0.025129,0.29034,0.952051
22.0013,0.015794,0.29034,0.955432
22.0033,0.015794,0.29034,0.959082
22.0053,0.047961,0.29034,0.96286
22.0073,0.020226,0.29034,0.966743
22.0093,0.024828,0.29034,0.97071
22.0113,0.024828,0.29034,0.974703
22.0133,0.003156,0.29034,0.97895
22.0153,0.016218,0.29034,0.983124
22.0173,0.021459,0.29034,0.987512
22.0193,0.0012,0.29034,0.991789
22.0213,0.014284,0.29034,0.996403
22.0233,0.018128,0.05172,1.00086
22.0253,0.065879,0.36024,1.006
22.0273,0.511864,0.5,1.01069
22.0293,0.931303,0.5,1.01476
22.0313,1.11983,0.5,1.01757
22.0333,1.25911,0.5,1.01862
22.0353,1.28743,0.5,1.01846
22.0373,1.22196,0.5,1.01748
22.0393,1.25116,0.5,1.01501
22.0413,1.24688,0.5,1.01111
22.0437,1.24991,0.35898,1.00598
22.0457,1.09678,0.35898,0.998144
22.0477,0.450041,0.35898,0.990998
22.0493,0.189308,0.35898,0.983321
22.0513,0.124536,0.35898,0.976756
22.0533,0.098747,0.35898,0.969382
22.0553,0.13101,0.35898,0.962789
22.0573,0.029232,0.35898,0.956887
22.0593,0.034363,0.35898,0.95109
22.0613,0.129375,0.35898,0.94555
22.0633,0.113152,0.35898,0.940801
22.0653,0.09524,0.35898,0.936688
22.0673,0.084329,0.35898,0.932937
22.0693,0.090405,0.35898,0.929528
22.0713,0.113559,0.35898,0.927041
22.0733,0.105687,0.35898,0.924737
22.0753,0.082649,0.35898,0.92287
22.0777,0.080224,0.35898,0.921721
22.0793,0.095873,0.35898,0.920796
22.0813,0.087032,0.35898,0.920662
22.0833,0.08911,0.35898,0.920714
22.0853,0.048966,0.35898,0.921267
22.0873,0.095672,0.35898,0.92216
22.0893,0.053816,0.35898,0.9234
22.0913,0.062552,0.35898,0.924676
22.0933,0.033502,0.35898,0.926275
22.0953,0.054362,0.35898,0.928205
22.0973,0.037158,0.35898,0.930274
22.0993,0.02651,0.35898,0.932502
22.1013,0.047626,0.35898,0.935047
22.1033,0.025764,0.35898,0.937706
22.1053,0.036104,0.35898,0.940424
22.1073,0.013391,0.35898,0.943371
22.1093,0.035004,0.35898,0.946519
22.1113,0.006559,0.35898,0.949805
22.1133,0.057877,0.35898,0.953309
22.1153,0.023064,0.35898,0.956826
22.1173,0.02353,0.35898,0.960642
22.1193,0.033333,0.35898,0.964449
22.1213,0.016157,0.35898,0.968405
22.1233,0.03149,0.35898,0.972412
22.1253,0.014087,0.35898,0.97662
22.1273,0.073436,0.35898,0.980849
22.1293,0.015819,0.35898,0.985043
22.1313,0.01251,0.35898,0.989426
22.1333,0.016216,0.35898,0.99383
22.1353,0.0332,0.35898,0.998296
22.1373,0.0332,0.16728,1.00279
22.1393,0.217761,0.49626,1.00827
22.1413,0.793344,0.5,1.01275
22.1433,1.04695,0.5,1.01632
22.1453,1.1623,0.5,1.01808
22.1477,1.35111,0.5,1.0184
22.1497,1.20685,0.5,1.01755
22.1517,1.24191,0.5,1.01579
22.1537,1.3047,0.5,1.01229
22.1557,1.21062,0.46374,1.00773
22.1577,1.24785,0.0771,1.00129
22.1603,0.549728,0.0771,0.993997
22.1623,0.167648,0.0771,0.983436
22.1643,0.14401,0.0771,0.976347
22.1661,0.111478,0.0771,0.968974
22.1683,0.128857,0.0771,0.963036
22.1703,0.056197,0.0771,0.956217
22.1723,0.084381,0.0771,0.950496
22.1741,0.082977,0.0771,0.94484
22.1763,0.120631,0.0771,0.94032
22.1783,0.124536,0.0771,0.93522
22.1803,0.063469,0.0771,0.931489
22.1827,0.096755,0.0771,0.928059
22.1843,0.077588,0.0771,0.924602
22.1863,0.082797,0.0771,0.922603
22.1883,0.11824,0.0771,0.92058
22.1901,0.093036,0.0771,0.919092
22.1923,0.105231,0.0771,0.918165
22.1943,0.113144,0.0771,0.917383
22.1963,0.04277,0.0771,0.917151
22.1981,0.049839,0.0771,0.917382
22.1993,0.106492,0.0771,0.917737
22.2013,0.032623,0.0771,0.918246
22.2033,0.058571,0.0771,0.919186
22.2053,0.07045,0.0771,0.920338
22.2073,0.027914,0.0771,0.921815
22.2093,0.030288,0.0771,0.923546
22.2113,0.035739,0.0771,0.925396
22.2133,0.042179,0.0771,0.927436
22.2157,0.038037,0.0771,0.929661
22.2173,0.035998,0.0771,0.932533
22.2193,0.029851,0.0771,0.934601
22.2213,0.023025,0.0771,0.937354
22.2233,0.044673,0.0771,0.940192
22.2253,0.013865,0.0771,0.943168
22.2273,0.03622,0.0771,0.946285
22.2293,0.008488,0.0771,0.949553
22.2313,0.06528,0.0771,0.952987
22.2333,0.006096,0.0771,0.956396
22.2353,0.030642,0.0771,0.960134
22.2373,0.034311,0.0771,0.96388
22.2393,0.034311,0.0771,0.967739
22.2413,0.005289,0.0771,0.971704
22.2433,0.021777,0.0771,0.975609
22.2453,0.021777,0.0771,0.979726
22.2473,0.007406,0.0771,0.983702
22.2493,0.021509,0.0771,0.987984
22.2513,0.021509,0.0771,0.992187
22.2533,0.019761,0.0771,0.996392
22.2553,0.026501,0.04248,1.00071
22.2573,0.03731,0.35592,1.00593
22.2593,0.476977,0.5,1.00999
22.2613,0.931391,0.5,1.01395
22.2633,1.1221,0.5,1.01643
22.2653,1.18775,0.5,1.01708
22.2673,1.31731,0.5,1.01654
22.2693,1.24047,0.5,1.01539
22.2713,1.22452,0.5,1.01274
22.2733,1.25021,0.49788,1.0083
22.2753,1.26365,0.15102,1.00252
22.2773,0.807754,0.15102,0.996117
22.2793,0.306613,0.15102,0.988493
22.2813,0.109352,0.15102,0.981458
22.2833,0.102848,0.15102,0.973796
22.2853,0.107485,0.15102,0.966875
22.2873,0.098427,0.15102,0.96052
22.2893,0.078214,0.15102,0.954513
22.2913,0.043697,0.15102,0.948738
22.2933,0.110656,0.15102,0.943316
22.2953,0.07428,0.15102,0.938631
22.2973,0.075291,0.15102,0.934225
22.2993,0.091537,0.15102,0.930292
22.3013,0.068555,0.15102,0.926703
22.3033,0.080581,0.15102,0.923582
22.3053,0.109025,0.15102,0.921044
22.3073,0.049625,0.15102,0.918863
22.3093,0.101446,0.15102,0.917133
22.3113,0.063195,0.15102,0.91569
22.3133,0.029773,0.15102,0.914905
22.3153,0.049863,0.15102,0.914452
22.3173,0.090002,0.15102,0.914247
22.3197,0.052973,0.15102,0.914466
22.3213,0.040572,0.15102,0.915268
22.3233,0.047952,0.15102,0.915998
22.3253,0.05889,0.15102,0.917155
22.3273,0.026946,0.15102,0.918454
22.3293,0.0503,0.15102,0.920055
22.3313,0.029158,0.15102,0.921814
22.3333,0.027618,0.15102,0.923818
22.3353,0.044931,0.15102,0.925952
22.3373,0.039769,0.15102,0.928235
22.3393,0.035396,0.15102,0.930672
22.3413,0.04682,0.15102,0.93334
22.3433,0.00523,0.15102,0.936016
22.3453,0.018863,0.15102,0.938949
22.3473,0.012396,0.15102,0.941924
22.3493,0.043682,0.15102,0.944999
22.3513,0.010284,0.15102,0.948253
22.3533,0.054485,0.15102,0.95173
22.3557,0.016468,0.15102,0.955213
22.3573,0.028657,0.15102,0.959598
22.3593,0.012292,0.15102,0.962578
22.3613,0.010928,0.15102,0.96635
22.3633,0.023269,0.15102,0.970278
22.3653,0.016851,0.15102,0.974114
22.3673,0.016851,0.15102,0.978166
22.3693,0.021437,0.15102,0.982115
22.3713,0.021437,0.15102,0.986075
22.3733,0.003242,0.15102,0.990178
22.3753,0.009158,0.15102,0.994285
22.3773,0.010686,0.15102,0.998413
22.3793,0.010686,0.15624,1.0026
22.3813,0.18619,0.44664,1.00744
22.3833,0.718224,0.5,1.01136
22.3853,1.02878,0.5,1.01467
22.3873,1.20507,0.5,1.01599
22.3897,1.32653,0.5,1.01614
22.3917,1.29442,0.5,1.01501
22.3937,1.21748,0.5,1.01246
22.3957,1.22289,0.5,1.00834
22.3973,1.26704,0.19032,1.00317
22.3993,0.856562,0.19032,0.997873
22.4013,0.338807,0.19032,0.990397
22.4033,0.103233,0.19032,0.983561
22.4053,0.095568,0.19032,0.975882
22.4073,0.066028,0.19032,0.96881
22.4093,0.09634,0.19032,0.962225
22.4113,0.065729,0.19032,0.956065
22.4133,0.092121,0.19032,0.950454
22.4153,0.001253,0.19032,0.944966
22.4173,0.064809,0.19032,0.939768
22.4193,0.084494,0.19032,0.934822
22.4213,0.066951,0.19032,0.930503
22.4233,0.067609,0.19032,0.926643
22.4257,0.062298,0.19032,0.922911
22.4273,0.072564,0.19032,0.919294
22.4293,0.105487,0.19032,0.917088
22.4313,0.108962,0.19032,0.914708
22.4333,0.12558,0.19032,0.912814
22.4353,0.087457,0.19032,0.911392
22.4373,0.064241,0.19032,0.910163
22.4393,0.049832,0.19032,0.909577
22.4413,0.063854,0.19032,0.909265
22.4433,0.126335,0.19032,0.909324
22.4453,0.081176,0.19032,0.909929
22.4473,0.081337,0.19032,0.910596
22.4493,0.05277,0.19032,0.911656
22.4513,0.083844,0.19032,0.913066
22.4533,0.074165,0.19032,0.914694
22.4553,0.049729,0.19032,0.916652
22.4573,0.030194,0.19032,0.918807
22.4593,0.029307,0.19032,0.921168
22.4613,0.040697,0.19032,0.923796
22.4633,0.030659,0.19032,0.926647
22.4653,0.038889,0.19032,0.929792
22.4673,0.02647,0.19032,0.932828
22.4693,0.022512,0.19032,0.936014
22.4713,0.051003,0.19032,0.939522
22.4733,0.007772,0.19032,0.943103
22.4753,0.0503,0.19032,0.946791
22.4773,0.033963,0.19032,0.950556
22.4793,0.026873,0.19032,0.954476
22.4813,0.013298,0.19032,0.958484
22.4833,0.024762,0.19032,0.962582
22.4853,0.024762,0.19032,0.966727
22.4873,0.000931,0.19032,0.970946
22.4893,0.030905,0.19032,0.975135
22.4913,0.030905,0.19032,0.979401
22.4937,0.044519,0.19032,0.983624
22.4963,0.044122,0.19032,0.988577
22.4983,0.012794,0.19032,0.994261
22.5003,0.012274,0.19032,0.998593
22.5022,0.012274,0.1986,1.00331
22.5043,0.272839,0.4542,1.00757
22.5063,0.730093,0.5,1.01209
22.5083,1.04438,0.5,1.01525
22.5102,1.22136,0.5,1.01636
22.5123,1.30416,0.5,1.01657
22.5143,1.21635,0.5,1.01585
22.5163,1.2094,0.5,1.01343
22.5182,1.23463,0.5,1.00951
22.5203,1.25558,0.28398,1.00473
22.5223,0.957236,0.28398,0.997893
22.5243,0.423686,0.28398,0.990314
22.5262,0.107869,0.28398,0.982687
22.5283,0.083698,0.28398,0.975534
22.5308,0.103832,0.28398,0.967031
22.5323,0.057776,0.28398,0.959152
22.5342,0.08601,0.28398,0.953434
22.5363,0.063171,0.28398,0.948113
22.5383,0.058744,0.28398,0.941296
22.5403,0.055204,0.28398,0.935812
22.5422,0.062202,0.28398,0.930452
22.5443,0.077101,0.28398,0.925994
22.5463,0.052798,0.28398,0.92093
22.5483,0.108063,0.28398,0.916923
22.5502,0.062269,0.28398,0.913077
22.5523,0.077675,0.28398,0.910202
22.5543,0.077107,0.28398,0.906848
22.5563,0.085457,0.28398,0.904491
22.5582,0.06949,0.28398,0.902347
22.5603,0.071943,0.28398,0.900814
22.5623,0.069946,0.28398,0.899404
22.5648,0.065772,0.28398,0.89858
22.5662,0.074215,0.28398,0.898035
22.5683,0.06904,0.28398,0.897889
22.5703,0.058838,0.28398,0.898133
22.5723,0.038324,0.28398,0.89853
22.5742,0.060638,0.28398,0.899312
22.5763,0.072048,0.28398,0.900233
22.5783,0.04479,0.28398,0.901669
22.5803,0.054816,0.28398,0.903199
22.5822,0.03941,0.28398,0.905047
22.5843,0.030631,0.28398,0.906853
22.5863,0.044829,0.28398,0.909223
22.5884,0.085271,0.28398,0.91164
22.5902,0.037527,0.28398,0.914344
22.5923,0.027203,0.28398,0.916851
22.5943,0.005961,0.28398,0.920132
22.5964,0.030754,0.28398,0.923418
22.5983,0.043892,0.28398,0.926693
22.6004,0.027749,0.28398,0.930236
22.6023,0.016987,0.28398,0.933824
22.6044,0.01835,0.28398,0.937509
22.6062,0.01835,0.28398,0.941326
22.6084,0.015415,0.28398,0.944756
22.6103,0.019903,0.28398,0.949157
22.6124,0.038132,0.28398,0.95319
22.6142,0.038132,0.28398,0.957306
22.6164,0.01282,0.28398,0.960918
22.6184,0.021688,0.28398,0.965749
22.6204,0.010347,0.28398,0.969953
22.6222,0.007316,0.28398,0.974148
22.6244,0.044195,0.28398,0.978002
22.6264,0.044195,0.28398,0.982746
22.6284,0.006162,0.28398,0.987064
22.6302,0.006162,0.28398,0.991484
22.6318,0.010033,0.28398,0.995312
22.6333,0.023083,0.28398,0.998609
22.6354,0.023083,0.14454,1.00241
22.6374,0.20157,0.43152,1.00719
22.6394,0.691132,0.5,1.01151
22.6414,0.999664,0.5,1.01496
22.6434,1.18298,0.5,1.01663
22.6454,1.27446,0.5,1.01692
22.6474,1.22751,0.5,1.01629
22.6494,1.21136,0.5,1.01424
22.6514,1.2247,0.5,1.01065
22.6534,1.22029,0.33792,1.00563
22.6554,1.05669,0.33792,0.999376
22.6574,0.471866,0.33792,0.991951
22.6594,0.082467,0.33792,0.98434
22.6614,0.08642,0.33792,0.976283
22.6634,0.057513,0.33792,0.968675
22.6654,0.111113,0.33792,0.961598
22.6674,0.125454,0.33792,0.955165
22.6694,0.061217,0.33792,0.949099
22.6714,0.077206,0.33792,0.943379
22.6734,0.077554,0.33792,0.937966
22.6754,0.051133,0.33792,0.932893
22.6774,0.087244,0.33792,0.928271
22.6794,0.067146,0.33792,0.924053
22.6814,0.102302,0.33792,0.92043
22.6834,0.090429,0.33792,0.917267
22.6854,0.077042,0.33792,0.914597
22.6874,0.133839,0.33792,0.912506
22.6894,0.06452,0.33792,0.910972
22.6914,0.089672,0.33792,0.909717
22.6934,0.104619,0.33792,0.908894
22.6954,0.074306,0.33792,0.908743
22.6974,0.060469,0.33792,0.909164
22.6994,0.086114,0.33792,0.909846
22.7018,0.061302,0.33792,0.910904
22.7044,0.035965,0.33792,0.912533
22.7064,0.055741,0.33792,0.914863
22.7084,0.079575,0.33792,0.91706
22.7102,0.063627,0.33792,0.919276
22.7118,0.049658,0.33792,0.921795
22.7134,0.023725,0.33792,0.923923
22.7154,0.046195,0.33792,0.926285
22.7174,0.045594,0.33792,0.929412
22.7194,0.022899,0.33792,0.932653
22.7214,0.037751,0.33792,0.936053
22.7234,0.055776,0.33792,0.939589
22.7254,0.055776,0.33792,0.943334
22.7274,0.055776,0.33792,0.947084
22.7294,0.075718,0.33792,0.95098
22.7314,0.046007,0.33792,0.955029
22.7334,0.021644,0.33792,0.959102
22.7354,0.021442,0.33792,0.963212
22.7378,0.006121,0.33792,0.967571
22.7394,0.006121,0.33792,0.972583
22.7414,0.043169,0.33792,0.976109
22.7434,0.005002,0.33792,0.980389
22.7454,0.005002,0.33792,0.984825
22.7474,0.005002,0.33792,0.989229
22.7494,0.001666,0.33792,0.993586
22.7514,0.024299,0.33792,0.998067
22.7534,0.024299,0.15282,1.00255
22.7554,0.206693,0.44028,1.00734
22.7574,0.705617,0.5,1.01178
22.7594,0.991553,0.5,1.01535
22.7614,1.17585,0.5,1.01699
22.7634,1.3258,0.5,1.01721
22.7654,1.22424,0.5,1.01699
22.7674,1.23644,0.5,1.01498
22.7694,1.24577,0.5,1.01155
22.7718,1.21138,0.40944,1.00682
22.7738,1.1583,0.40944,0.999439
22.7758,0.506105,0.40944,0.991898
22.7774,0.182012,0.40944,0.984043
22.7794,0.106469,0.40944,0.977295
22.7814,0.076259,0.40944,0.969506
22.7834,0.124163,0.40944,0.962423
22.7854,0.094227,0.40944,0.955977
22.7874,0.043776,0.40944,0.949605
22.7894,0.08094,0.40944,0.943658
22.7914,0.064985,0.40944,0.938167
22.7934,0.061865,0.40944,0.932985
22.7954,0.083571,0.40944,0.928221
22.7974,0.101905,0.40944,0.923818
22.7994,0.047532,0.40944,0.919854
22.8014,0.106678,0.40944,0.916379
22.8034,0.100978,0.40944,0.913419
22.8058,0.060847,0.40944,0.910952
22.8074,0.108765,0.40944,0.908572
22.8094,0.066556,0.40944,0.907273
22.8114,0.083778,0.40944,0.906046
22.8134,0.102281,0.40944,0.905497
22.8154,0.065932,0.40944,0.905126
22.8174,0.086323,0.40944,0.905349
22.8194,0.075014,0.40944,0.905777
22.8214,0.069955,0.40944,0.90657
22.8234,0.070841,0.40944,0.907658
22.8254,0.006442,0.40944,0.909002
22.8274,0.061141,0.40944,0.910701
22.8294,0.011584,0.40944,0.912475
22.8314,0.051123,0.40944,0.914564
22.8334,0.084243,0.40944,0.916895
22.8354,0.035698,0.40944,0.919368
22.8374,0.014082,0.40944,0.922192
22.8394,0.024816,0.40944,0.925038
22.8418,0.046296,0.40944,0.928178
22.8434,0.011926,0.40944,0.932015
22.8454,0.014318,0.40944,0.934736
22.8474,0.026927,0.40944,0.938244
22.8494,0.04165,0.40944,0.941895
22.8514,0.01925,0.40944,0.945666
22.8534,0.001896,0.40944,0.949341
22.8554,0.050202,0.40944,0.95334
22.8574,0.037711,0.40944,0.957426
22.8594,0.021023,0.40944,0.961592
22.8614,0.012234,0.40944,0.96572
22.8634,0.004156,0.40944,0.969996
22.8654,0.028884,0.40944,0.974215
22.8674,0.012083,0.40944,0.978394
22.8694,0.002771,0.40944,0.982691
22.8714,0.052078,0.40944,0.987077
22.8734,0.052078,0.40944,0.99136
22.8758,0.012093,0.40944,0.995761
22.8774,0.018984,0.06114,1.00102
22.8794,0.060931,0.31752,1.00529
22.8814,0.497838,0.5,1.00941
22.8834,0.908399,0.5,1.01376
22.8854,1.11739,0.5,1.01613
22.8874,1.29762,0.5,1.01678
22.8894,1.24467,0.5,1.01664
22.8914,1.22368,0.5,1.01517
22.8934,1.28002,0.5,1.01221
22.8954,1.21901,0.47952,1.00799
22.8974,1.26066,0.1287,1.00215
22.8994,0.711871,0.1287,0.995257
22.9014,0.281309,0.1287,0.98733
22.9034,0.101929,0.1287,0.980174
22.9054,0.082941,0.1287,0.972176
22.9074,0.123493,0.1287,0.964936
22.9094,0.069431,0.1287,0.958173
22.9114,0.115446,0.1287,0.951839
22.9134,0.035967,0.1287,0.94591
22.9154,0.062962,0.1287,0.940141
22.9174,0.068133,0.1287,0.93457
22.9194,0.105175,0.1287,0.929431
22.9214,0.073595,0.1287,0.925006
22.9234,0.078919,0.1287,0.920822
22.9254,0.092644,0.1287,0.917149
22.9274,0.104404,0.1287,0.913747
22.9294,0.104853,0.1287,0.910981
22.9314,0.072259,0.1287,0.908607
22.9334,0.073955,0.1287,0.906754
22.9354,0.075797,0.1287,0.905334
22.9374,0.084139,0.1287,0.904405
22.9394,0.092997,0.1287,0.904019
22.9414,0.091314,0.1287,0.90396
22.9434,0.079291,0.1287,0.904359
22.9458,0.045526,0.1287,0.90506
22.9474,0.064537,0.1287,0.906387
22.9494,0.078181,0.1287,0.9076
22.9514,0.053048,0.1287,0.909223
22.9534,0.068324,0.1287,0.911374
22.9554,0.039052,0.1287,0.913586
22.9574,0.068101,0.1287,0.916178
22.9594,0.089864,0.1287,0.918995
22.9614,0.056646,0.1287,0.922107
22.9634,0.048734,0.1287,0.925532
22.9654,0.056283,0.1287,0.929206
22.9674,0.021372,0.1287,0.932892
22.9694,0.020113,0.1287,0.93685
22.9714,0.044547,0.1287,0.940986
22.9734,0.035711,0.1287,0.945422
22.9754,0.035711,0.1287,0.94996
22.9774,0.007125,0.1287,0.954549
22.9794,0.019075,0.1287,0.959311
22.9814,0.04184,0.1287,0.964208
22.9834,0.013199,0.1287,0.969237
22.9854,0.039946,0.1287,0.974259
22.9874,0.039946,0.1287,0.979506
22.9894,0.007719,0.1287,0.984558
22.9914,0.013875,0.1287,0.989911
22.9934,0.002413,0.1287,0.995229
22.9954,0.0095,0.04338,1.00072
22.9974,0.045542,0.40356,1.00673
22.9994,0.587962,0.5,1.01179
23.0014,0.974417,0.5,1.01717
23.0034,1.15871,0.5,1.02038
23.0054,1.27921,0.5,1.02192
23.0074,1.30548,0.5,1.02278
23.0094,1.22194,0.5,1.02251
23.0114,1.23235,0.5,1.02042
23.0134,1.22382,0.5,1.01702
23.0154,1.2573,0.5,1.01243
23.0174,1.21786,0.40974,1.00683
23.0194,1.16932,0.40974,0.999622
23.0214,0.527639,0.40974,0.991355
23.0234,0.138857,0.40974,0.983166
23.0254,0.117098,0.40974,0.974294
23.0274,0.12894,0.40974,0.966153
23.0294,0.111725,0.40974,0.958766
23.0314,0.106801,0.40974,0.951813
23.0334,0.028955,0.40974,0.945067
23.0354,0.09081,0.40974,0.938505
23.0374,0.068937,0.40974,0.932507
23.0394,0.097444,0.40974,0.927092
23.0414,0.085439,0.40974,0.922035
23.0434,0.117084,0.40974,0.917436
23.0454,0.062326,0.40974,0.913351
23.0474,0.071159,0.40974,0.909685
23.0498,0.092179,0.40974,0.90656
23.0514,0.090162,0.40974,0.903211
23.0534,0.093118,0.40974,0.901585
23.0554,0.090723,0.40974,0.899692
23.0574,0.073145,0.40974,0.898213
23.0594,0.08305,0.40974,0.897287
23.0614,0.075666,0.40974,0.896762
23.0634,0.071289,0.40974,0.896524
23.0654,0.069583,0.40974,0.89681
23.0674,0.065218,0.40974,0.897225
23.0694,0.07004,0.40974,0.898148
23.0714,0.047344,0.40974,0.899223
23.0734,0.04502,0.40974,0.900675
23.0754,0.053024,0.40974,0.902278
23.0774,0.060397,0.40974,0.904337
23.0794,0.036406,0.40974,0.906523
23.0814,0.060168,0.40974,0.908972
23.0834,0.051752,0.40974,0.911737
23.0854,0.028641,0.40974,0.91478
23.0874,0.054098,0.40974,0.91804
23.0894,0.025305,0.40974,0.921356
23.0914,0.035992,0.40974,0.92504
23.0934,0.041369,0.40974,0.928774
23.0954,0.041369,0.40974,0.932721
23.0974,0.029687,0.40974,0.936807
23.0994,0.010627,0.40974,0.940865
23.1014,0.05237,0.40974,0.945073
23.1034,0.05237,0.40974,0.949365
23.1054,0.009092,0.40974,0.953819
23.1074,0.001482,0.40974,0.958391
23.1094,0.029511,0.40974,0.962907
23.1114,0.029511,0.40974,0.967463
23.1134,0.007084,0.40974,0.971961
23.1154,0.004201,0.40974,0.976515
23.1174,0.012325,0.40974,0.981203
23.1194,0.055309,0.40974,0.985735
23.1214,0.055309,0.40974,0.990426
23.1234,0.002128,0.40974,0.995188
23.1254,0.021944,0.40974,0.999653
23.1274,0.021944,0.26112,1.00435
23.1294,0.365108,0.5,1.0095
23.1314,0.87504,0.5,1.01364
23.1334,1.06774,0.5,1.01683
23.1354,1.28421,0.5,1.01813
23.1374,1.23816,0.5,1.0185
23.1394,1.23073,0.5,1.01755
23.1414,1.23872,0.5,1.01526
23.1434,1.2273,0.5,1.01133
23.1454,1.21618,0.3657,1.0061
23.1474,1.04898,0.3657,0.999189
23.1494,0.45343,0.3657,0.991177
23.1514,0.102551,0.3657,0.983834
23.1538,0.074819,0.3657,0.975285
23.1554,0.088923,0.3657,0.965217
23.1574,0.01573,0.3657,0.959624
23.1594,0.074771,0.3657,0.952563
23.1614,0.047466,0.3657,0.945672
23.1634,0.037418,0.3657,0.939182
23.1654,0.019247,0.3657,0.932982
23.1674,0.034098,0.3657,0.92689
23.1694,0.040119,0.3657,0.92124
23.1714,0.087927,0.3657,0.915976
23.1734,0.098765,0.3657,0.911002
23.1754,0.065723,0.3657,0.90646
23.1774,0.071026,0.3657,0.90228
23.1794,0.069569,0.3657,0.898646
23.1814,0.069283,0.3657,0.895258
23.1834,0.076476,0.3657,0.892342
23.1854,0.069407,0.3657,0.889827
23.1879,0.083995,0.3657,0.887818
23.1894,0.07897,0.3657,0.885895
23.1914,0.097883,0.3657,0.885075
23.1934,0.098181,0.3657,0.884255
23.1954,0.076833,0.3657,0.884019
23.1974,0.048155,0.3657,0.884153
23.1994,0.09638,0.3657,0.88468
23.2014,0.073387,0.3657,0.885461
23.2034,0.059638,0.3657,0.886617
23.2054,0.048698,0.3657,0.888143
23.2074,0.060785,0.3657,0.889707
23.2094,0.052309,0.3657,0.891638
23.2114,0.051597,0.3657,0.893824
23.2134,0.027556,0.3657,0.896176
23.2154,0.035901,0.3657,0.898813
23.2174,0.066238,0.3657,0.90145
23.2194,0.066238,0.3657,0.904492
23.2214,0.010001,0.3657,0.907576
23.2234,0.010001,0.3657,0.910801
23.2254,0.051587,0.3657,0.914155
23.2274,0.048127,0.3657,0.917658
23.2294,0.001095,0.3657,0.921258
23.2314,0.022675,0.3657,0.924954
23.2334,0.017523,0.3657,0.928619
23.2354,0.000347,0.3657,0.93249
23.2374,0.000347,0.3657,0.936416
23.2394,0.000347,0.3657,0.940235
23.2414,0.000347,0.3657,0.94406
23.2434,0.000347,0.3657,0.948033
23.2454,0.036312,0.3657,0.951942
23.2475,0.036312,0.3657,0.955928
23.2494,0.012049,0.3657,0.959927
23.2514,0.016725,0.3657,0.96395
23.2534,0.016725,0.3657,0.967834
23.2555,0.016725,0.3657,0.971827
23.2579,0.016725,0.3657,0.975651
23.2594,0.016725,0.3657,0.98058
23.2614,0.005287,0.3657,0.983515
23.2635,0.001062,0.3657,0.987462
23.2655,0.001062,0.3657,0.991241
23.2675,0.001062,0.3657,0.995221
23.2695,0.012752,0.3657,0.999147
23.2715,0.012752,0.17988,1.003
23.2735,0.22428,0.43416,1.00724
23.2755,0.707165,0.5,1.01105
23.2775,0.965008,0.5,1.01375
23.2794,1.23296,0.5,1.01447
23.2815,1.20055,0.5,1.01422
23.2835,1.24638,0.5,1.01257
23.2855,1.23693,0.5,1.00937
23.2875,1.16831,0.29046,1.00484
23.2895,0.965371,0.29046,0.999148
23.2915,0.387285,0.29046,0.99213
23.2939,0.084278,0.29046,0.98529
23.2965,0.062801,0.29046,0.975583
23.2985,0.077095,0.29046,0.965868
23.3005,0.050808,0.29046,0.95901
23.3023,0.09465,0.29046,0.95248
23.3045,0.079463,0.29046,0.947206
23.3065,0.097928,0.29046,0.940726
23.3085,0.059969,0.29046,0.935379
23.3103,0.056861,0.29046,0.93048
23.3125,0.052835,0.29046,0.926206
23.3145,0.081993,0.29046,0.921392
23.3165,0.109506,0.29046,0.917466
23.3183,0.091751,0.29046,0.914115
23.3205,0.105586,0.29046,0.91155
23.3225,0.099092,0.29046,0.908815
23.3245,0.068868,0.29046,0.906961
23.3263,0.084792,0.29046,0.905595
23.3285,0.0831,0.29046,0.904729
23.3305,0.062964,0.29046,0.904183
23.3325,0.08574,0.29046,0.90407
23.3343,0.089229,0.29046,0.904295
23.3365,0.062726,0.29046,0.904835
23.3385,0.05294,0.29046,0.905925
23.3405,0.025954,0.29046,0.907139
23.3423,0.022171,0.29046,0.908585
23.3445,0.064921,0.29046,0.910195
23.3465,0.05173,0.29046,0.912355
23.3485,0.048003,0.29046,0.914553
23.3503,0.031398,0.29046,0.917028
23.3525,0.022118,0.29046,0.919317
23.3545,0.033473,0.29046,0.922471
23.3565,0.045017,0.29046,0.925381
23.3583,0.036084,0.29046,0.928618
23.3605,0.02265,0.29046,0.931651
23.3629,0.025892,0.29046,0.935424
23.3645,0.016791,0.29046,0.939597
23.3663,0.022042,0.29046,0.942949
23.3679,0.015856,0.29046,0.946231
23.3695,0.031499,0.29046,0.949541
23.3715,0.045598,0.29046,0.952663
23.3735,0.007278,0.29046,0.956961
23.3755,0.014172,0.29046,0.961105
23.3775,0.030327,0.29046,0.965394
23.3795,0.008375,0.29046,0.969666
23.3815,0.033447,0.29046,0.974125
23.3835,0.023539,0.29046,0.978471
23.3855,0.023539,0.29046,0.982922
23.3875,0.040133,0.29046,0.987334
23.3895,0.01456,0.29046,0.991812
23.3915,0.012577,0.29046,0.996198
23.3935,0.009894,0.04236,1.00071
23.3955,0.044396,0.33108,1.00552
23.3975,0.553652,0.5,1.00991
23.3995,0.863016,0.5,1.01398
23.4015,1.11278,0.5,1.01659
23.4035,1.31476,0.5,1.01724
23.4055,1.23235,0.5,1.01737
23.4075,1.21316,0.5,1.01591
23.4095,1.24052,0.5,1.01277
23.4115,1.24455,0.4986,1.00831
23.4135,1.26709,0.17652,1.00294
23.4155,0.785383,0.17652,0.99598
23.4175,0.336599,0.17652,0.987928
23.4195,0.128544,0.17652,0.979953
23.4215,0.057505,0.17652,0.971704
23.4235,0.083385,0.17652,0.963876
23.4255,0.046554,0.17652,0.956693
23.4275,0.107973,0.17652,0.949764
23.4295,0.047078,0.17652,0.943005
23.4315,0.054381,0.17652,0.936484
23.4335,0.028665,0.17652,0.930312
23.4355,0.054516,0.17652,0.924477
23.4375,0.092958,0.17652,0.918796
23.4395,0.09797,0.17652,0.913421
23.4415,0.03101,0.17652,0.908644
23.4435,0.069133,0.17652,0.903875
23.4455,0.059339,0.17652,0.89958
23.4475,0.04276,0.17652,0.895594
23.4495,0.078953,0.17652,0.891863
23.4515,0.050872,0.17652,0.888419
23.4535,0.040076,0.17652,0.885306
23.4555,0.018099,0.17652,0.882481
23.4575,0.030562,0.17652,0.879881
23.4595,0.084,0.17652,0.877598
23.4615,0.021894,0.17652,0.875611
23.4635,0.046618,0.17652,0.873909
23.4659,0.056205,0.17652,0.87243
23.4675,0.039086,0.17652,0.870907
23.4695,0.018737,0.17652,0.870223
23.4715,0.06375,0.17652,0.869333
23.4735,0.04534,0.17652,0.868808
23.4755,0.044931,0.17652,0.868308
23.4775,0.013326,0.17652,0.86799
23.4795,0.023054,0.17652,0.867947
23.4815,0.016989,0.17652,0.867864
23.4835,0.026438,0.17652,0.867974
23.4855,0.03188,0.17652,0.868263
23.4875,0.028238,0.17652,0.868421
23.4895,0.041519,0.17652,0.868808
23.4915,0.022645,0.17652,0.869123
23.4935,0.022645,0.17652,0.869567
23.4955,0.022645,0.17652,0.869963
23.4975,0.022645,0.17652,0.870413
23.4999,0.013916,0.17652,0.870885
23.5015,0.008826,0.17652,0.871446
23.5035,0.045934,0.17652,0.871793
23.5055,0.048294,0.17652,0.872518
23.5075,0.048294,0.17652,0.872958
23.5095,0.048294,0.17652,0.873536
23.5115,0.048294,0.17652,0.874122
23.5135,0.048294,0.17652,0.874551
23.5155,0.019506,0.17652,0.875042
23.5175,0.003813,0.17652,0.875517
23.5195,0.008164,0.17652,0.875972
23.5215,0.003624,0.17652,0.876483
23.5235,0.003624,0.17652,0.876862
23.5255,0.036572,0.17652,0.877259
23.5275,0.036572,0.17652,0.877738
23.5295,0.036572,0.17652,0.878184
23.5315,0.037699,0.17652,0.87863
23.5335,0.004185,0.17652,0.879032
23.5359,0.004185,0.17652,0.879417
23.5375,0.004185,0.17652,0.879908
23.5395,0.004185,0.17652,0.880116
23.5415,0.004185,0.17652,0.880451
23.5435,0.004185,0.17652,0.880667
23.5455,0.004185,0.17652,0.880893
23.5475,0.004087,0.17652,0.880881
23.5495,0.004087,0.17652,0.881035
23.5515,0.004087,0.17652,0.881086
23.5535,0.004087,0.17652,0.88104
23.5555,0.004087,0.17652,0.881064
23.5575,0.011265,0.17652,0.88105
23.5595,0.011265,0.17652,0.88098
23.5615,0.011265,0.17652,0.880837
23.5635,0.035299,0.17652,0.880937
23.5655,0.018837,0.17652,0.880793
23.5675,0.026194,0.17652,0.880777
23.5699,0.026194,0.17652,0.880704
23.5715,0.026194,0.17652,0.880704
23.5735,0.002205,0.17652,0.880733
23.5755,0.002205,0.17652,0.880772
23.5775,0.002235,0.17652,0.880706
23.5795,0.002235,0.17652,0.880767
23.5815,0.020733,0.17652,0.880745
23.5835,0.002202,0.17652,0.880858
23.5855,0.002202,0.17652,0.880717
23.5869,0.002202,0.17652,0.88079
23.5885,0.002202,0.17652,0.880811
23.5903,0.008756,0.17652,0.880753
23.5919,0.02533,0.17652,0.880801
23.5935,0.015358,0.17652,0.880723
23.5955,0.015358,0.17652,0.880773
23.5975,0.015358,0.17652,0.880734
23.5995,0.015358,0.17652,0.8807
23.6019,0.015358,0.17652,0.880643
23.6035,0.015358,0.17652,0.880636
23.6055,0.008687,0.17652,0.880653
23.6069,0.008687,0.17652,0.88063
23.6085,0.02813,0.17652,0.880589
23.6105,0.02813,0.17652,0.880618
23.6125,0.02813,0.17652,0.880546
23.6143,0.008684,0.17652,0.880429
23.6165,0.008684,0.17652,0.880383
23.6185,0.011473,0.17652,0.880453
23.6205,0.011473,0.17652,0.880263
23.6223,0.011473,0.17652,0.880271
23.6239,0.011473,0.17652,0.880227
23.6255,0.011473,0.17652,0.880202
23.6275,0.004007,0.17652,0.880083
23.6295,0.004007,0.17652,0.880083
23.6309,0.004007,0.17652,0.880027
23.6329,0.017762,0.17652,0.880015
23.6345,0.020663,0.17652,0.879934
23.6359,0.038676,0.17652,0.879981
23.6375,0.020689,0.17652,0.879902
23.6389,0.028354,0.17652,0.879869
23.6405,0.028354,0.17652,0.879836
23.6419,0.008541,0.17652,0.879986
23.6435,0.003954,0.17652,0.879876
23.6449,0.003954,0.17652,0.879883
23.6463,0.003969,0.17652,0.879809
23.6485,0.003969,0.17652,0.879843
23.6499,0.003987,0.17652,0.879814
23.6515,0.013103,0.17652,0.879818
23.6529,0.025299,0.17652,0.879743
23.6543,0.020756,0.17652,0.879766
23.6559,0.017735,0.17652,0.879721
23.6575,0.017735,0.17652,0.879702
23.6595,0.017735,0.17652,0.879726
23.6615,0.017735,0.17652,0.879634
23.6629,0.017735,0.17652,0.879723
23.6649,0.026974,0.17652,0.879684
23.6665,0.004086,0.17652,0.879648
23.6679,0.011672,0.17652,0.879655
23.6695,0.002569,0.17652,0.879648
23.6709,0.008586,0.17652,0.879568
23.6725,0.008586,0.17652,0.879539
23.6739,0.000966,0.17652,0.879604
23.6755,0.000966,0.17652,0.879613
23.6769,0.000966,0.17652,0.87963
23.6784,0.000966,0.17652,0.879629
23.6805,0.000966,0.17652,0.879513
23.6819,0.036172,0.17652,0.879582
23.6835,0.013242,0.17652,0.879631
23.6849,0.031633,0.17652,0.87961
23.6869,0.031633,0.17652,0.879638
23.6885,0.008659,0.17652,0.879532
23.6899,0.011722,0.17652,0.879658
23.6915,0.011722,0.17652,0.879564
23.6935,0.011722,0.17652,0.879542
23.6955,0.011722,0.17652,0.87958
23.6969,0.023782,0.17652,0.879607
23.6985,0.000906,0.17652,0.879573
23.7005,0.000906,0.17652,0.879485
23.7024,0.000906,0.17652,0.879589
23.7039,0.000906,0.17652,0.87961
23.7055,0.005562,0.17652,0.879517
23.7075,0.026771,0.17652,0.879586
23.7095,0.022266,0.17652,0.879658
23.7109,0.022266,0.17652,0.879648
23.7129,0.022266,0.17652,0.87963
23.7145,0.011481,0.17652,0.879614
23.7169,0.011481,0.17652,0.879647
23.7184,0.011481,0.17652,0.879658
23.7199,0.011481,0.17652,0.879667
23.7215,0.011481,0.17652,0.879609
23.7235,0.011481,0.17652,0.879621
23.7255,0.031282,0.17652,0.879652
23.7275,0.031282,0.17652,0.879556
23.7295,0.031282,0.17652,0.879695
23.7309,0.031282,0.17652,0.87967
23.7325,0.031282,0.17652,0.879741
23.7339,0.006794,0.17652,0.879715
23.7355,0.006794,0.17652,0.879698
23.7375,0.023523,0.17652,0.879691
23.7395,0.023523,0.17652,0.879719
23.7415,0.023523,0.17652,0.879733
23.7435,0.005363,0.17652,0.879652
23.7449,0.005363,0.17652,0.879708
23.7469,0.005363,0.17652,0.879707
23.7485,0.005363,0.17652,0.879812
23.7499,0.005363,0.17652,0.879724
23.7515,0.005363,0.17652,0.879786
23.7535,0.028077,0.17652,0.879681
23.7555,0.005269,0.17652,0.879749
23.7575,0.005269,0.17652,0.879757
23.7595,0.002191,0.17652,0.879691
23.7609,0.018926,0.17652,0.879748
23.7625,0.023485,0.17652,0.879785
23.7639,0.023485,0.17652,0.879751
23.7655,0.023485,0.17652,0.879864
23.7675,0.017468,0.17652,0.87987
23.7695,0.006653,0.17652,0.879868
23.7715,0.011314,0.17652,0.879986
23.7735,0.011314,0.17652,0.879952
23.7755,0.0221,0.17652,0.879966
23.7775,0.020427,0.17652,0.879928
23.7795,0.020427,0.17652,0.87999
23.7809,0.020427,0.17652,0.87997
23.7824,0.020427,0.17652,0.879934
23.7839,0.020427,0.17652,0.879956
23.7855,0.020427,0.17652,0.879964
23.7875,0.018751,0.17652,0.879972
23.7889,0.012829,0.17652,0.879957
23.7904,0.012829,0.17652,0.87997
23.7925,0.055149,0.17652,0.879929
23.7945,0.055149,0.17652,0.879948
23.7965,0.020419,0.17652,0.879932
23.7984,0.020419,0.17652,0.879983
23.7999,0.011228,0.17652,0.880016
23.8015,0.011228,0.17652,0.880049
23.8035,0.011228,0.17652,0.88006
23.8055,0.011228,0.17652,0.879958
23.8075,0.011228,0.17652,0.8799
23.8095,0.005194,0.17652,0.879907
23.8115,0.017048,0.17652,0.87999
23.8135,0.017048,0.17652,0.879876
23.8155,0.017048,0.17652,0.879925
23.8175,0.00367,0.17652,0.879886
23.8195,0.00367,0.17652,0.879867
23.8215,0.003672,0.17652,0.87994
23.8235,0.021999,0.17652,0.879869
23.8255,0.021999,0.17652,0.879912
23.8275,0.00076,0.17652,0.879956
23.8295,0.00076,0.17652,0.879921
23.8315,0.00076,0.17652,0.87999
23.8335,0.008217,0.17652,0.879921
23.8349,0.0053,0.17652,0.879953
23.8365,0.003645,0.17652,0.879936
23.8384,0.003645,0.17652,0.879949
23.841,0.026254,0.17652,0.879996
23.8425,0.011171,0.17652,0.879961
23.8445,0.011171,0.17652,0.879918
23.8464,0.020312,0.17652,0.879852
23.848,0.020312,0.17652,0.87997
23.8495,0.000594,0.17652,0.879836
23.8515,0.003484,0.17652,0.879957
23.8535,0.009624,0.17652,0.879928
23.8555,0.009624,0.17652,0.879875
23.8575,0.027657,0.17652,0.879861
23.8595,0.004998,0.17652,0.879939
23.8615,0.004998,0.17652,0.88005
23.8635,0.015523,0.17652,0.879898
23.8655,0.015523,0.17652,0.879922
23.8675,0.001748,0.17652,0.879926
23.8695,0.001748,0.17652,0.879912
23.8715,0.000328,0.17652,0.879975
23.874,0.030544,0.17652,0.879867
23.8755,0.022924,0.17652,0.879935
23.8775,0.022924,0.17652,0.879885
23.8795,0.022924,0.17652,0.879955
23.881,0.003313,0.17652,0.87991
23.8825,0.029158,0.17652,0.879956
23.8845,0.029158,0.17652,0.879952
23.8864,0.001648,0.17652,0.879937
23.8885,0.001648,0.17652,0.879887
23.8905,0.022966,0.17652,0.879877
23.892,0.010725,0.17652,0.879925
23.8935,0.024168,0.17652,0.87994
23.8955,0.024168,0.17652,0.879917
23.8975,0.006237,0.17652,0.879986
23.8995,0.006237,0.17652,0.87992
23.9015,0.042743,0.17652,0.879891
23.9035,0.042743,0.17652,0.879939
23.906,0.042743,0.17652,0.879814
23.9075,0.015456,0.17652,0.879923
23.9095,0.010841,0.17652,0.879878
23.9115,0.024592,0.17652,0.879899
23.9135,0.024591,0.17652,0.87997
23.9155,0.010812,0.17652,0.879911
23.9175,0.004675,0.17652,0.880011
23.9195,0.004675,0.17652,0.879893
23.9215,0.010803,0.17652,0.879982
23.9235,0.010803,0.17652,0.879865
23.925,0.010803,0.17652,0.879934
23.9264,0.007784,0.17652,0.879959
23.928,0.007784,0.17652,0.879975
23.9296,0.007784,0.17652,0.879945
23.9315,0.007784,0.17652,0.879939
23.9336,0.014997,0.17652,0.87982
23.9356,0.014997,0.17652,0.879865
23.937,0.014997,0.17652,0.879918
23.9386,0.03971,0.17652,0.879967
23.94,0.00302,0.17652,0.879902
23.9416,0.012362,0.17652,0.879991
23.9436,0.036741,0.17652,0.879918
23.9456,0.036741,0.17652,0.879965
23.947,0.03193,0.17652,0.879935
23.9486,0.03193,0.17652,0.879929
23.9504,0.027449,0.17652,0.879966
23.9526,0.012261,0.17652,0.879998
23.9546,0.012261,0.17652,0.879942
23.9566,0.019855,0.17652,0.879908
23.9584,0.025769,0.17652,0.879962
23.96,0.025769,0.17652,0.879914
23.9616,0.025769,0.17652,0.879798
23.9636,0.025769,0.17652,0.879925
23.9656,0.032062,0.17652,0.879881
23.9676,0.032062,0.17652,0.87997
23.97,0.032062,0.17652,0.879853
23.9716,0.037999,0.17652,0.879932
23.9736,0.037999,0.17652,0.879888
23.9756,0.022886,0.17652,0.87993
23.9776,0.004807,0.17652,0.879907
23.9796,0.00784,0.17652,0.879987
23.981,0.007437,0.17652,0.87996
23.9824,0.010843,0.17652,0.879957
23.9846,0.010843,0.17652,0.879879
23.9866,0.018424,0.17652,0.879985
23.9886,0.018424,0.17652,0.879832
23.99,0.001677,0.17652,0.879918
23.9916,0.001677,0.17652,0.879921
23.9936,0.010824,0.17652,0.879968
23.9956,0.010824,0.17652,0.879969
23.997,0.007861,0.17652,0.879915
23.9984,0.007861,0.17652,0.87998
24.0006,0.007861,0.17652,0.879968
24.0026,0.04262,0.17652,0.87987
24.0046,0.038006,0.17652,0.879904
24.0064,0.038006,0.17652,0.879914
24.008,0.038006,0.17652,0.879928
24.0096,0.038006,0.17652,0.87994
24.0116,0.038006,0.17652,0.879922
24.0136,0.030488,0.17652,0.879866
24.0156,0.030488,0.17652,0.8799
24.0176,0.030488,0.17652,0.879865
24.0196,0.039702,0.17652,0.879944
24.0216,0.004761,0.17652,0.879823
24.0236,0.004761,0.17652,0.87997
24.0256,0.004761,0.17652,0.87996
24.0276,0.004761,0.17652,0.880031
24.0296,0.004812,0.17652,0.879976
24.0316,0.004812,0.17652,0.879867
24.034,0.004812,0.17652,0.879887
24.0356,0.004812,0.17652,0.879966
24.0376,0.004858,0.17652,0.87988
24.0396,0.004858,0.17652,0.879932
24.0416,0.004858,0.17652,0.879919
24.0436,0.004858,0.17652,0.879851
24.0456,0.010796,0.17652,0.879838
24.0476,0.010796,0.17652,0.879891
24.0496,0.010796,0.17652,0.879928
24.0516,0.007715,0.17652,0.879901
24.0536,0.012237,0.17652,0.879952
24.0556,0.012237,0.17652,0.879825
24.0576,0.01821,0.17652,0.879917
24.0596,0.01821,0.17652,0.87986
24.0616,0.006246,0.17652,0.87994
24.0636,0.006246,0.17652,0.879987
24.0656,0.006246,0.17652,0.879908
24.068,0.006246,0.17652,0.87995
24.0696,0.006246,0.17652,0.879933
24.0716,0.006246,0.17652,0.879978
24.0736,0.006246,0.17652,0.879946
24.0756,0.006246,0.17652,0.879911
24.0776,0.006246,0.17652,0.879928
24.0796,0.018217,0.17652,0.879908
24.0816,0.010777,0.17652,0.879985
24.0836,0.010777,0.17652,0.879947
24.0856,0.010777,0.17652,0.879964
24.0876,0.000205,0.17652,0.87994
24.0896,0.007771,0.17652,0.87984
24.0916,0.007771,0.17652,0.879914
24.0936,0.007771,0.17652,0.879928
24.0956,0.007771,0.17652,0.879935
24.0976,0.010624,0.17652,0.8799
24.0996,0.010624,0.17652,0.879921
24.102,0.010624,0.17652,0.879886
24.104,0.007604,0.17652,0.879874
24.1056,0.001431,0.17652,0.879922
24.1076,0.001431,0.17652,0.879901
24.1096,0.040956,0.17652,0.879885
24.1116,0.040956,0.17652,0.879896
24.1136,0.040956,0.17652,0.879948
24.1156,0.027347,0.17652,0.879888
24.1176,0.007673,0.17652,0.879917
24.1196,0.016853,0.17652,0.879927
24.1216,0.009347,0.17652,0.879891
24.1236,0.015223,0.17652,0.879944
24.1256,0.015223,0.17652,0.879975
24.1276,0.015223,0.17652,0.879884
24.1296,0.009294,0.17652,0.879921
24.1316,0.009294,0.17652,0.879903
24.1336,0.004726,0.17652,0.879985
24.136,0.004726,0.17652,0.879944
24.1376,0.004726,0.17652,0.879937
24.1396,0.012354,0.17652,0.879903
24.1416,0.012354,0.17652,0.879957
24.1436,0.025921,0.17652,0.879883
24.1456,0.045621,0.17652,0.879847
24.1476,0.045621,0.17652,0.879872
24.1496,0.045621,0.17652,0.879869
24.1516,0.018507,0.17652,0.879945
24.1536,0.005029,0.17652,0.879935
24.1556,5e-05,0.17652,0.879943
24.1576,5e-05,0.17652,0.879946
24.1596,5e-05,0.17652,0.879963
24.1616,5e-05,0.17652,0.879932
24.1636,5e-05,0.17652,0.879932
24.1656,0.00508,0.17652,0.879934
24.1676,0.00508,0.17652,0.879946
24.17,0.00508,0.17652,0.879876
24.1716,0.00508,0.17652,0.879913
24.1736,0.027769,0.17652,0.87988
24.1756,0.027769,0.17652,0.879784
24.1776,0.027769,0.17652,0.879929
24.1796,0.027769,0.17652,0.879949
24.1816,0.030841,0.17652,0.879982
24.1836,0.030841,0.17652,0.87988
24.1856,0.030841,0.17652,0.879931
24.1876,0.030841,0.17652,0.87989
24.1896,0.003657,0.17652,0.87992
24.1916,0.003657,0.17652,0.879914
24.1936,0.002082,0.17652,0.879908
24.1956,0.002082,0.17652,0.879982
24.1976,0.022012,0.17652,0.879887
24.1996,0.011035,0.17652,0.879928
24.2016,0.011035,0.17652,0.879938
24.204,0.011035,0.17652,0.879967
24.2056,0.018943,0.17652,0.879922
24.2076,0.018943,0.17652,0.879885
24.2096,0.018943,0.17652,0.879961
24.2116,0.018943,0.17652,0.879884
24.2136,0.011471,0.17652,0.879929
24.2156,0.022269,0.17652,0.879963
24.2176,0.011381,0.17652,0.879947
24.2196,0.000921,0.17652,0.879961
24.2216,0.000921,0.17652,0.879985
24.2236,0.000921,0.17652,0.879908
24.2256,0.010011,0.17652,0.879956
24.2276,0.010011,0.17652,0.879895
24.2296,0.010011,0.17652,0.879888
24.2316,0.010011,0.17652,0.879956
24.2336,0.010011,0.17652,0.879924
24.2356,0.010011,0.17652,0.87987
24.238,0.028085,0.17652,0.879916
24.2396,0.028085,0.17652,0.879914
24.241,0.000505,0.17652,0.879912
24.243,0.0281,0.17652,0.879872
24.2446,0.0281,0.17652,0.879898
24.2464,0.0281,0.17652,0.879893
24.248,0.014749,0.17652,0.879932
24.25,0.020596,0.17652,0.879974
24.252,0.011435,0.17652,0.879905
24.2536,0.021847,0.17652,0.879929
24.2556,0.021847,0.17652,0.880017
24.257,0.021847,0.17652,0.879938
24.259,0.021847,0.17652,0.879926
24.261,0.014587,0.17652,0.879935
24.263,0.018945,0.17652,0.87981
24.265,0.018945,0.17652,0.879942
24.2666,0.000835,0.17652,0.87991
24.2686,0.000835,0.17652,0.879876
24.271,0.000835,0.17652,0.880001
24.273,0.000835,0.17652,0.879969
24.275,0.022301,0.17652,0.879941
24.2766,0.022301,0.17652,0.879932
24.2784,0.005649,0.17652,0.879967
24.28,0.005649,0.17652,0.879956
24.282,0.005636,0.17652,0.879979
24.284,0.005636,0.17652,0.879896
24.286,0.005636,0.17652,0.87999
24.288,0.005636,0.17652,0.879912
24.29,0.01478,0.17652,0.879937
24.292,0.01478,0.17652,0.879911
24.294,0.01478,0.17652,0.87984
24.296,0.031442,0.17652,0.879954
24.298,0.031442,0.17652,0.879845
24.3,0.031442,0.17652,0.879909
24.302,0.005708,0.17652,0.87996
24.3046,0.005708,0.17652,0.879938
24.3066,0.01492,0.17652,0.879928
24.3086,0.005804,0.17652,0.879924
24.3104,0.000964,0.17652,0.879872
24.3126,0.000934,0.17652,0.879937
24.314,0.001159,0.17652,0.879944
24.316,0.017934,0.17652,0.879962
24.318,0.005818,0.17652,0.879887
24.32,0.008867,0.17652,0.87991
24.322,0.008867,0.17652,0.879841
24.324,0.016485,0.17652,0.879871
24.326,0.005939,0.17652,0.879949
24.328,0.016508,0.17652,0.879961
24.3296,0.016508,0.17652,0.879907
24.3316,0.02988,0.17652,0.880014
24.333,0.02988,0.17652,0.879943
24.3344,0.001353,0.17652,0.879933
24.3366,0.004297,0.17652,0.879937
24.3386,0.004297,0.17652,0.87997
24.3406,0.001082,0.17652,0.879904
24.3424,0.02557,0.17652,0.879893
24.344,0.02557,0.17652,0.87997
24.346,0.016413,0.17652,0.879892
24.348,0.016413,0.17652,0.879872
24.35,0.002703,0.17652,0.879909
24.352,0.002703,0.17652,0.879897
24.354,0.005966,0.17652,0.879947
24.3556,0.008919,0.17652,0.879925
24.3576,0.008919,0.17652,0.879866
24.3596,0.008919,0.17652,0.879887
24.361,0.008919,0.17652,0.87992
24.363,0.01194,0.17652,0.879919
24.365,0.002692,0.17652,0.879899
24.3665,0.002692,0.17652,0.879907
24.3686,0.002692,0.17652,0.879938
24.3706,0.021135,0.17652,0.879827
24.372,0.00139,0.17652,0.879896
24.3736,0.00139,0.17652,0.879854
24.3756,0.010495,0.17652,0.879891
24.3776,0.010495,0.17652,0.879953
24.3796,0.010495,0.17652,0.879942
24.3816,0.010495,0.17652,0.879896
24.3836,0.010495,0.17652,0.880003
24.3856,0.011999,0.17652,0.879975
24.3876,0.011999,0.17652,0.879956
24.3896,0.016597,0.17652,0.87998
24.3916,0.016597,0.17652,0.880114
24.3936,0.016597,0.17652,0.880011
24.395,0.007571,0.17652,0.879929
24.3966,0.007571,0.17652,0.879947
24.3985,0.007571,0.17652,0.87986
24.4006,0.028801,0.17652,0.879823
24.4026,0.001653,0.17652,0.880023
24.404,0.021353,0.17652,0.879948
24.4056,0.001666,0.17652,0.879962
24.4076,0.006181,0.17652,0.879967
24.4096,0.019554,0.17652,0.879963
24.411,0.019554,0.17652,0.87997
24.4126,0.019554,0.17652,0.879952
24.414,0.016669,0.17652,0.879951
24.416,0.016669,0.17652,0.87996
24.4176,0.021239,0.17652,0.879971
24.419,0.021239,0.17652,0.879907
24.4206,0.024279,0.17652,0.880011
24.422,0.024279,0.17652,0.879891
24.424,0.024279,0.17652,0.879929
24.4256,0.010807,0.17652,0.879962
24.427,0.010807,0.17652,0.879913
24.429,0.021301,0.17652,0.879979
24.4305,0.021301,0.17652,0.879887
24.4326,0.021301,0.17652,0.879985
24.434,0.019715,0.17652,0.879914
24.4356,0.009,0.17652,0.879892
24.437,0.010903,0.17652,0.879901
24.4385,0.010903,0.17652,0.87997
24.44,0.030625,0.17652,0.879964
24.4416,0.030625,0.17652,0.879915
24.443,0.030619,0.17652,0.879944
24.4446,0.030619,0.17652,0.879945
24.446,0.016801,0.17652,0.880028
24.4476,0.010699,0.17652,0.879972
24.449,0.010699,0.17652,0.879941
24.4506,0.006357,0.17652,0.879861
24.452,0.006357,0.17652,0.879931
24.4536,0.009335,0.17652,0.879943
24.4556,0.009335,0.17652,0.879994
24.457,0.009335,0.17652,0.879972
24.4586,0.016783,0.17652,0.87993
24.4606,0.016783,0.17652,0.879891
24.4625,0.016783,0.17652,0.87999
24.4646,0.041147,0.17652,0.879932
24.4666,0.041147,0.17652,0.879911
24.4686,0.024364,0.17652,0.87987
24.4705,0.024364,0.17652,0.87995
24.472,0.026048,0.17652,0.879952
24.4736,0.026048,0.17652,0.879926
24.475,0.021506,0.17652,0.8799
24.4766,0.000162,0.17652,0.879906
24.4785,0.000162,0.17652,0.879913
24.4806,0.004721,0.17652,0.879902
24.4826,0.004721,0.17652,0.879997
24.484,0.004721,0.17652,0.879953
24.4861,0.032049,0.17652,0.879932
24.4876,0.032049,0.17652,0.879931
24.4896,0.032049,0.17652,0.879935
24.4916,0.032049,0.17652,0.879978
24.493,0.032049,0.17652,0.87994
24.4945,0.032049,0.17652,0.879918
24.4966,0.032049,0.17652,0.879927
24.4986,0.036604,0.17652,0.879915
24.5006,0.006004,0.17652,0.879934
24.5025,0.006004,0.17652,0.87991
24.504,0.021521,0.17652,0.879929
24.5056,0.003136,0.17652,0.879908
24.5076,0.003136,0.17652,0.879977
24.5096,0.016877,0.17652,0.879907
24.5116,0.016877,0.17652,0.87988
24.5136,0.016877,0.17652,0.879919
24.5156,0.016877,0.17652,0.879982
24.5181,0.021402,0.17652,0.879933
24.5196,0.000124,0.17652,0.879866
24.5216,0.000124,0.17652,0.879963
24.5236,0.000124,0.17652,0.879874
24.5256,0.010949,0.17652,0.879975
24.5276,0.010949,0.17652,0.879958
24.5296,0.010949,0.17652,0.879956
24.5316,0.021423,0.17652,0.87999
24.5336,0.021423,0.17652,0.87984
24.5351,0.021423,0.17652,0.879923
24.5366,0.021423,0.17652,0.879946
24.5386,0.007738,0.17652,0.879931
24.5401,0.044191,0.17652,0.879923
24.5416,0.032088,0.17652,0.879907
24.5431,0.038294,0.17652,0.879927
24.5456,0.010964,0.17652,0.879972
24.5476,0.010964,0.17652,0.879965
24.5501,0.010964,0.17652,0.879921
24.5521,0.010964,0.17652,0.879896
24.5536,0.010964,0.17652,0.880005
24.5556,0.012246,0.17652,0.87994
24.5576,0.012246,0.17652,0.880026
24.5596,0.012246,0.17652,0.880062
24.5616,0.051475,0.17652,0.880069
24.5636,0.019716,0.17652,0.880104
24.5656,0.019716,0.17652,0.880162
24.5676,0.021345,0.17652,0.880202
24.5696,0.023141,0.17652,0.880298
24.5716,0.04436,0.17652,0.8805
24.5736,0.002033,0.17652,0.880969
24.5756,0.054041,0.17652,0.881347
24.5776,0.027655,0.17652,0.881809
24.5796,0.032227,0.17652,0.882285
24.5816,0.032227,0.17652,0.882893
24.5836,0.016339,0.17652,0.883449
24.5861,0.036449,0.17652,0.884325
24.5876,0.03228,0.17652,0.885221
24.5896,0.03228,0.17652,0.885888
24.5916,0.028174,0.17652,0.886858
24.5936,0.023454,0.17652,0.887848
24.5956,0.020271,0.17652,0.888904
24.5976,0.004925,0.17652,0.889982
24.5996,0.001693,0.17652,0.89121
24.6017,0.012763,0.17652,0.892468
24.6036,0.012763,0.17652,0.893742
24.6056,0.007472,0.17652,0.894984
24.6071,0.001695,0.17652,0.896279
24.6091,0.002021,0.17652,0.897187
24.6106,0.002952,0.17652,0.898554
24.6127,0.004052,0.17652,0.899654
24.6145,0.000513,0.17652,0.900964
24.6161,0.010013,0.17652,0.902332
24.6181,0.00324,0.17652,0.903285
24.6197,0.00324,0.17652,0.904612
24.6217,0.002112,0.17652,0.905727
24.6231,0.002112,0.17652,0.907097
24.6247,0.002112,0.17652,0.907991
24.6267,0.026356,0.17652,0.909101
24.6287,0.026356,0.17652,0.910416
24.6305,0.026356,0.17652,0.911701
24.6321,0.026356,0.17652,0.912925
24.6337,0.026356,0.17652,0.913957
24.6357,0.014298,0.17652,0.914928
24.6377,0.017089,0.17652,0.916261
24.6391,0.021383,0.17652,0.917539
24.6407,0.021383,0.17652,0.918348
24.6427,0.023304,0.17652,0.91949
24.6447,0.023304,0.17652,0.920704
24.6465,0.023304,0.17652,0.921929
24.6481,0.023304,0.17652,0.923
24.6501,0.0003,0.17652,0.923947
24.6517,0.003505,0.17652,0.925127
24.6537,0.007964,0.17652,0.92598
24.6551,0.007964,0.17652,0.927207
24.6571,0.007964,0.17652,0.927863
24.6587,0.007964,0.17652,0.928846
24.6607,0.007964,0.17652,0.929572
24.6625,0.007964,0.17652,0.930511
24.6641,0.00072,0.17652,0.931356
24.6661,0.00072,0.17652,0.931979
24.6677,0.002023,0.17652,0.932763
24.6697,0.002023,0.17652,0.933426
24.6717,0.002023,0.17652,0.934182
24.6737,0.011663,0.17652,0.934796
24.6757,0.011663,0.17652,0.935441
24.6777,1.7e-05,0.17652,0.936064
24.6797,1.7e-05,0.17652,0.936618
24.6821,1.7e-05,0.17652,0.937096
24.6837,1.7e-05,0.17652,0.937792
24.6857,0.000334,0.17652,0.938176
24.6877,0.000334,0.17652,0.938595
24.6897,0.019908,0.17652,0.939125
24.6917,0.019908,0.17652,0.939469
24.6937,0.019908,0.17652,0.939934
24.6957,0.019908,0.17652,0.94029
24.6977,0.000235,0.17652,0.940602
24.6997,0.004859,0.17652,0.94102
24.7017,0.021147,0.17652,0.941354
24.7037,0.005514,0.17652,0.941614
24.7057,0.002135,0.17652,0.942139
24.7077,0.002135,0.17652,0.942482
24.7097,0.019719,0.17652,0.942866
24.7117,0.019837,0.17652,0.943321
24.7137,0.008556,0.17652,0.943879
24.7161,0.042594,0.17652,0.944354
24.7177,0.0194,0.17652,0.9451
24.7197,0.0194,0.17652,0.945577
24.7217,0.012119,0.17652,0.946247
24.7237,0.019966,0.17652,0.946855
24.7257,0.003185,0.17652,0.947596
24.7277,0.003185,0.17652,0.948265
24.7297,0.026255,0.17652,0.948959
24.7317,0.012931,0.17652,0.94973
24.7337,0.012931,0.17652,0.950461
24.7357,0.00585,0.17652,0.95127
24.7377,0.014532,0.17652,0.952062
24.7397,0.014532,0.17652,0.952895
24.7417,0.00143,0.17652,0.953597
24.7437,0.00143,0.17652,0.954302
24.7457,0.000697,0.17652,0.954985
24.7477,0.032338,0.17652,0.955743
24.7497,0.032338,0.17652,0.956364
24.7521,0.008484,0.17652,0.95696
24.7541,0.008484,0.17652,0.957809
24.7561,0.024549,0.17652,0.95847
24.7577,0.018892,0.17652,0.959183
24.7597,0.007141,0.17652,0.959695
24.7617,0.007141,0.17652,0.960182
24.7637,0.001789,0.17652,0.960749
24.7657,0.001789,0.17652,0.961404
24.7677,0.006812,0.17652,0.961891
24.7697,0.006812,0.17652,0.962512
24.7717,0.003031,0.17652,0.963082
24.7737,0.003031,0.17652,0.963549
24.7757,0.003031,0.17652,0.964165
24.7777,0.001712,0.17652,0.964599
24.7797,0.001712,0.17652,0.964988
24.7817,0.001712,0.17652,0.965555
24.7837,0.001712,0.17652,0.965915
24.7857,0.001712,0.17652,0.966333
24.7877,0.001712,0.17652,0.966668
24.7897,0.001712,0.17652,0.967115
24.7917,0.001712,0.17652,0.967389
24.7937,0.001712,0.17652,0.967744
24.7957,0.001712,0.17652,0.968
24.7977,0.001869,0.17652,0.968428
24.7997,0.004307,0.17652,0.968813
24.8017,0.004307,0.17652,0.969151
24.8037,0.004307,0.17652,0.969476
24.8057,0.004307,0.17652,0.969742
24.8077,0.004307,0.17652,0.970059
24.8097,0.004307,0.17652,0.970397
24.8117,0.004307,0.17652,0.970667
24.8137,0.004307,0.17652,0.970925
24.8157,0.003357,0.17652,0.971208
24.8177,0.000123,0.17652,0.971566
24.8201,0.000123,0.17652,0.971812
24.8217,0.010574,0.17652,0.972195
24.8237,0.010574,0.17652,0.972401
24.8257,0.006042,0.17652,0.972854
24.8277,0.016563,0.17652,0.973187
24.8297,0.018604,0.17652,0.973535
24.8317,0.000489,0.17652,0.974008
24.8337,0.015946,0.17652,0.974378
24.8357,0.015946,0.17652,0.974798
24.8377,0.017686,0.17652,0.975252
24.8397,0.009121,0.17652,0.975637
24.8417,0.009121,0.17652,0.976057
24.8437,0.006404,0.17652,0.976374
24.8457,0.006404,0.17652,0.976731
24.8477,0.006404,0.17652,0.977045
24.8497,0.006404,0.17652,0.977372
24.8517,0.006404,0.17652,0.977603
24.8537,0.00736,0.17652,0.977943
24.8567,0.004689,0.17652,0.978184
24.8587,0.003004,0.17652,0.978567
24.8607,0.018275,0.17652,0.978865
24.8625,0.018275,0.17652,0.979153
24.8647,0.012373,0.17652,0.979484
24.8667,0.003546,0.17652,0.97978
24.8687,0.003546,0.17652,0.980208
24.8705,0.019494,0.17652,0.980465
24.8721,0.027632,0.17652,0.980782
24.8741,0.008288,0.17652,0.981075
24.8757,0.008288,0.17652,0.981444
24.8777,0.008288,0.17652,0.981764
24.8797,0.008288,0.17652,0.98209
24.8817,0.008288,0.17652,0.982391
24.8837,0.008288,0.17652,0.982586
24.8857,0.020455,0.17652,0.982947
24.8877,0.000461,0.17652,0.983183
24.8897,0.000517,0.17652,0.983515
24.8917,0.000517,0.17652,0.983674
24.8937,0.000517,0.17652,0.983994
24.8957,0.000517,0.17652,0.984224
24.8977,0.000517,0.17652,0.984538
24.8997,0.000517,0.17652,0.984876
24.9017,0.037308,0.17652,0.985175
24.9037,0.029445,0.17652,0.985415
24.9057,0.01393,0.17652,0.985939
24.9077,0.005005,0.17652,0.986264
24.9097,0.00043,0.17652,0.986698
24.9117,0.00043,0.17652,0.987139
24.9137,0.00043,0.17652,0.98761
24.9157,0.00043,0.17652,0.988109
24.9177,0.030705,0.17652,0.988541
24.9197,0.030705,0.17652,0.988953
24.9217,0.030705,0.17652,0.989427
24.9241,0.028858,0.17652,0.989797
24.9261,0.028858,0.17652,0.990294
24.9281,0.014289,0.17652,0.990686
24.9301,0.014289,0.17652,0.991012
24.9321,0.014105,0.17652,0.99149
24.9341,0.014105,0.17652,0.99181
24.9361,0.000617,0.17652,0.992173
24.9381,0.015656,0.17652,0.992558
24.9397,0.013672,0.17652,0.992927
24.9417,0.013672,0.17652,0.993306
24.9437,0.013672,0.17652,0.993696
24.9457,0.013672,0.17652,0.994006
24.9477,0.004417,0.17652,0.994425
24.9497,0.004417,0.17652,0.994648
24.9517,0.032236,0.17652,0.995064
24.9537,0.015318,0.17652,0.995352
24.9557,0.015318,0.17652,0.995671
24.9577,0.000748,0.17652,0.995913
24.9607,0.000748,0.17652,0.996245
24.9627,0.025503,0.17652,0.996632
24.9647,0.025503,0.17652,0.996946
24.9665,0.006592,0.17652,0.997302
24.9681,0.006592,0.17652,0.997549
24.9697,0.007216,0.17652,0.997847
24.9717,0.012119,0.17652,0.998134
24.9737,0.012119,0.17652,0.998438
24.9757,0.012119,0.17652,0.998761
24.9777,0.012119,0.17652,0.999186
24.9797,0.012119,0.17652,0.999601
24.9817,0.011265,0.17652,0.999812
24.9837,0.003745,0.0162,1.00027
24.9857,0.026518,0.03204,1.00053
24.9877,0.05444,0.05058,1.00084
24.9897,0.097057,0.06726,1.00112
24.9917,0.134182,0.0732,1.00122
24.9941,0.165847,0.06978,1.00116
24.9967,0.184275,0.05268,1.00088
24.9986,0.175337,0.02502,1.00042
25.0007,0.144334,0.00888,1.00015
25.0027,0.079689,0.00888,0.999716
25.0047,0.056075,0.00888,0.999653
25.0065,0.059426,0.00888,0.999684
25.0087,0.025597,0.00888,0.999908
25.0107,0.011901,0.0156,1.00026
25.0127,0.040459,0.03384,1.00056
25.0146,0.065418,0.06852,1.00114
25.0167,0.137188,0.08412,1.0014
25.0187,0.196719,0.10302,1.00172
25.0207,0.228625,0.11202,1.00187
25.0226,0.275864,0.10032,1.00167
25.0247,0.293743,0.08676,1.00145
25.0267,0.27507,0.05712,1.00095
25.0287,0.224168,0.0285,1.00048
25.0311,0.147839,0.00114,1.00002
25.0337,0.082489,0.00114,0.999705
25.0357,0.051812,0.00114,0.999711
25.0377,0.043196,0.00036,1.00001
25.0397,0.017235,0.01992,1.00033
25.0417,0.035739,0.04992,1.00083
25.0437,0.100486,0.07452,1.00124
25.0457,0.159201,0.0987,1.00165
25.0477,0.212745,0.1185,1.00198
25.0497,0.276509,0.1212,1.00202
25.0517,0.306781,0.11238,1.00187
25.0537,0.310352,0.09102,1.00152
25.0557,0.295913,0.05652,1.00094
25.0577,0.238446,0.01992,1.00033
25.0597,0.17959,0.01992,0.999813
25.0617,0.096971,0.01992,0.999518
25.0637,0.065613,0.01992,0.99946
25.0661,0.032238,0.01992,0.999776
25.0681,0.018596,0.021,1.00035
25.0706,0.046389,0.0567,1.00095
25.0727,0.108329,0.09372,1.00156
25.0747,0.187058,0.11802,1.00197
25.0767,0.251261,0.13662,1.00228
25.0786,0.321744,0.13392,1.00223
25.0807,0.352056,0.11124,1.00185
25.0827,0.347496,0.06792,1.00113
25.0847,0.273242,0.0306,1.00051
25.0866,0.202419,0.0306,0.999894
25.0887,0.127798,0.0306,0.99939
25.0907,0.080361,0.0306,0.999295
25.0927,0.061097,0.0306,0.999559
25.0946,0.034318,0.00558,1.00009
25.0967,0.015248,0.04218,1.0007
25.0987,0.068402,0.07206,1.0012
25.1011,0.140556,0.1101,1.00184
25.1031,0.224615,0.14034,1.00234
25.1057,0.317871,0.1461,1.00244
25.1077,0.361608,0.12456,1.00208
25.1097,0.374598,0.10278,1.00171
25.1117,0.343309,0.05718,1.00095
25.1137,0.270421,0.0129,1.00022
25.1157,0.178518,0.0129,0.999698
25.1177,0.110914,0.0129,0.999445
25.1191,0.073907,0.0129,0.999508
25.1211,0.049926,0.0129,0.99985
25.1231,0.031143,0.02664,1.00044
25.1257,0.055766,0.07056,1.00118
25.1277,0.120868,0.12,1.002
25.1297,0.234838,0.14688,1.00245
25.1317,0.31978,0.16704,1.00278
25.1337,0.394823,0.16452,1.00274
25.1351,0.422771,0.14184,1.00236
25.1377,0.417944,0.1053,1.00176
25.1397,0.377367,0.04818,1.0008
25.1417,0.288804,0.00282,1.00005
25.1437,0.172969,0.00282,0.999536
25.1457,0.110047,0.00282,0.999304
25.1477,0.072529,0.00282,0.999602
25.1497,0.045299,0.00666,1.00011
25.1517,0.032974,0.0528,1.00088
25.1537,0.088438,0.09672,1.00161
25.1557,0.184285,0.13992,1.00233
25.1577,0.287114,0.171,1.00285
25.1597,0.360346,0.18348,1.00306
25.1617,0.440167,0.17604,1.00293
25.1637,0.481203,0.14352,1.00239
25.1657,0.452601,0.09384,1.00156
25.1677,0.391371,0.04464,1.00074
25.1697,0.286468,0.04464,0.999781
25.1721,0.150004,0.04464,0.999341
25.1737,0.099966,0.04464,0.999292
25.1757,0.053932,0.04464,0.999687
25.1777,0.045659,0.01548,1.00026
25.1797,0.04582,0.05334,1.00089
25.1817,0.101449,0.105,1.00175
25.1837,0.181743,0.14946,1.00249
25.1857,0.311233,0.18678,1.00311
25.1877,0.40925,0.19476,1.00325
25.1897,0.47295,0.19548,1.00326
25.1917,0.517269,0.15036,1.00251
25.1937,0.487197,0.09684,1.00161
25.1957,0.39497,0.03414,1.00057
25.1977,0.276652,0.03414,0.999584
25.1997,0.173096,0.03414,0.999016
25.2012,0.10754,0.03414,0.998845
25.2027,0.092358,0.03414,0.999162
25.2047,0.042997,0.03414,0.999595
25.2066,0.038084,0.0114,1.00019
25.2087,0.040071,0.06708,1.00112
25.2107,0.117002,0.11646,1.00194
25.2127,0.21968,0.16596,1.00277
25.2146,0.331816,0.2016,1.00336
25.2167,0.457523,0.20994,1.0035
25.2187,0.509941,0.18912,1.00315
25.2207,0.531676,0.14442,1.00241
25.2226,0.494118,0.07548,1.00126
25.2247,0.360689,0.0087,1.00015
25.2267,0.229462,0.0087,0.999226
25.2287,0.152923,0.0087,0.998709
25.2302,0.094957,0.0087,0.998666
25.2327,0.055559,0.0087,0.999031
25.2347,0.044248,0.0087,0.999691
25.2368,0.026239,0.03672,1.00061
25.2386,0.073456,0.09072,1.00151
25.2412,0.17626,0.14166,1.00236
25.2432,0.281621,0.19836,1.00331
25.2452,0.422239,0.21756,1.00363
25.2472,0.512226,0.20742,1.00346
25.2498,0.5605,0.15054,1.00251
25.2518,0.519909,0.08868,1.00148
25.2538,0.378904,0.01188,1.0002
25.2557,0.273149,0.01188,0.99903
25.2577,0.174564,0.01188,0.998337
25.2597,0.089193,0.01188,0.998298
25.2618,0.063675,0.01188,0.998796
25.2632,0.042688,0.01188,0.99944
25.2652,0.021517,0.01188,0.999977
25.2668,0.02394,0.05508,1.00092
25.2688,0.085993,0.1005,1.00168
25.2706,0.180328,0.15546,1.00259
25.2728,0.30635,0.19812,1.0033
25.2752,0.419916,0.2136,1.00356
25.2772,0.50445,0.19512,1.00325
25.2792,0.546541,0.14646,1.00244
25.2818,0.502971,0.06576,1.0011
25.2838,0.359566,0.06576,0.999813
25.2858,0.219018,0.06576,0.998766
25.2877,0.150314,0.06576,0.998289
25.2898,0.075626,0.06576,0.998482
25.2918,0.058501,0.06576,0.99889
25.2938,0.043305,0.06576,0.999661
25.2958,0.017593,0.03624,1.0006
25.2978,0.063684,0.0942,1.00157
25.2998,0.167574,0.15228,1.00254
25.3018,0.290224,0.19572,1.00326
25.3038,0.412782,0.22284,1.00371
25.3058,0.512392,0.2193,1.00366
25.3078,0.558458,0.18288,1.00305
25.3098,0.553459,0.1173,1.00196
25.3128,0.426225,0.045,1.00075
25.3148,0.347117,0.045,0.998826
25.3168,0.1754,0.045,0.99825
25.3186,0.115291,0.045,0.998128
25.3202,0.087892,0.045,0.998427
25.3218,0.074865,0.045,0.998939
25.3238,0.031962,0.045,0.999578
25.3258,0.030913,0.02946,1.00049
25.3278,0.057403,0.09804,1.00163
25.3298,0.152913,0.1542,1.00257
25.3318,0.289515,0.20328,1.00339
25.3338,0.421882,0.22482,1.00375
25.3358,0.518347,0.22434,1.00374
25.3378,0.562685,0.18078,1.00301
25.3398,0.557821,0.11844,1.00197
25.3418,0.466464,0.03582,1.0006
25.3438,0.323556,0.03582,0.999297
25.3462,0.143282,0.03582,0.998527
25.3478,0.110724,0.03582,0.99824
25.3498,0.105519,0.03582,0.998444
25.3518,0.054399,0.03582,0.999102
25.3538,0.023246,0.03582,0.999926
25.3558,0.025545,0.05388,1.0009
25.3578,0.086345,0.11046,1.00184
25.3598,0.189675,0.1683,1.00281
25.3618,0.332411,0.2091,1.00348
25.3638,0.447018,0.22914,1.00382
25.3658,0.532077,0.2076,1.00346
25.3678,0.562062,0.1611,1.00269
25.3698,0.524101,0.08658,1.00144
25.3718,0.415047,0.00588,1.0001
25.3738,0.243074,0.00588,0.998923
25.3758,0.139218,0.00588,0.99821
25.3778,0.122832,0.00588,0.998245
25.3802,0.074083,0.00588,0.998562
25.3818,0.048022,0.00588,0.999474
25.3838,0.031769,0.00342,1.00006
25.3858,0.029659,0.06378,1.00106
25.3878,0.088148,0.12234,1.00204
25.3898,0.209514,0.17718,1.00295
25.3918,0.351576,0.21312,1.00355
25.3938,0.4676,0.22272,1.00371
25.3958,0.532926,0.19932,1.00332
25.3978,0.559523,0.1428,1.00238
25.3998,0.509009,0.0678,1.00113
25.4018,0.357706,0.0678,0.999744
25.4038,0.222715,0.0678,0.99867
25.4058,0.135762,0.0678,0.998054
25.4072,0.11688,0.0678,0.99798
25.4088,0.075632,0.0678,0.998339
25.4108,0.045876,0.0678,0.998813
25.4128,0.026659,0.0678,0.999628
25.4152,0.019156,0.03432,1.00057
25.4178,0.057639,0.1053,1.00176
25.4198,0.172997,0.1692,1.00282
25.4218,0.324488,0.20916,1.00349
25.4238,0.431614,0.22656,1.00378
25.4258,0.524178,0.21444,1.00357
25.4278,0.566753,0.16224,1.0027
25.4298,0.526847,0.08988,1.0015
25.4318,0.409377,0.00708,1.00012
25.4338,0.23925,0.00708,0.998815
25.4358,0.160055,0.00708,0.998
25.4378,0.104243,0.00708,0.997801
25.4392,0.075691,0.00708,0.998217
25.4408,0.063497,0.00708,0.998725
25.4428,0.027907,0.00708,0.999218
25.4448,0.019493,0.00594,1.0001
25.4466,0.02491,0.07242,1.00121
25.4488,0.109558,0.1215,1.00203
25.4508,0.223184,0.1722,1.00287
25.4528,0.354862,0.20622,1.00344
25.4546,0.457745,0.21492,1.00358
25.4568,0.520484,0.18978,1.00316
25.4588,0.538001,0.13026,1.00217
25.4608,0.459152,0.0567,1.00095
25.4626,0.330122,0.0567,0.999696
25.4648,0.177736,0.0567,0.998697
25.4668,0.116467,0.0567,0.998133
25.4688,0.108587,0.0567,0.998147
25.4706,0.067347,0.0567,0.998659
25.4728,0.0226,0.0567,0.999184
25.4748,0.010029,0.00588,1.0001
25.4768,0.023957,0.0591,1.00099
25.4786,0.090446,0.11544,1.00192
25.4808,0.215217,0.16314,1.00272
25.4828,0.317432,0.1935,1.00323
25.4852,0.442153,0.1962,1.00327
25.4878,0.488825,0.15954,1.00266
25.4898,0.484363,0.0783,1.00131
25.4918,0.361421,0.00828,1.00014
25.4938,0.222462,0.00828,0.998994
25.4958,0.137805,0.00828,0.998263
25.4978,0.099666,0.00828,0.998037
25.4998,0.073592,0.00828,0.99835
25.5018,0.030435,0.00828,0.998921
25.5038,0.016253,0.00828,0.999628
25.5058,0.014417,0.02418,1.0004
25.5078,0.043187,0.08046,1.00134
25.5098,0.134242,0.12438,1.00207
25.5118,0.230634,0.16446,1.00274
25.5138,0.347893,0.18006,1.003
25.5158,0.406635,0.17634,1.00294
25.5178,0.44717,0.13902,1.00232
25.5202,0.431312,0.07878,1.00131
25.5228,0.316886,0.07878,0.999892
25.5248,0.191557,0.07878,0.998779
25.5266,0.129298,0.07878,0.998304
25.5282,0.09707,0.07878,0.99834
25.5298,0.0694,0.07878,0.998553
25.5318,0.026553,0.07878,0.999101
25.5338,0.023708,0.07878,0.999772
25.5358,0.019242,0.0348,1.00058
25.5378,0.045894,0.08886,1.00148
25.5398,0.144057,0.13308,1.00222
25.5418,0.252226,0.17238,1.00287
25.5438,0.349487,0.19008,1.00317
25.5458,0.428304,0.1833,1.00306
25.5478,0.473581,0.14136,1.00236
25.5498,0.444474,0.07968,1.00133
25.5518,0.390855,0.0045,1.00008
25.5542,0.223288,0.0045,0.999034
25.5568,0.135591,0.0045,0.998387
25.5586,0.079176,0.0045,0.998535
25.5602,0.053483,0.0045,0.999051
25.5618,0.029618,0.0045,0.999707
25.5638,0.012551,0.01986,1.00033
25.5658,0.039614,0.07326,1.00122
25.5688,0.149585,0.12096,1.00202
25.5708,0.232258,0.18288,1.00305
25.5728,0.354536,0.20148,1.00336
25.5746,0.451463,0.19086,1.00318
25.5768,0.490419,0.15606,1.0026
25.5788,0.473051,0.0834,1.00139
25.5808,0.395601,0.0138,1.00023
25.5826,0.233954,0.0138,0.999065
25.5848,0.142825,0.0138,0.998343
25.5868,0.127837,0.0138,0.998258
25.5888,0.069506,0.0138,0.998725
25.5912,0.029356,0.0138,0.999448
25.5928,0.014989,0.01986,1.00033
25.5948,0.041495,0.06384,1.00106
25.5968,0.103402,0.11346,1.00189
25.5986,0.207363,0.15486,1.00258
25.6008,0.311303,0.18486,1.00308
25.6028,0.404335,0.18948,1.00316
25.6048,0.446228,0.15816,1.00264
25.6066,0.463875,0.10476,1.00175
25.6088,0.394967,0.03756,1.00063
25.6108,0.266173,0.03756,0.999421
25.6128,0.173606,0.03756,0.998607
25.6146,0.104184,0.03756,0.99837
25.6168,0.075771,0.03756,0.998564
25.6188,0.048112,0.03756,0.999204
25.6208,0.029211,0.03756,0.999902
25.6226,0.003998,0.04056,1.00068
25.6252,0.082975,0.07992,1.00133
25.6278,0.15908,0.1371,1.00229
25.6298,0.250336,0.17892,1.00298
25.6318,0.354225,0.18372,1.00306
25.6338,0.432695,0.1629,1.00272
25.6358,0.449451,0.11658,1.00194
25.6378,0.410173,0.04788,1.0008
25.6398,0.313122,0.04788,0.999698
25.6418,0.187475,0.04788,0.998724
25.6438,0.112474,0.04788,0.998241
25.6458,0.087753,0.04788,0.998451
25.6478,0.050574,0.04788,0.998921
25.6498,0.021466,0.04788,0.999528
25.6518,0.014335,0.01656,1.00028
25.6538,0.033697,0.06348,1.00106
25.6558,0.092735,0.10938,1.00182
25.6578,0.202205,0.1443,1.0024
25.6598,0.291448,0.16296,1.00272
25.6622,0.371779,0.165,1.00275
25.6642,0.409735,0.1266,1.00211
25.6668,0.39797,0.06858,1.00114
25.6688,0.33745,0.06858,0.99969
25.6706,0.175866,0.06858,0.998941
25.6722,0.116641,0.06858,0.998403
25.6738,0.104526,0.06858,0.998114
25.6758,0.081624,0.06858,0.998491
25.6778,0.040725,0.06858,0.998917
25.6798,0.021165,0.06858,0.99976
25.6818,0.008285,0.0204,1.00034
25.6838,0.034667,0.06348,1.00106
25.6858,0.099728,0.1032,1.00172
25.6878,0.182403,0.14028,1.00234
25.6898,0.281569,0.16302,1.00272
25.6918,0.361818,0.15474,1.00258
25.6938,0.392595,0.1251,1.00209
25.6962,0.387519,0.07686,1.00128
25.6988,0.311875,0.00522,1.00009
25.7008,0.189586,0.00522,0.999171
25.7027,0.113769,0.00522,0.998584
25.7042,0.086239,0.00522,0.998555
25.7062,0.072765,0.00522,0.998769
25.7082,0.030316,0.00522,0.99941
25.7102,0.006764,0.00324,1.00005
25.7122,0.021527,0.0429,1.00072
25.7148,0.086142,0.09558,1.00159
25.7168,0.160649,0.13896,1.00232
25.7187,0.276633,0.16476,1.00275
25.7208,0.35615,0.17406,1.0029
25.7228,0.409143,0.14892,1.00248
25.7248,0.426403,0.10392,1.00173
25.7267,0.381029,0.0426,1.00071
25.7288,0.251226,0.0426,0.999786
25.7312,0.163968,0.0426,0.998852
25.7328,0.110611,0.0426,0.998559
25.7347,0.077016,0.0426,0.99868
25.7362,0.047911,0.0426,0.999128
25.7378,0.014795,0.0426,0.999711
25.7398,0.008064,0.01404,1.00023
25.7418,0.033713,0.0531,1.00089
25.7438,0.088779,0.09492,1.00158
25.7458,0.172108,0.12768,1.00213
25.7478,0.261285,0.16062,1.00268
25.7498,0.336484,0.16206,1.0027
25.7518,0.388357,0.13854,1.00231
25.7538,0.389312,0.09612,1.0016
25.7558,0.353888,0.03666,1.00061
25.7578,0.246591,0.03666,0.999724
25.7598,0.157535,0.03666,0.999012
25.7618,0.106024,0.03666,0.998635
25.7638,0.076084,0.03666,0.998777
25.7662,0.034993,0.03666,0.999292
25.7678,0.018043,0.03666,0.999996
25.7698,0.01264,0.03072,1.00051
25.7718,0.043133,0.06756,1.00113
25.7738,0.115255,0.10242,1.00171
25.7758,0.192118,0.13146,1.00219
25.7778,0.268065,0.14568,1.00243
25.7798,0.327602,0.1386,1.00231
25.7818,0.375686,0.1119,1.00187
25.7838,0.361109,0.0672,1.00112
25.7858,0.286185,0.01506,1.00025
25.7878,0.189572,0.01506,0.999572
25.7898,0.117223,0.01506,0.999038
25.7918,0.095985,0.01506,0.999044
25.7938,0.055988,0.01506,0.999356
25.7958,0.028478,0.01506,0.99998
25.7978,0.008177,0.03012,1.0005
25.8008,0.073914,0.06396,1.00107
25.8028,0.112542,0.11736,1.00196
25.8048,0.220945,0.14736,1.00246
25.8067,0.306504,0.15792,1.00263
25.8088,0.385239,0.15126,1.00252
25.8108,0.395727,0.12006,1.002
25.8128,0.384132,0.06936,1.00116
25.8147,0.309729,0.02244,1.00037
25.8168,0.216442,0.02244,0.999778
25.8188,0.125881,0.02244,0.999326
25.8208,0.083047,0.02244,0.999482
25.8227,0.046087,0.02244,0.999905
25.8248,0.028764,0.02208,1.00037
25.8268,0.053255,0.07152,1.00119
25.8288,0.13096,0.11856,1.00198
25.8307,0.227158,0.15288,1.00255
25.8328,0.329369,0.18264,1.00304
25.8353,0.408568,0.18534,1.00309
25.8378,0.497962,0.15426,1.00257
25.8398,0.486231,0.0951,1.00159
25.8418,0.394657,0.04002,1.00067
25.8438,0.285286,0.00126,1.00002
25.8458,0.178152,0.00126,0.999585
25.8478,0.117307,0.00126,0.999586
25.8498,0.056669,0.01074,1.00018
25.8518,0.037805,0.0639,1.00107
25.8538,0.123278,0.10776,1.0018
25.8552,0.209046,0.16128,1.00269
25.8573,0.318308,0.19002,1.00317
25.8598,0.434764,0.21636,1.00361
25.8618,0.51197,0.20304,1.00338
25.8638,0.570803,0.16872,1.00281
25.8658,0.541515,0.10944,1.00182
25.8678,0.43996,0.05292,1.00088
25.8698,0.337277,0.00894,1.00015
25.8728,0.167149,0.00894,0.999887
25.8748,0.098432,0.02892,1.00048
25.8768,0.083557,0.069,1.00115
25.8787,0.143301,0.12744,1.00212
25.8808,0.262034,0.16698,1.00278
25.8828,0.354259,0.21414,1.00357
25.8848,0.475442,0.2385,1.00398
25.8867,0.569001,0.22278,1.00371
25.8888,0.626974,0.18618,1.0031
25.8908,0.59637,0.1317,1.0022
25.8928,0.510055,0.07938,1.00132
25.8947,0.413308,0.03204,1.00053
25.8968,0.294123,0.0141,1.00023
25.8989,0.186796,0.02394,1.0004
25.9008,0.113652,0.0642,1.00107
25.9027,0.148387,0.11844,1.00197
25.9048,0.260857,0.16806,1.0028
25.9073,0.383522,0.21768,1.00363
25.9098,0.502974,0.24354,1.00406
25.9118,0.594382,0.23778,1.00396
25.9139,0.672978,0.19734,1.00329
25.9159,0.631541,0.14448,1.00241
25.9178,0.557531,0.09864,1.00164
25.9199,0.468155,0.05934,1.00099
25.9219,0.349423,0.04524,1.00075
25.9239,0.258519,0.05994,1.001
25.9258,0.209641,0.1011,1.00169
25.9278,0.239853,0.14544,1.00242
25.9299,0.343872,0.18576,1.0031
25.9319,0.427716,0.22392,1.00373
25.9338,0.53569,0.24396,1.00407
25.9359,0.607342,0.2346,1.00391
25.9379,0.670314,0.20718,1.00345
25.9399,0.658848,0.17064,1.00284
25.9418,0.597016,0.12816,1.00214
25.9439,0.533527,0.09978,1.00166
25.9459,0.444846,0.08688,1.00145
25.9479,0.360325,0.09798,1.00163
25.9498,0.311203,0.13302,1.00222
25.9519,0.333736,0.1626,1.00271
25.9539,0.414333,0.19092,1.00318
25.9559,0.479667,0.21402,1.00357
25.9579,0.553108,0.21696,1.00362
25.9599,0.593607,0.2121,1.00354
25.9619,0.620143,0.19878,1.00331
25.9639,0.617456,0.17496,1.00292
25.9659,0.592755,0.15576,1.0026
25.9679,0.550956,0.13884,1.00231
25.9699,0.491442,0.14556,1.00243
25.9719,0.470708,0.1545,1.00258
25.9739,0.445131,0.17802,1.00297
25.9759,0.477886,0.19602,1.00327
25.9783,0.530841,0.20406,1.0034
25.9803,0.573678,0.20286,1.00338
25.9823,0.603663,0.19374,1.00323
25.9849,0.601614,0.17454,1.00291
25.9869,0.581852,0.17136,1.00286
25.9889,0.548286,0.16992,1.00283
25.9907,0.536565,0.18078,1.00301
25.9929,0.540608,0.19212,1.0032
25.9949,0.551062,0.20292,1.00338
25.9969,0.579183,0.21462,1.00358
25.9987,0.609262,0.21132,1.00352
26.0009,0.623972,0.2058,1.00343
26.0029,0.633669,0.20454,1.00341
26.0049,0.632469,0.19182,1.0032
26.0067,0.618809,0.19668,1.00328
26.0089,0.595589,0.19584,1.00326
26.0109,0.593948,0.20238,1.00337
26.0133,0.601704,0.21054,1.00351
26.0153,0.607982,0.22158,1.00369
26.0179,0.63775,0.22932,1.00382
26.0199,0.674532,0.22608,1.00377
26.0219,0.676643,0.23334,1.00389
26.0239,0.697438,0.22644,1.00377
26.0259,0.697312,0.22902,1.00382
26.0279,0.694072,0.22488,1.00375
26.0299,0.679588,0.23022,1.00384
26.0319,0.695489,0.23286,1.00388
26.0339,0.704897,0.24198,1.00403
26.0359,0.714652,0.2391,1.00399
26.0379,0.725168,0.24276,1.00405
26.0399,0.727691,0.25314,1.00422
26.0419,0.741589,0.25176,1.0042
26.0439,0.758335,0.25812,1.0043
26.0459,0.766544,0.25752,1.00429
26.0479,0.770632,0.25992,1.00433
26.0503,0.78356,0.26556,1.00443
26.0523,0.795899,0.27162,1.00453
26.0543,0.805097,0.27414,1.00457
26.0563,0.82554,0.2691,1.00449
26.0583,0.813595,0.27216,1.00454
26.0603,0.824155,0.28152,1.00469
26.0623,0.841618,0.27516,1.00459
26.0649,0.832874,0.28278,1.00471
26.0669,0.849093,0.2835,1.00473
26.0689,0.844228,0.29532,1.00492
26.0707,0.875262,0.29256,1.00488
26.0729,0.879695,0.2985,1.00498
26.0749,0.892518,0.29724,1.00495
26.0769,0.891169,0.29724,1.00495
26.0787,0.89985,0.29712,1.00495
26.0809,0.899545,0.30252,1.00504
26.0829,0.911446,0.30552,1.00509
26.0853,0.917902,0.30702,1.00512
26.0873,0.919156,0.31056,1.00518
26.0893,0.929312,0.31932,1.00532
26.0913,0.952125,0.31734,1.00529
26.0933,0.947802,0.31656,1.00528
26.0953,0.955186,0.31938,1.00532
26.0979,0.963766,0.31656,1.00528
26.0999,0.962363,0.32094,1.00535
26.1019,0.972799,0.32028,1.00534
26.1039,0.966839,0.32082,1.00535
26.1059,0.971113,0.32838,1.00547
26.1079,0.984395,0.32784,1.00546
26.1099,0.983849,0.33282,1.00555
26.1119,0.993986,0.33108,1.00552
26.1139,0.993969,0.3327,1.00555
26.1159,1.00351,0.333,1.00555
26.1179,1.0148,0.33378,1.00556
26.1199,1.01141,0.33192,1.00553
26.1223,1.00851,0.33894,1.00565
26.1243,1.00339,0.34116,1.00569
26.1263,1.02997,0.34386,1.00573
26.1289,1.02733,0.34428,1.00574
26.1309,1.04234,0.34356,1.00573
26.1329,1.03391,0.34722,1.00579
26.1347,1.04061,0.34578,1.00576
26.1369,1.0439,0.3483,1.00581
26.1389,1.04625,0.34998,1.00583
26.1409,1.05847,0.35208,1.00587
26.1427,1.05756,0.35142,1.00586
26.1449,1.0627,0.3567,1.00595
26.1469,1.06723,0.36138,1.00602
26.1489,1.06994,0.36054,1.00601
26.1507,1.08651,0.35748,1.00596
26.1529,1.08651,0.3624,1.00604
26.1549,1.09841,0.3615,1.00603
26.1569,1.09422,0.3639,1.00606
26.1593,1.09394,0.36708,1.00612
26.1619,1.10278,0.37026,1.00617
26.1639,1.11716,0.3705,1.00618
26.1659,1.12045,0.3756,1.00626
26.1679,1.1193,0.3747,1.00625
26.1699,1.13662,0.3765,1.00628
26.1719,1.12531,0.3771,1.00629
26.1739,1.13464,0.3801,1.00633
26.1759,1.13749,0.38214,1.00637
26.1779,1.14569,0.38412,1.0064
26.1799,1.15344,0.38946,1.00649
26.1819,1.16491,0.39138,1.00652
26.1839,1.18516,0.39378,1.00656
26.1859,1.18464,0.3972,1.00662
26.1879,1.19324,0.39552,1.00659
26.1899,1.20081,0.3978,1.00663
26.1919,1.20105,0.39822,1.00664
26.1943,1.19744,0.4008,1.00668
26.1963,1.20502,0.40608,1.00677
26.1983,1.22932,0.40596,1.00677
26.2003,1.23313,0.41178,1.00686
26.2023,1.22927,0.41376,1.0069
26.2043,1.24524,0.41178,1.00686
26.2063,1.24929,0.41226,1.00687
26.2089,1.23719,0.41184,1.00686
26.2109,1.24936,0.4173,1.00696
26.2129,1.24491,0.41484,1.00691
26.2147,1.25324,0.41136,1.00686
26.2169,1.24136,0.41904,1.00698
26.2189,1.23682,0.42012,1.007
26.2209,1.26575,0.42216,1.00704
26.2227,1.26913,0.42474,1.00708
26.2249,1.27355,0.43386,1.00723
26.2269,1.29402,0.42072,1.00701
26.2289,1.28958,0.4227,1.00705
26.2313,1.28209,0.42342,1.00706
26.2333,1.2738,0.42042,1.00701
26.2353,1.2822,0.42882,1.00715
26.2373,1.28661,0.43128,1.00719
26.2393,1.28989,0.43188,1.0072
26.2419,1.32388,0.435,1.00725
26.2439,1.3112,0.43728,1.00729
26.2459,1.31781,0.43464,1.00724
26.2479,1.31016,0.42894,1.00715
26.2499,1.29402,0.43878,1.00731
26.2519,1.31424,0.43404,1.00723
26.2539,1.32349,0.43896,1.00732
26.2559,1.31975,0.44358,1.00739
26.2579,1.32327,0.44946,1.00749
26.2599,1.35269,0.44646,1.00744
26.2619,1.32997,0.45036,1.00751
26.2639,1.35224,0.45006,1.0075
26.2663,1.36218,0.44958,1.00749
26.2683,1.3615,0.44634,1.00744
26.2703,1.35143,0.45258,1.00754
26.2729,1.38876,0.45276,1.00755
26.2749,1.36678,0.45816,1.00764
26.2769,1.36058,0.45864,1.00764
26.2787,1.36251,0.4659,1.00777
26.2809,1.39544,0.46494,1.00775
26.2829,1.38875,0.46632,1.00777
26.2849,1.40471,0.47346,1.00789
26.2867,1.39957,0.47436,1.00791
26.2889,1.44056,0.47316,1.00789
26.2909,1.42963,0.48174,1.00803
26.2929,1.41896,0.48144,1.00802
26.2947,1.46607,0.48216,1.00804
26.2969,1.45014,0.4812,1.00802
26.2989,1.44569,0.48726,1.00812
26.3009,1.46257,0.48774,1.00813
26.3033,1.45842,0.48378,1.00806
26.3059,1.4669,0.4857,1.00809
26.3079,1.45768,0.48966,1.00816
26.3099,1.45759,0.49014,1.00817
26.3119,1.47811,0.49458,1.00824
26.3139,1.47104,0.49404,1.00823
26.3159,1.50829,0.4995,1.00833
26.3179,1.50507,0.5,1.00843
26.3199,1.50195,0.5,1.00837
26.3219,1.50141,0.5,1.00835
26.3239,1.50016,0.49968,1.00833
26.3259,1.49833,0.5,1.00838
26.3279,1.48548,0.5,1.0084
26.3299,1.49409,0.5,1.00842
26.3319,1.50272,0.5,1.00852
26.3339,1.51792,0.5,1.00852
26.3359,1.489,0.5,1.00856
26.3383,1.49278,0.5,1.00859
26.3403,1.49534,0.5,1.00853
26.3423,1.49691,0.5,1.0086
26.3443,1.5015,0.5,1.00864
26.3463,1.49979,0.5,1.00874
26.3483,1.51143,0.5,1.00877
26.3503,1.49917,0.5,1.00874
26.3529,1.49994,0.5,1.00876
26.3549,1.50128,0.5,1.00888
26.3569,1.50673,0.5,1.00884
26.3587,1.49065,0.5,1.00902
26.3609,1.48724,0.5,1.00895
26.3629,1.49952,0.5,1.00904
26.3649,1.49722,0.5,1.00904
26.3668,1.50767,0.5,1.00913
26.3689,1.50578,0.5,1.00927
26.3709,1.4915,0.5,1.00934
26.3729,1.48398,0.5,1.00939
26.3753,1.50479,0.5,1.00944
26.3773,1.50676,0.5,1.00952
26.3793,1.50218,0.5,1.0097
26.3813,1.50958,0.5,1.00978
26.3833,1.50885,0.5,1.00992
26.3859,1.49396,0.5,1.00997
26.3879,1.51011,0.5,1.01021
26.3899,1.51173,0.5,1.01017
26.3919,1.49154,0.5,1.01032
26.3939,1.5005,0.5,1.01053
26.3959,1.48814,0.5,1.01056
26.3979,1.50379,0.5,1.01084
26.3999,1.4882,0.5,1.01093
26.4019,1.49232,0.5,1.01113
26.4039,1.5045,0.5,1.01121
26.4059,1.50516,0.5,1.01143
26.4079,1.51007,0.5,1.01153
26.4099,1.52196,0.5,1.01172
26.4123,1.49806,0.5,1.01189
26.4143,1.47678,0.5,1.01205
26.4169,1.50447,0.5,1.0123
26.4189,1.49629,0.5,1.01252
26.4209,1.48446,0.5,1.01271
26.4228,1.49619,0.5,1.01276
26.4249,1.48264,0.5,1.01297
26.4269,1.50732,0.5,1.01319
26.4289,1.51242,0.5,1.01337
26.4308,1.47358,0.5,1.0135
26.4329,1.49729,0.5,1.01372
26.4349,1.51061,0.5,1.01384
26.4369,1.4986,0.5,1.01396
26.4388,1.51568,0.5,1.01426
26.4409,1.48635,0.5,1.0144
26.4429,1.48116,0.5,1.0146
26.4449,1.53486,0.5,1.0148
26.4469,1.52455,0.5,1.0149
26.4499,1.49914,0.5,1.0152
26.4519,1.49507,0.5,1.01536
26.4539,1.48457,0.5,1.0155
26.4559,1.48215,0.5,1.0157
26.4579,1.49733,0.5,1.01586
26.4599,1.51209,0.5,1.01602
26.4619,1.49483,0.5,1.01628
26.4639,1.50222,0.5,1.01649
26.4659,1.50949,0.5,1.01655
26.4679,1.48202,0.5,1.01683
26.4699,1.48564,0.5,1.01696
26.4719,1.50951,0.5,1.01716
26.4739,1.47014,0.5,1.01736
26.4759,1.51548,0.5,1.01754
26.4779,1.45017,0.5,1.01754
26.4799,1.52247,0.5,1.01784
26.4819,1.46569,0.5,1.0179
26.4844,1.51138,0.5,1.01807
26.4864,1.50385,0.5,1.01818
26.4884,1.47482,0.5,1.01847
26.4904,1.52655,0.5,1.01855
26.4924,1.51839,0.5,1.0188
26.4943,1.49067,0.5,1.01888
26.4963,1.49457,0.5,1.01895
26.4984,1.51216,0.5,1.01915
26.5003,1.49174,0.5,1.01933
26.5024,1.49773,0.5,1.01943
26.5044,1.47853,0.5,1.01954
26.5064,1.48819,0.5,1.01979
26.5084,1.49565,0.5,1.01993
26.5104,1.51707,0.5,1.01998
26.5124,1.49977,0.5,1.02018
26.5144,1.46046,0.5,1.02042
26.5164,1.52096,0.5,1.02049
26.5184,1.53992,0.5,1.02065
26.5209,1.50976,0.5,1.02078
26.5229,1.4705,0.5,1.02104
26.5249,1.48027,0.5,1.02119
26.5268,1.48059,0.5,1.02131
26.5289,1.50653,0.5,1.02142
26.5309,1.48656,0.5,1.02163
26.5329,1.49517,0.5,1.02181
26.5348,1.5352,0.5,1.022
26.5369,1.48272,0.5,1.02218
26.5389,1.50196,0.5,1.02246
26.5409,1.48081,0.5,1.0226
26.5428,1.48746,0.5,1.02276
26.5449,1.5137,0.5,1.02293
26.5469,1.51202,0.5,1.0231
26.5489,1.48412,0.5,1.02336
26.5508,1.52662,0.5,1.02349
26.5529,1.48768,0.5,1.02353
26.5554,1.47343,0.5,1.02383
26.5574,1.4912,0.5,1.02401
26.5594,1.50421,0.5,1.0242
26.5619,1.47102,0.5,1.02446
26.5639,1.53138,0.5,1.02471
26.5659,1.50838,0.5,1.02479
26.5679,1.5205,0.5,1.02496
26.5699,1.5346,0.5,1.02519
26.5719,1.4928,0.5,1.02536
26.5739,1.51322,0.5,1.02548
26.5759,1.45958,0.5,1.02566
26.578,1.46436,0.5,1.02577
26.58,1.51897,0.5,1.02593
26.582,1.48746,0.5,1.02608
26.584,1.50513,0.5,1.02622
26.586,1.49988,0.5,1.02632
26.588,1.50559,0.5,1.02634
26.5899,1.50807,0.5,1.02647
26.5924,1.47371,0.5,1.02664
26.5944,1.49062,0.5,1.02673
26.5964,1.52249,0.5,1.02687
26.5984,1.49982,0.5,1.02696
26.6004,1.50313,0.5,1.0271
26.6024,1.49406,0.5,1.02703
26.6044,1.47553,0.5,1.02729
26.6064,1.513,0.5,1.0274
26.6084,1.48274,0.5,1.02748
26.6104,1.51047,0.5,1.02751
26.6124,1.47877,0.5,1.02765
26.6144,1.51703,0.5,1.02771
26.6164,1.49283,0.5,1.0278
26.6184,1.49335,0.5,1.02789
26.6204,1.51143,0.5,1.02793
26.6224,1.47392,0.5,1.02812
26.6244,1.53646,0.5,1.02816
26.6264,1.50205,0.5,1.02835
26.629,1.49213,0.5,1.02831
26.6308,1.47958,0.5,1.02847
26.633,1.50008,0.5,1.02859
26.635,1.48166,0.5,1.02861
26.637,1.48236,0.5,1.0286
26.6388,1.50581,0.5,1.02882
26.641,1.48495,0.5,1.02877
26.643,1.52827,0.5,1.02897
26.645,1.49446,0.5,1.02903
26.6468,1.4762,0.5,1.0291
26.649,1.49449,0.5,1.02905
26.651,1.495,0.5,1.02927
26.653,1.51102,0.5,1.02929
26.6548,1.50536,0.5,1.02938
26.657,1.47126,0.5,1.02954
26.659,1.51675,0.5,1.0296
26.661,1.49748,0.5,1.02972
26.6629,1.48014,0.5,1.02982
26.666,1.50079,0.5,1.02996
26.668,1.51122,0.5,1.03002
26.67,1.47776,0.5,1.03003
26.6714,1.51119,0.5,1.03021
26.6734,1.52741,0.5,1.03032
26.6754,1.50587,0.5,1.03042
26.6774,1.48567,0.5,1.03041
26.6794,1.5018,0.5,1.03063
26.6814,1.48965,0.5,1.03061
26.6834,1.49829,0.5,1.03076
26.6854,1.50165,0.5,1.03088
26.6874,1.48276,0.5,1.03108
26.69,1.51448,0.5,1.03114
26.692,1.48466,0.5,1.03117
26.694,1.50071,0.5,1.03126
26.696,1.51707,0.5,1.03143
26.698,1.51733,0.5,1.03146
26.7004,1.48919,0.5,1.03167
26.7024,1.50879,0.5,1.03184
26.7044,1.47875,0.5,1.03186
26.7064,1.50686,0.5,1.03202
26.7084,1.50647,0.5,1.03217
26.7104,1.48928,0.5,1.0323
26.7124,1.50777,0.5,1.03245
26.7144,1.48572,0.5,1.03264
26.7164,1.51298,0.5,1.03268
26.7184,1.49843,0.5,1.03291
26.7204,1.49069,0.5,1.03314
26.7224,1.50905,0.5,1.03323
26.7244,1.49873,0.5,1.03348
26.7264,1.50905,0.5,1.03362
26.7284,1.50876,0.5,1.03369
26.7304,1.49117,0.5,1.03392
26.7324,1.51164,0.5,1.03417
26.7344,1.50675,0.5,1.03433
26.737,1.5143,0.5,1.03446
26.739,1.50471,0.5,1.03487
26.741,1.4904,0.5,1.03499
26.7428,1.50736,0.5,1.03521
26.745,1.49516,0.5,1.03536
26.747,1.50953,0.5,1.03566
26.749,1.49824,0.5,1.03588
26.7508,1.50232,0.5,1.03611
26.753,1.50611,0.5,1.03634
26.755,1.49721,0.5,1.03652
26.757,1.504,0.5,1.03682
26.7588,1.49554,0.5,1.03695
26.761,1.50512,0.5,1.03716
26.763,1.50813,0.5,1.0374
26.765,1.49584,0.5,1.03765
26.7668,1.50322,0.5,1.03791
26.769,1.50346,0.5,1.03803
26.7714,1.49678,0.5,1.03835
26.7734,1.50443,0.5,1.03866
26.7754,1.5085,0.5,1.03894
26.7774,1.50093,0.5,1.03916
26.7794,1.49708,0.5,1.03936
26.7814,1.50345,0.5,1.03976
26.7834,1.5087,0.5,1.04004
26.786,1.50614,0.5,1.04041
26.788,1.49554,0.5,1.04069
26.79,1.51017,0.5,1.04092
26.792,1.50873,0.5,1.04135
26.794,1.49791,0.5,1.04157
26.796,1.50199,0.5,1.04192
26.798,1.50445,0.5,1.04222
26.8,1.50061,0.5,1.04256
26.802,1.50684,0.5,1.0429
26.804,1.48728,0.5,1.0432
26.806,1.4973,0.5,1.04351
26.809,1.49342,0.5,1.04386
26.811,1.50187,0.5,1.04444
26.813,1.5391,0.5,1.04481
26.8148,1.49003,0.5,1.04514
26.817,1.50548,0.5,1.04556
26.819,1.51517,0.5,1.04589
26.821,1.48952,0.5,1.04623
26.8228,1.49651,0.5,1.04659
26.825,1.48729,0.5,1.04691
26.827,1.48086,0.5,1.04731
26.829,1.51732,0.5,1.04761
26.8308,1.49809,0.5,1.04803
26.833,1.50914,0.5,1.04824
26.835,1.4962,0.5,1.04872
26.837,1.50214,0.5,1.04896
26.8388,1.52212,0.5,1.04926
26.841,1.47931,0.5,1.04954
26.843,1.49797,0.5,1.04994
26.8454,1.46902,0.5,1.0502
26.8468,1.52502,0.5,1.05067
26.849,1.4939,0.5,1.05086
26.851,1.45936,0.5,1.05123
26.853,1.49505,0.5,1.05155
26.8548,1.48855,0.5,1.0519
26.857,1.47472,0.5,1.05223
26.859,1.53334,0.5,1.05253
26.861,1.4885,0.5,1.05288
26.863,1.49222,0.5,1.05324
26.866,1.50285,0.5,1.05374
26.868,1.48113,0.5,1.05403
26.87,1.50095,0.5,1.05441
26.872,1.53383,0.5,1.05467
26.874,1.47966,0.5,1.05497
26.876,1.52583,0.5,1.05529
26.878,1.48126,0.5,1.05555
26.8804,1.50804,0.5,1.05589
26.8824,1.46608,0.5,1.05628
26.8844,1.52238,0.5,1.05662
26.8864,1.45917,0.5,1.05692
26.8884,1.50074,0.5,1.05723
26.8904,1.5013,0.5,1.05761
26.8924,1.4884,0.5,1.05793
26.8944,1.50494,0.5,1.05825
26.897,1.52004,0.5,1.05861
26.899,1.52962,0.5,1.05908
26.901,1.48539,0.5,1.05935
26.9028,1.50641,0.5,1.05965
26.905,1.4884,0.5,1.05994
26.907,1.48783,0.5,1.06028
26.909,1.52295,0.5,1.06056
26.9109,1.53198,0.5,1.06091
26.913,1.47968,0.5,1.06103
26.915,1.51365,0.5,1.06139
26.9174,1.51201,0.5,1.0617
26.9194,1.50677,0.5,1.06211
26.9214,1.50869,0.5,1.06233
26.9234,1.49066,0.5,1.06265
26.9254,1.52038,0.5,1.06292
26.9274,1.48268,0.5,1.06327
26.93,1.52828,0.5,1.06361
26.932,1.51129,0.5,1.06391
26.934,1.49193,0.5,1.06417
26.936,1.48387,0.5,1.06461
26.938,1.48111,0.5,1.06484
26.94,1.50963,0.5,1.06512
26.942,1.49389,0.5,1.06537
26.944,1.52622,0.5,1.0657
26.946,1.52748,0.5,1.06598
26.948,1.48262,0.5,1.06624
26.95,1.49892,0.5,1.06654
26.952,1.4968,0.5,1.06677
26.954,1.49549,0.5,1.06704
26.956,1.49897,0.5,1.06739
26.958,1.51944,0.5,1.06767
26.96,1.50714,0.5,1.06802
26.962,1.50095,0.5,1.06826
26.964,1.50621,0.5,1.06846
26.966,1.48718,0.5,1.06876
26.968,1.5096,0.5,1.06909
26.97,1.50822,0.5,1.06938
26.972,1.51169,0.5,1.06964
26.974,1.48939,0.5,1.06999
26.976,1.49151,0.5,1.07024
26.978,1.51155,0.5,1.07039
26.98,1.50288,0.5,1.07073
26.982,1.49175,0.5,1.07103
26.984,1.49644,0.5,1.07124
26.986,1.49316,0.5,1.07154
26.988,1.50135,0.5,1.07168
26.99,1.50617,0.5,1.072
26.992,1.49612,0.5,1.07215
26.994,1.50166,0.5,1.07242
26.996,1.50036,0.5,1.07264
26.998,1.49983,0.5,1.07282
27,1.49995,0.5,1.07304
27.002,1.49701,0.5,1.07326
27.004,1.50532,0.5,1.07346
27.006,1.50325,0.5,1.07361
27.008,1.497,0.5,1.07387
27.01,1.50081,0.5,1.07407
27.012,1.50574,0.5,1.07422
27.014,1.49781,0.5,1.07444
27.016,1.50102,0.5,1.0746
27.018,1.49265,0.5,1.07474
27.02,1.49802,0.5,1.07491
27.022,1.49148,0.5,1.07515
27.024,1.49705,0.5,1.07527
27.026,1.50368,0.5,1.07537
27.028,1.49576,0.5,1.07562
27.03,1.50009,0.5,1.07574
27.032,1.49812,0.5,1.07597
27.034,1.49985,0.5,1.07609
27.036,1.49825,0.5,1.07629
27.038,1.5018,0.5,1.07638
27.04,1.50418,0.5,1.07653
27.042,1.49381,0.5,1.07666
27.044,1.50525,0.5,1.07686
27.046,1.49852,0.5,1.07697
27.048,1.50272,0.5,1.07714
27.05,1.50691,0.5,1.07735
27.052,1.48382,0.5,1.0776
27.054,1.50773,0.5,1.07763
27.056,1.49649,0.5,1.07782
27.0584,1.50009,0.5,1.07802
27.0604,1.51593,0.5,1.0782
27.0624,1.49573,0.5,1.07842
27.0644,1.51367,0.5,1.07861
27.0664,1.51041,0.5,1.07873
27.0684,1.50911,0.5,1.07902
27.0704,1.50164,0.5,1.07916
27.073,1.51287,0.5,1.07937
27.075,1.48971,0.5,1.07973
27.077,1.51072,0.5,1.07998
27.0789,1.49496,0.5,1.08018
27.081,1.4994,0.5,1.08038
27.083,1.50301,0.5,1.08081
27.085,1.50285,0.5,1.08094
27.0869,1.50235,0.5,1.08126
27.089,1.47091,0.5,1.08141
27.091,1.51167,0.5,1.08177
27.093,1.49657,0.5,1.08209
27.0954,1.51704,0.5,1.08234
27.0974,1.50398,0.5,1.08265
27.0994,1.48041,0.5,1.08288
27.1014,1.52305,0.5,1.08319
27.1034,1.50207,0.5,1.08349
27.106,1.49928,0.5,1.08378
27.108,1.4826,0.5,1.08411
27.11,1.49456,0.5,1.08445
27.112,1.51496,0.5,1.08462
27.114,1.52422,0.5,1.08496
27.116,1.48925,0.5,1.08518
27.118,1.47598,0.5,1.08542
27.12,1.50876,0.5,1.08568
27.122,1.48715,0.5,1.08611
27.124,1.49002,0.5,1.08633
27.126,1.52335,0.5,1.08661
27.128,1.50388,0.5,1.08696
27.13,1.50486,0.5,1.08719
27.1324,1.4905,0.5,1.08751
27.1344,1.48359,0.5,1.08788
27.137,1.49764,0.5,1.08813
27.139,1.46814,0.5,1.08857
27.141,1.50649,0.5,1.08897
27.1429,1.50652,0.5,1.08919
27.145,1.44906,0.5,1.08942
27.147,1.50333,0.5,1.0898
27.149,1.49511,0.5,1.0901
27.1509,1.48739,0.5,1.09029
27.153,1.51327,0.5,1.09059
27.155,1.51555,0.5,1.09088
27.157,1.47887,0.5,1.09117
27.1589,1.53055,0.5,1.09152
27.161,1.51303,0.5,1.09172
27.163,1.49291,0.5,1.09209
27.165,1.52813,0.5,1.09241
27.167,1.50281,0.5,1.09277
27.17,1.50482,0.5,1.09311
27.172,1.47872,0.5,1.09347
27.174,1.50709,0.5,1.09384
27.176,1.53299,0.5,1.09405
27.178,1.47576,0.5,1.09439
27.18,1.46388,0.5,1.09461
27.182,1.52809,0.5,1.09494
27.184,1.49888,0.5,1.09519
27.186,1.47107,0.5,1.09542
27.188,1.50946,0.5,1.09574
27.19,1.49244,0.5,1.0959
27.192,1.47635,0.5,1.09616
27.194,1.5345,0.5,1.09638
27.196,1.48483,0.5,1.09654
27.198,1.48057,0.5,1.09681
27.2,1.53626,0.5,1.09702
27.202,1.49831,0.5,1.09721
27.2045,1.52226,0.5,1.09744
27.2065,1.47769,0.5,1.09769
27.208,1.46842,0.5,1.09789
27.21,1.51723,0.5,1.09806
27.212,1.49888,0.5,1.09822
27.214,1.47519,0.5,1.09848
27.216,1.47932,0.5,1.09877
27.218,1.49881,0.5,1.09879
27.22,1.49384,0.5,1.09908
27.222,1.50285,0.5,1.09923
27.224,1.48494,0.5,1.0996
27.226,1.5069,0.5,1.09968
27.228,1.50669,0.5,1.09991
27.23,1.47578,0.5,1.10013
27.232,1.48765,0.5,1.10023
27.234,1.50061,0.5,1.10055
27.236,1.50917,0.5,1.10066
27.238,1.50554,0.5,1.10087
27.24,1.51686,0.5,1.101
27.242,1.51462,0.5,1.10123
27.244,1.49553,0.5,1.10136
27.246,1.48158,0.5,1.10156
27.248,1.51468,0.5,1.10165
27.25,1.48175,0.5,1.10185
27.252,1.51404,0.5,1.10202
27.254,1.50178,0.5,1.10216
27.256,1.48233,0.5,1.1023
27.258,1.51016,0.5,1.1024
27.26,1.47999,0.5,1.10247
27.262,1.50372,0.5,1.1027
27.264,1.50434,0.5,1.10282
27.266,1.4848,0.5,1.10288
27.268,1.50089,0.5,1.10303
27.27,1.48307,0.5,1.10323
27.2721,1.49069,0.5,1.10327
27.2745,1.50263,0.5,1.10342
27.276,1.51909,0.5,1.1036
27.2781,1.50734,0.5,1.10367
27.2801,1.48678,0.5,1.10376
27.282,1.51435,0.5,1.10397
27.2841,1.50339,0.5,1.10406
27.286,1.48484,0.5,1.10416
27.2881,1.51486,0.5,1.10425
27.2901,1.4858,0.5,1.10439
27.2921,1.50289,0.5,1.1045
27.2941,1.50689,0.5,1.10457
27.2961,1.50764,0.5,1.10472
27.2981,1.50868,0.5,1.10478
27.3001,1.49796,0.5,1.10501
27.3021,1.48944,0.5,1.10503
27.3041,1.50687,0.5,1.10513
27.3061,1.49524,0.5,1.10533
27.3081,1.50871,0.5,1.10543
27.3101,1.49235,0.5,1.10549
27.3121,1.49601,0.5,1.10563
27.3141,1.51132,0.5,1.10574
27.3161,1.50197,0.5,1.10584
27.3181,1.49042,0.5,1.10593
27.3201,1.50977,0.5,1.1061
27.3221,1.48345,0.5,1.10621
27.3241,1.50474,0.5,1.10629
27.3261,1.50597,0.5,1.10629
27.3281,1.49839,0.5,1.10638
27.3301,1.51437,0.5,1.10646
27.3321,1.50483,0.5,1.10652
27.3341,1.48903,0.5,1.10669
27.3361,1.5,0.5,1.10677
27.3381,1.50564,0.5,1.10683
27.3401,1.48856,0.5,1.1069
27.3421,1.50313,0.5,1.10689
27.3441,1.50589,0.5,1.10707
27.3465,1.49932,0.5,1.10703
27.3485,1.48818,0.5,1.10708
27.3505,1.50567,0.5,1.10716
27.3525,1.49731,0.5,1.10715
27.3545,1.49172,0.5,1.10723
27.3565,1.5026,0.5,1.10724
27.3585,1.49119,0.5,1.1072
27.3605,1.50378,0.5,1.1072
27.3625,1.50315,0.5,1.10736
27.3645,1.50314,0.5,1.10733
27.3665,1.50713,0.5,1.10726
27.3685,1.48976,0.5,1.10739
27.3705,1.50878,0.5,1.10727
27.3725,1.50155,0.5,1.10733
27.3745,1.50202,0.5,1.10736
27.3765,1.50245,0.5,1.10738
27.3785,1.49568,0.5,1.10731
27.3805,1.5029,0.5,1.10735
27.3825,1.50252,0.5,1.10727
27.3845,1.49565,0.5,1.10736
27.3865,1.51066,0.5,1.10732
27.3885,1.49743,0.5,1.10731
27.3905,1.49737,0.5,1.10727
27.3925,1.49956,0.5,1.10726
27.3945,1.49276,0.5,1.10723
27.3965,1.50644,0.5,1.10715
27.3985,1.5068,0.5,1.10721
27.4005,1.50987,0.5,1.10718
27.4025,1.5103,0.5,1.10716
27.4045,1.50052,0.5,1.10716
27.4065,1.49307,0.5,1.1071
27.4085,1.50642,0.5,1.10711
27.4105,1.49316,0.5,1.1071
27.4125,1.50512,0.5,1.10708
27.4149,1.5018,0.5,1.10708
27.4171,1.50321,0.5,1.10698
27.4191,1.49171,0.5,1.10707
27.4211,1.50741,0.5,1.10696
27.4229,1.50129,0.5,1.10693
27.4251,1.50293,0.5,1.10685
27.4271,1.51408,0.5,1.10685
27.4291,1.49656,0.5,1.10686
27.4309,1.50934,0.5,1.10691
27.4331,1.50184,0.5,1.10681
27.4351,1.50842,0.5,1.10681
27.4371,1.50011,0.5,1.10677
27.4389,1.4867,0.5,1.10672
27.4411,1.50838,0.5,1.10665
27.4431,1.49446,0.5,1.10664
27.4451,1.50407,0.5,1.10662
27.4469,1.50028,0.5,1.10656
27.4491,1.49073,0.5,1.10654
27.4515,1.50821,0.5,1.10657
27.4535,1.48148,0.5,1.10646
27.4555,1.51707,0.5,1.10645
27.4581,1.50427,0.5,1.10639
27.4601,1.50307,0.5,1.10642
27.4621,1.48899,0.5,1.10636
27.4641,1.50078,0.5,1.10636
27.4661,1.50158,0.5,1.1063
27.4681,1.49112,0.5,1.10623
27.4701,1.50125,0.5,1.10625
27.4721,1.50411,0.5,1.10614
27.4741,1.49194,0.5,1.10616
27.4761,1.50205,0.5,1.10612
27.4781,1.49628,0.5,1.10603
27.4801,1.48138,0.5,1.10596
27.4821,1.50844,0.5,1.10598
27.4841,1.49627,0.5,1.10587
27.4865,1.48708,0.5,1.10588
27.4885,1.51026,0.5,1.10582
27.4905,1.5058,0.5,1.10563
27.4925,1.50133,0.5,1.10561
27.4945,1.50347,0.5,1.10557
27.4965,1.50595,0.5,1.10543
27.4985,1.48719,0.5,1.1053
27.5005,1.50666,0.5,1.10522
27.5025,1.5072,0.5,1.10514
27.5045,1.47673,0.5,1.10513
27.5065,1.50471,0.5,1.10504
27.5085,1.50259,0.5,1.1049
27.5105,1.4848,0.5,1.10483
27.5125,1.50716,0.5,1.10474
27.5145,1.49613,0.5,1.10462
27.5165,1.50932,0.5,1.10447
27.5185,1.50609,0.5,1.10445
27.5211,1.49989,0.5,1.10428
27.5231,1.5045,0.5,1.10411
27.5251,1.51146,0.5,1.10401
27.5269,1.49442,0.5,1.10389
27.5291,1.49497,0.5,1.10371
27.5311,1.50677,0.5,1.10369
27.5331,1.49174,0.5,1.10352
27.5349,1.46894,0.5,1.10332
27.5371,1.51277,0.5,1.10326
27.5391,1.51104,0.5,1.10314
27.5411,1.49161,0.5,1.10291
27.5429,1.49378,0.5,1.10282
27.5451,1.50802,0.5,1.10266
27.5471,1.4965,0.5,1.10255
27.5491,1.48391,0.5,1.10242
27.5509,1.5076,0.5,1.10223
27.5531,1.49954,0.5,1.10207
27.5555,1.49558,0.5,1.10197
27.5575,1.4953,0.5,1.10182
27.5595,1.50161,0.5,1.10175
27.5615,1.4748,0.5,1.10158
27.5635,1.51225,0.5,1.10136
27.5655,1.4854,0.5,1.10117
27.5675,1.47596,0.5,1.10108
27.5701,1.50884,0.5,1.10088
27.5721,1.51852,0.5,1.10073
27.5741,1.48754,0.5,1.10066
27.5761,1.49371,0.5,1.10049
27.5781,1.5124,0.5,1.10031
27.5801,1.46667,0.5,1.10024
27.5821,1.50751,0.5,1.10011
27.5841,1.50051,0.5,1.09987
27.5861,1.51618,0.5,1.09975
27.5881,1.50914,0.5,1.09954
27.5905,1.50469,0.5,1.09945
27.5925,1.46874,0.5,1.09924
27.5945,1.51343,0.5,1.09898
27.5965,1.49987,0.5,1.09886
27.5985,1.47535,0.5,1.09866
27.6011,1.51543,0.5,1.09847
27.6031,1.50509,0.5,1.09829
27.6051,1.50801,0.5,1.098
27.6069,1.50165,0.5,1.09782
27.6091,1.47425,0.5,1.09761
27.6111,1.51219,0.5,1.0974
27.6131,1.49801,0.5,1.09717
27.6149,1.51421,0.5,1.09693
27.6171,1.49893,0.5,1.09664
27.6191,1.46999,0.5,1.09659
27.6211,1.53453,0.5,1.09621
27.6229,1.50935,0.5,1.09606
27.6255,1.48643,0.5,1.09582
27.6271,1.493,0.5,1.09557
27.6291,1.49603,0.5,1.09529
27.6309,1.47881,0.5,1.09512
27.6331,1.50332,0.5,1.09486
27.6351,1.49239,0.5,1.09474
27.6371,1.46754,0.5,1.09441
27.6389,1.53798,0.5,1.09417
27.6411,1.51049,0.5,1.09392
27.6431,1.49374,0.5,1.09366
27.6451,1.51308,0.5,1.09341
27.6469,1.49012,0.5,1.09325
27.6491,1.48876,0.5,1.09291
27.6511,1.47351,0.5,1.09268
27.6531,1.53134,0.5,1.09237
27.6549,1.49487,0.5,1.09218
27.6571,1.46361,0.5,1.0919
27.6595,1.50082,0.5,1.09155
27.6611,1.52439,0.5,1.09113
27.6629,1.47436,0.5,1.09095
27.6651,1.50835,0.5,1.09059
27.6671,1.48781,0.5,1.09032
27.6691,1.47178,0.5,1.08999
27.6709,1.42569,0.5,1.08978
27.6731,1.49821,0.5,1.08942
27.6751,1.49505,0.5,1.08923
27.6771,1.48919,0.5,1.0889
27.6789,1.48522,0.5,1.08855
27.6811,1.50549,0.5,1.0883
27.6831,1.53227,0.5,1.08797
27.6851,1.48606,0.5,1.08761
27.6869,1.48982,0.5,1.08732
27.6891,1.54297,0.5,1.08702
27.6911,1.52883,0.5,1.08657
27.6935,1.47141,0.5,1.08633
27.6955,1.48855,0.5,1.08591
27.6981,1.50226,0.5,1.08548
27.7001,1.50277,0.5,1.08508
27.7021,1.5113,0.5,1.08467
27.7041,1.50389,0.5,1.08434
27.7061,1.51809,0.5,1.08396
27.7081,1.49758,0.5,1.08377
27.7101,1.50132,0.5,1.08336
27.7121,1.49761,0.5,1.08308
27.7141,1.48032,0.5,1.08274
27.7161,1.48112,0.5,1.08241
27.7181,1.50613,0.5,1.08201
27.7201,1.50288,0.5,1.08157
27.7221,1.50963,0.5,1.08125
27.7241,1.47963,0.5,1.08083
27.7261,1.49814,0.5,1.0806
27.7285,1.49594,0.5,1.08016
27.7305,1.48518,0.5,1.07956
27.7325,1.49198,0.5,1.07918
27.7341,1.4966,0.5,1.07882
27.7361,1.50772,0.5,1.07838
27.7381,1.50775,0.5,1.07806
27.7401,1.49813,0.5,1.07769
27.7421,1.49913,0.5,1.07711
27.7441,1.49609,0.5,1.07682
27.7461,1.4937,0.5,1.07643
27.7481,1.49097,0.5,1.07592
27.7501,1.50056,0.5,1.07556
27.7521,1.51321,0.5,1.07508
27.7541,1.50256,0.5,1.07469
27.7561,1.49577,0.5,1.07421
27.7581,1.50323,0.5,1.0738
27.7601,1.50422,0.5,1.0733
27.7625,1.497,0.5,1.07293
27.7641,1.51073,0.5,1.07242
27.7661,1.4971,0.5,1.07201
27.7681,1.51078,0.5,1.07165
27.7701,1.50332,0.5,1.07137
27.7721,1.50232,0.5,1.07105
27.7741,1.49456,0.5,1.07057
27.7761,1.49593,0.5,1.07018
27.7781,1.50632,0.5,1.06982
27.7801,1.48535,0.5,1.06933
27.7821,1.49519,0.5,1.06902
27.7841,1.47957,0.5,1.06855
27.7861,1.49462,0.5,1.06822
27.7881,1.49924,0.5,1.06781
27.7901,1.49398,0.5,1.06742
27.7921,1.48821,0.5,1.06688
27.7941,1.51499,0.5,1.06655
27.7965,1.4996,0.5,1.06609
27.7985,1.50446,0.5,1.06566
27.8005,1.52158,0.5,1.06517
27.8021,1.4808,0.5,1.0648
27.8041,1.47177,0.5,1.06442
27.8061,1.49865,0.5,1.06419
27.8081,1.48883,0.5,1.06369
27.8101,1.49359,0.5,1.06323
27.8121,1.5174,0.5,1.06288
27.8141,1.48604,0.5,1.06249
27.8161,1.52775,0.5,1.06213
27.8181,1.5173,0.5,1.06177
27.8201,1.49019,0.5,1.06117
27.8221,1.50002,0.5,1.06088
27.8241,1.46213,0.5,1.06054
27.8261,1.51011,0.5,1.06015
27.8281,1.49331,0.5,1.05986
27.8301,1.49728,0.5,1.05951
27.8321,1.52504,0.5,1.05912
27.8341,1.49768,0.5,1.0588
27.8361,1.47138,0.5,1.05844
27.8381,1.53196,0.5,1.05798
27.8401,1.49906,0.5,1.05775
27.8421,1.49414,0.5,1.0573
27.8441,1.53419,0.5,1.05696
27.8461,1.49824,0.5,1.05662
27.8481,1.53231,0.5,1.0562
27.8501,1.51764,0.5,1.05586
27.8521,1.48786,0.5,1.0555
27.8541,1.49827,0.5,1.0551
27.8561,1.47337,0.5,1.05466
27.8581,1.4985,0.5,1.05416
27.8601,1.49811,0.5,1.05382
27.8621,1.51854,0.5,1.05346
27.8641,1.47761,0.5,1.05308
27.8661,1.50221,0.5,1.05262
27.8681,1.51764,0.5,1.05226
27.8701,1.46925,0.5,1.05185
27.8731,1.51998,0.5,1.05144
27.8751,1.50036,0.5,1.05085
27.8771,1.50585,0.5,1.05044
27.879,1.49072,0.5,1.04997
27.8811,1.50311,0.5,1.04974
27.8831,1.5221,0.5,1.04919
27.8851,1.48282,0.5,1.04879
27.887,1.49299,0.5,1.04842
27.8891,1.51807,0.5,1.04805
27.8911,1.48811,0.5,1.04769
27.8931,1.50192,0.5,1.04724
27.895,1.50744,0.5,1.04687
27.8971,1.54592,0.5,1.04665
27.8991,1.48575,0.5,1.04608
27.9011,1.51346,0.5,1.0457
27.903,1.51624,0.5,1.04538
27.9051,1.50595,0.5,1.04501
27.9071,1.48515,0.5,1.0446
27.9091,1.49764,0.5,1.04419
27.911,1.50489,0.5,1.04371
27.9131,1.50522,0.5,1.04342
27.9151,1.49747,0.5,1.04289
27.9171,1.4941,0.5,1.04252
27.919,1.49354,0.5,1.04208
27.9211,1.50554,0.5,1.04176
27.9231,1.50257,0.5,1.04126
27.9251,1.50122,0.5,1.04086
27.927,1.49484,0.5,1.04036
27.9291,1.50289,0.5,1.04006
27.9311,1.50138,0.5,1.03967
27.9331,1.50309,0.5,1.03918
27.9351,1.4974,0.5,1.03861
27.9371,1.49913,0.5,1.03834
27.9392,1.49717,0.5,1.03785
27.9412,1.5068,0.5,1.03735
27.943,1.50878,0.5,1.03695
27.9452,1.49411,0.5,1.03658
27.9472,1.4944,0.5,1.03618
27.9492,1.50589,0.5,1.03578
27.951,1.50199,0.5,1.0353
27.9532,1.48791,0.5,1.035
27.9552,1.50977,0.5,1.03451
27.9572,1.49992,0.5,1.03414
27.959,1.48424,0.5,1.03378
27.9612,1.51365,0.5,1.03334
27.9632,1.49823,0.5,1.03288
27.9652,1.48623,0.5,1.03248
27.967,1.50546,0.5,1.03203
27.9696,1.50768,0.5,1.03172
27.9716,1.51431,0.5,1.03108
27.9731,1.51457,0.5,1.03065
27.975,1.49654,0.5,1.03031
27.9772,1.4875,0.5,1.02992
27.9792,1.51842,0.5,1.02944
27.9812,1.49755,0.5,1.02895
27.983,1.47965,0.5,1.0285
27.9852,1.48813,0.5,1.02817
27.9872,1.49873,0.5,1.02768
27.9892,1.47708,0.5,1.02713
27.991,1.51594,0.5,1.02661
27.9932,1.49583,0.5,1.02613
27.9952,1.47623,0.5,1.02558
27.9972,1.50513,0.5,1.02505
27.999,1.49119,0.5,1.02469
28.0012,1.47624,0.5,1.02424
28.0036,1.51477,0.5,1.02375
28.0052,1.466,0.5,1.02318
28.007,1.48168,0.5,1.0228
28.0092,1.51226,0.5,1.02244
28.0112,1.49177,0.5,1.02178
28.0132,1.48498,0.5,1.0211
28.015,1.50668,0.5,1.02066
28.0172,1.49673,0.5,1.02011
28.0192,1.48386,0.5,1.01946
28.0212,1.52315,0.5,1.01878
28.023,1.52532,0.5,1.01828
28.0252,1.48152,0.5,1.0178
28.0272,1.52408,0.5,1.01722
28.0292,1.52751,0.5,1.0166
28.031,1.47477,0.5,1.01597
28.0332,1.52627,0.5,1.01541
28.0352,1.49602,0.5,1.01468
28.0372,1.51023,0.5,1.01404
28.039,1.50756,0.5,1.0134
28.0412,1.51696,0.5,1.01278
28.0432,1.50765,0.5,1.01205
28.0452,1.51158,0.5,1.01154
28.047,1.50628,0.5,1.01092
28.0492,1.50395,0.5,1.0105
28.0512,1.48327,0.5,1.00964
28.0532,1.48933,0.5,1.00914
28.055,1.49779,0.5,1.00843
28.0572,1.49347,0.477,1.00795
28.0592,1.47503,0.4251,1.00709
28.0612,1.38455,0.38766,1.00646
28.063,1.27474,0.35496,1.00592
28.0652,1.1819,0.33306,1.00555
28.0672,1.08751,0.31602,1.00527
28.0692,1.01504,0.30606,1.0051
28.0712,0.953663,0.30834,1.00514
28.0736,0.932687,0.30822,1.00514
28.0756,0.922753,0.30066,1.00501
28.0776,0.90731,0.29238,1.00487
28.0796,0.888087,0.28326,1.00472
28.0822,0.874841,0.26208,1.00437
28.0842,0.834216,0.25074,1.00418
28.0862,0.799669,0.2346,1.00391
28.0882,0.759958,0.23196,1.00387
28.0902,0.731422,0.2313,1.00386
28.0922,0.709166,0.23106,1.00385
28.0942,0.700232,0.2421,1.00404
28.0972,0.709319,0.2478,1.00413
28.0992,0.729561,0.24798,1.00413
28.1012,0.74432,0.24372,1.00406
28.103,0.736205,0.24114,1.00402
28.1052,0.744085,0.23886,1.00398
28.1072,0.732845,0.22848,1.00381
28.1092,0.715507,0.23196,1.00387
28.111,0.701226,0.23028,1.00384
28.1132,0.705768,0.23874,1.00398
28.1152,0.710532,0.2361,1.00394
28.1172,0.71914,0.24666,1.00411
28.119,0.72695,0.24504,1.00408
28.1212,0.733539,0.24576,1.0041
28.1232,0.740317,0.24138,1.00402
28.1252,0.737091,0.23592,1.00393
28.127,0.724774,0.2379,1.00396
28.1292,0.725755,0.2364,1.00394
28.1312,0.72431,0.23724,1.00395
28.1332,0.708027,0.23808,1.00397
28.135,0.713934,0.24138,1.00402
28.1372,0.721314,0.23844,1.00397
28.1392,0.716947,0.24006,1.004
28.1412,0.720472,0.2355,1.00393
28.1436,0.716792,0.2322,1.00387
28.1462,0.702555,0.2343,1.00391
28.1482,0.708226,0.22932,1.00382
28.1502,0.701792,0.23472,1.00391
28.1522,0.697252,0.2262,1.00377
28.1542,0.692558,0.22962,1.00383
28.1562,0.692356,0.22404,1.00373
28.1582,0.6812,0.2277,1.0038
28.1602,0.678494,0.22482,1.00375
28.1622,0.683645,0.21882,1.00365
28.1642,0.672231,0.22044,1.00367
28.1662,0.669657,0.22296,1.00372
28.1682,0.666453,0.2136,1.00356
28.1702,0.660153,0.21558,1.00359
28.1722,0.653957,0.2154,1.00359
28.1742,0.651086,0.21324,1.00355
28.1762,0.64067,0.20946,1.00349
28.1786,0.63969,0.20382,1.0034
28.1806,0.627326,0.2052,1.00342
28.1826,0.619411,0.20622,1.00344
28.1846,0.62392,0.20436,1.00341
28.1866,0.621131,0.2034,1.00339
28.1886,0.619272,0.20316,1.00339
28.1906,0.611828,0.19242,1.00321
28.1926,0.590031,0.19806,1.0033
28.1946,0.603208,0.19308,1.00322
28.1966,0.59322,0.1914,1.00319
28.1986,0.579431,0.19446,1.00324
28.2006,0.584008,0.18504,1.00308
28.2026,0.571997,0.18912,1.00315
28.2046,0.567014,0.1869,1.00312
28.2066,0.57018,0.18708,1.00312
28.2086,0.576267,0.18462,1.00308
28.2106,0.567193,0.18522,1.00309
28.2132,0.560931,0.17856,1.00298
28.215,0.544071,0.17628,1.00294
28.2172,0.536729,0.17814,1.00297
28.2192,0.537401,0.17628,1.00294
28.2212,0.535976,0.17454,1.00291
28.223,0.527454,0.17208,1.00287
28.2252,0.524823,0.17334,1.00289
28.2272,0.523979,0.17664,1.00294
28.2292,0.527582,0.17838,1.00297
28.231,0.532473,0.1722,1.00287
28.2332,0.529789,0.17178,1.00286
28.2352,0.519994,0.16728,1.00279
28.2372,0.51646,0.16866,1.00281
28.239,0.508685,0.1677,1.0028
28.2412,0.512759,0.16776,1.0028
28.2432,0.511309,0.16524,1.00275
28.2452,0.501378,0.168,1.0028
28.2471,0.500045,0.16824,1.0028
28.2492,0.506732,0.1686,1.00281
28.2512,0.507523,0.16524,1.00275
28.2532,0.50164,0.16452,1.00274
28.255,0.501759,0.16344,1.00272
28.2572,0.492468,0.15846,1.00264
28.2592,0.492062,0.16038,1.00267
28.2612,0.484327,0.15666,1.00261
28.263,0.478985,0.1521,1.00253
28.2652,0.465669,0.16158,1.00269
28.2672,0.473219,0.1521,1.00253
28.2692,0.470948,0.14982,1.0025
28.271,0.457308,0.14928,1.00249
28.2732,0.446767,0.1488,1.00248
28.2752,0.458259,0.15156,1.00253
28.2772,0.448282,0.14898,1.00248
28.279,0.449315,0.1431,1.00239
28.2812,0.447974,0.144,1.0024
28.2836,0.435669,0.13968,1.00233
28.2856,0.430649,0.13794,1.0023
28.2876,0.419011,0.13836,1.00231
28.2902,0.417558,0.13698,1.00228
28.2922,0.411075,0.13998,1.00233
28.2942,0.42408,0.1374,1.00229
28.2962,0.413799,0.13014,1.00217
28.2982,0.395384,0.12636,1.00211
28.3002,0.391134,0.12768,1.00213
28.3022,0.384081,0.1257,1.0021
28.3042,0.390787,0.11904,1.00198
28.3062,0.371635,0.12954,1.00216
28.3082,0.375094,0.11952,1.00199
28.3102,0.37625,0.12156,1.00203
28.3122,0.368491,0.11934,1.00199
28.3142,0.362381,0.11334,1.00189
28.3162,0.349253,0.1113,1.00186
28.3186,0.340545,0.11058,1.00184
28.3206,0.338656,0.10074,1.00168
28.3226,0.330795,0.09834,1.00164
28.3246,0.306739,0.09996,1.00167
28.3266,0.31602,0.09666,1.00161
28.3286,0.298599,0.10272,1.00171
28.3306,0.300371,0.09732,1.00162
28.3326,0.295565,0.09684,1.00161
28.3346,0.291789,0.0978,1.00163
28.3366,0.295746,0.09444,1.00157
28.3386,0.284959,0.08964,1.00149
28.3406,0.277832,0.08712,1.00145
28.3426,0.278253,0.0798,1.00133
28.3446,0.25541,0.07536,1.00126
28.3466,0.2497,0.06858,1.00114
28.3486,0.224603,0.06558,1.00109
28.3506,0.210273,0.06162,1.00103
28.3532,0.200749,0.05862,1.00098
28.3552,0.182551,0.06126,1.00102
28.3572,0.188997,0.05952,1.00099
28.3591,0.175577,0.06144,1.00102
28.3612,0.172918,0.06816,1.00114
28.3632,0.200851,0.06684,1.00111
28.3652,0.194005,0.06762,1.00113
28.3671,0.198511,0.05238,1.00087
28.3692,0.170153,0.04758,1.00079
28.3712,0.161031,0.03948,1.00066
28.3732,0.142564,0.03594,1.0006
28.3751,0.121995,0.03102,1.00052
28.3772,0.119785,0.0321,1.00054
28.3792,0.093207,0.03384,1.00056
28.3812,0.110394,0.03588,1.0006
28.3831,0.098075,0.04158,1.00069
28.3852,0.11046,0.03876,1.00065
28.3876,0.112456,0.04002,1.00067
28.3896,0.10389,0.0336,1.00056
28.3916,0.110457,0.03138,1.00052
28.3936,0.100964,0.0228,1.00038
28.3956,0.081897,0.01308,1.00022
28.3976,0.076686,0.01134,1.00019
28.3996,0.050901,0.012,1.0002
28.4022,0.045694,0.00948,1.00016
28.4042,0.034517,0.01236,1.00021
28.4062,0.029716,0.01716,1.00029
28.4082,0.039856,0.02484,1.00041
28.4102,0.048646,0.01992,1.00033
28.4122,0.051945,0.01884,1.00031
28.4142,0.065224,0.01458,1.00024
28.4162,0.041332,0.01158,1.00019
28.4182,0.047067,0.00438,1.00007
28.4202,0.021434,0.00438,0.999926
28.4222,0.012467,0.00438,0.999811
28.4242,0.018882,0.00438,0.999823
28.4262,0.00012,0.00438,0.999836
28.4282,0.006817,0.00108,1.00002
28.4302,0.006817,0.00108,0.999994
28.4322,0.006817,0.0045,1.00008
28.4342,0.014278,0.0066,1.00011
28.4362,0.014278,0.01074,1.00018
28.4382,0.01636,0.01008,1.00017
28.4402,0.029288,0.00708,1.00012
28.4422,0.008245,0.00576,1.0001
28.4442,0.012802,0.0036,1.00006
28.4462,0.021247,0.0036,0.999908
28.4482,0.004637,0.0036,0.999839
28.4502,0.016423,0.0036,0.999868
28.4522,0.016423,0.0036,0.999823
28.4542,0.001677,0.0036,0.999808
28.4562,0.001677,0.0036,0.999868
28.4582,0.001677,0.0036,0.999945
28.4602,0.004146,0.0036,0.999941
28.4622,0.004146,0.00216,1.00004
28.4642,0.004146,0.00714,1.00012
28.4662,0.015959,0.00714,0.999942
28.4682,0.015959,0.00264,1.00004
28.4702,0.015959,0.00624,1.0001
28.4722,0.018043,0.00624,0.999991
28.4742,0.018043,0.00138,1.00002
28.4762,0.018043,0.00138,0.999904
28.4782,0.014832,0.00138,0.999969
28.4802,0.001696,0.00138,0.99993
28.4822,0.001696,0.00138,0.999889
28.4842,0.012291,0.00138,0.999921
28.4862,0.012291,0.00138,0.999885
28.4882,0.002798,0.00138,0.999985
28.4902,0.006035,0.00282,1.00005
28.4922,0.009372,0.00282,0.999988
28.4942,0.009372,0.00732,1.00012
28.4962,0.013794,0.00486,1.00008
28.4982,0.004923,0.00204,1.00003
28.5002,0.002443,0.00186,1.00003
28.5022,0.013798,0.00066,1.00001
28.5042,0.002811,0.00048,1.00001
28.5062,0.003445,0.0015,1.00003
28.5082,0.008094,0.0015,0.999941
28.5102,0.000111,0.00234,1.00004
28.5122,0.002773,0.00234,0.999954
28.5142,0.002819,0.003,1.00005
28.5162,0.009246,0.00816,1.00014
28.5182,0.010872,0.00528,1.00009
28.5202,0.015334,0.00144,1.00002
28.5222,0.018307,0.00306,1.00005
28.5242,0.018307,0.0045,1.00008
28.5267,0.012686,0.0045,0.999988
28.5292,0.002821,0.0003,1.00001
28.5312,0.014786,0.0003,0.999954
28.5332,0.014786,0.00204,1.00003
28.5351,0.000112,0.00204,0.999935
28.5372,0.006543,0.00426,1.00007
28.5392,0.017109,0.00426,0.999993
28.5412,0.017109,0.00408,1.00007
28.5431,0.000391,0.00822,1.00014
28.5452,0.018259,0.006,1.0001
28.5472,0.028256,0.00852,1.00014
28.5492,0.016043,0.00348,1.00006
28.5511,0.010358,0.00288,1.00005
28.5532,0.014628,0.00288,0.99997
28.5552,0.003365,0.00288,0.999948
28.5572,0.002007,0.00288,0.999946
28.5591,0.007039,0.00288,0.999907
28.5612,0.012744,0.00288,0.999949
28.5632,0.003522,0.00288,0.999989
28.5652,0.002757,0.00048,1.00001
28.5671,0.015075,0.0015,1.00003
28.5692,0.015075,0.0075,1.00013
28.5712,0.006963,0.00846,1.00014
28.5732,0.027099,0.01206,1.0002
28.5751,0.013814,0.00522,1.00009
28.5772,0.01213,0.00786,1.00013
28.5792,0.018513,0.00414,1.00007
28.5812,0.008036,0.00444,1.00007
28.5831,0.012083,0.00042,1.00001
28.5852,0.009342,0.00042,0.999915
28.5872,0.014909,0.00042,0.999934
28.5892,0.014909,0.00042,0.999844
28.5911,0.014909,0.00042,0.99977
28.5932,0.008075,0.00042,0.999939
28.5952,0.000127,0.00042,0.999907
28.5972,0.000127,0.00042,0.999988
28.5991,0.002837,0.00396,1.00007
28.6012,0.015195,0.00732,1.00012
28.6032,0.015195,0.01122,1.00019
28.6052,0.016337,0.0096,1.00016
28.6071,0.026063,0.01068,1.00018
28.6093,0.039987,0.01164,1.00019
28.6113,0.023899,0.00162,1.00003
28.6133,0.016035,0.00096,1.00002
28.6151,0.00925,0.00096,0.999913
28.6172,0.008841,0.00096,0.999874
28.6192,0.002721,0.00096,0.999823
28.6212,0.0062,0.00096,0.999712
28.6231,0.015444,0.00096,0.999797
28.6252,0.001519,0.00096,0.999799
28.6273,0.001519,0.00096,0.999943
28.6293,0.001519,0.00096,0.999938
28.6312,0.001519,0.0012,1.00002
28.6343,0.001519,0.00876,1.00015
28.6363,0.015654,0.0039,1.00007
28.6383,0.014714,0.01314,1.00022
28.6403,0.013236,0.01602,1.00027
28.6423,0.028667,0.00852,1.00014
28.6443,0.026609,0.00762,1.00013
28.6463,0.037815,0.00084,1.00001
28.6483,0.010055,0.00084,0.999924
28.6503,0.001592,0.00084,0.999813
28.6523,0.008951,0.00084,0.999708
28.6543,0.010716,0.00084,0.999761
28.6563,0.002709,0.00084,0.999725
28.6583,0.002709,0.00084,0.999744
28.6603,5.1e-05,0.00084,0.999843
28.6623,0.006698,0.00084,0.999854
28.6643,0.006698,0.00084,0.999951
28.6667,0.006698,0.00084,0.999961
28.6683,0.006698,0.00474,1.00008
28.6703,0.016237,0.00792,1.00013
28.6723,0.002075,0.00948,1.00016
28.6743,0.007996,0.0102,1.00017
28.6763,0.026551,0.00936,1.00016
28.6783,0.028974,0.00486,1.00008
28.6803,0.010247,0.00246,1.00004
28.6823,0.007331,0.00246,0.999829
28.6843,0.01208,0.00246,0.9999
28.6863,0.007283,0.00246,0.999884
28.6883,0.008064,0.00246,0.999804
28.6903,0.000465,0.00246,0.99977
28.6923,0.009469,0.00246,0.999846
28.6943,0.008014,0.00246,0.999887
28.6963,0.008014,0.00246,0.999939
28.6983,0.008014,0.0009,1.00002
28.7003,0.011726,0.00174,1.00003
28.7027,0.013195,0.00684,1.00011
28.7053,0.018966,0.0075,1.00013
28.7073,0.006672,0.01098,1.00018
28.7093,0.018116,0.0144,1.00024
28.7111,0.027784,0.00864,1.00014
28.7133,0.032236,0.00624,1.0001
28.7153,0.009474,0.00624,0.999943
28.7173,0.011323,0.00624,0.999803
28.7191,0.015902,0.00624,0.999791
28.7213,0.015902,0.00624,0.999655
28.7233,0.002621,0.00624,0.999653
28.7253,0.017925,0.00624,0.999622
28.7271,0.017925,0.00624,0.99978
28.7293,0.017925,0.00624,0.999806
28.7313,0.005494,0.00624,0.99991
28.7333,0.008031,0.00624,0.999983
28.7351,0.008031,0.01038,1.00017
28.7377,0.020377,0.01884,1.00031
28.7397,0.034026,0.02802,1.00047
28.7417,0.053986,0.0336,1.00056
28.7437,0.082617,0.03588,1.0006
28.7453,0.093656,0.03342,1.00056
28.7473,0.086926,0.02946,1.00049
28.7493,0.097067,0.0225,1.00038
28.7511,0.083304,0.00912,1.00015
28.7533,0.058034,0.00768,1.00013
28.7553,0.039371,0.00204,1.00003
28.7573,0.046287,0.00984,1.00016
28.7591,0.037177,0.02646,1.00044
28.7613,0.054185,0.03636,1.00061
28.7633,0.082278,0.05784,1.00096
28.7653,0.124465,0.0687,1.00115
28.7671,0.16477,0.07776,1.0013
28.7693,0.193343,0.0843,1.00141
28.7717,0.203445,0.08214,1.00137
28.7733,0.222078,0.0654,1.00109
28.7751,0.221966,0.05184,1.00086
28.7773,0.191312,0.0321,1.00054
28.7793,0.15248,0.00906,1.00015
28.7813,0.102602,0.00624,1.0001
28.7831,0.082954,0.0144,1.00024
28.7853,0.082029,0.0354,1.00059
28.7873,0.099613,0.06336,1.00106
28.7893,0.139362,0.10416,1.00174
28.7911,0.217989,0.1371,1.00229
28.7933,0.302071,0.16674,1.00278
28.7953,0.378436,0.17886,1.00298
28.7973,0.443317,0.16566,1.00276
28.7991,0.448348,0.13416,1.00224
28.8013,0.417168,0.08904,1.00148
28.8033,0.381871,0.0252,1.00042
28.8053,0.248575,0.0252,0.999899
28.8073,0.135861,0.0252,0.999595
28.8093,0.114719,0.0252,0.999741
28.8113,0.086892,0.0207,1.00035
28.8133,0.065913,0.08952,1.00149
28.8151,0.157464,0.15024,1.0025
28.8173,0.321091,0.20928,1.00349
28.8193,0.444614,0.26058,1.00434
28.8213,0.573018,0.29526,1.00492
28.8231,0.696676,0.27852,1.00464
28.8253,0.748545,0.23286,1.00388
28.8273,0.729747,0.16002,1.00267
28.8293,0.598054,0.07716,1.00129
28.8311,0.445591,0.07716,0.999882
28.8333,0.281891,0.07716,0.999065
28.8353,0.169607,0.07716,0.998904
28.8373,0.114358,0.07716,0.999529
28.8391,0.079357,0.03924,1.00065
28.8417,0.119407,0.12024,1.002
28.8433,0.234435,0.25032,1.00417
28.8453,0.463325,0.33036,1.00551
28.8471,0.698379,0.40794,1.0068
28.8493,0.904296,0.44124,1.00735
28.8513,1.04583,0.40404,1.00673
28.8533,1.10119,0.30996,1.00517
28.8551,1.01631,0.1767,1.00294
28.8573,0.795744,0.02052,1.00034
28.8593,0.515029,0.02052,0.997985
28.8613,0.32963,0.02052,0.996858
28.8631,0.218088,0.02052,0.996896
28.8653,0.142784,0.02052,0.997794
28.8673,0.114866,0.02052,0.999611
28.8693,0.076202,0.09456,1.00158
28.8711,0.168375,0.2505,1.00418
28.8733,0.423697,0.39642,1.00661
28.8753,0.771003,0.5,1.00868
28.8777,1.10802,0.5,1.00982
28.8797,1.21969,0.5,1.00942
28.8823,1.29003,0.4224,1.00704
28.8843,1.27725,0.24336,1.00406
28.8863,1.03387,0.04338,1.00072
28.8883,0.660446,0.04338,0.997459
28.8903,0.445085,0.04338,0.995614
28.8923,0.309797,0.04338,0.995133
28.8943,0.198014,0.04338,0.99616
28.8963,0.142533,0.04338,0.997784
28.8983,0.106767,0.01032,1.00017
28.9003,0.071779,0.19188,1.0032
28.9023,0.292171,0.37212,1.0062
28.9043,0.657529,0.5,1.00907
28.9063,0.991765,0.5,1.01119
28.9083,1.16402,0.5,1.01209
28.9103,1.23585,0.5,1.01142
28.9127,1.29284,0.5,1.00953
28.9147,1.3613,0.36192,1.00603
28.9167,1.27087,0.16068,1.00268
28.9187,0.951544,0.16068,0.999334
28.9207,0.592147,0.16068,0.996485
28.9223,0.377198,0.16068,0.995243
28.9243,0.242073,0.16068,0.995295
28.9263,0.203411,0.16068,0.996468
28.9283,0.156053,0.16068,0.998353
28.9303,0.113354,0.05904,1.00098
28.9323,0.119341,0.24666,1.00411
28.9343,0.390811,0.43776,1.0073
28.9363,0.805884,0.5,1.01007
28.9383,1.10531,0.5,1.012
28.9403,1.19286,0.5,1.01252
28.9423,1.26837,0.5,1.01164
28.9443,1.29279,0.5,1.0095
28.9467,1.35998,0.39204,1.00653
28.9487,1.30582,0.15162,1.00253
28.9507,0.937903,0.15162,0.998791
28.9527,0.531876,0.15162,0.995819
28.9543,0.365662,0.15162,0.994355
28.9563,0.234668,0.15162,0.994291
28.9583,0.20668,0.15162,0.995079
28.9603,0.150156,0.15162,0.996798
28.9623,0.124153,0.15162,0.999055
28.9643,0.075167,0.1161,1.00194
28.9663,0.161595,0.3096,1.00516
28.9683,0.519055,0.49266,1.00821
28.9703,0.948334,0.5,1.01081
28.9723,1.13672,0.5,1.01235
28.9743,1.25393,0.5,1.01231
28.9763,1.25935,0.5,1.01106
28.9783,1.30589,0.5,1.00853
28.9803,1.36542,0.31446,1.00524
28.9827,1.13129,0.08562,1.00143
28.9847,0.781354,0.08562,0.996246
28.9867,0.483817,0.08562,0.993488
28.9883,0.332363,0.08562,0.992185
28.9903,0.241967,0.08562,0.991974
28.9923,0.199516,0.08562,0.992658
28.9943,0.157087,0.08562,0.994297
28.9963,0.102801,0.08562,0.996497
28.9983,0.082146,0.08562,0.999154
29.0003,0.03759,0.12726,1.00212
29.0023,0.194037,0.31962,1.00533
29.0043,0.556836,0.49998,1.00833
29.0063,0.975689,0.5,1.01085
29.0083,1.1479,0.5,1.0122
29.0103,1.24047,0.5,1.01194
29.0123,1.22576,0.5,1.01032
29.0143,1.25408,0.44406,1.0074
29.0173,1.28212,0.19368,1.00323
29.0193,0.935138,0.19368,0.995747
29.0213,0.53333,0.19368,0.990527
29.0231,0.369175,0.19368,0.987063
29.0253,0.224152,0.19368,0.984783
29.0273,0.232351,0.19368,0.983506
29.0293,0.211701,0.19368,0.983429
29.0311,0.187695,0.19368,0.98426
29.0327,0.147686,0.19368,0.985719
29.0343,0.080005,0.19368,0.987164
29.0363,0.075502,0.19368,0.989036
29.0383,0.075104,0.19368,0.991668
29.0403,0.03555,0.19368,0.994326
29.0423,0.03555,0.19368,0.997198
29.0443,0.005276,0.19368,0.99999
29.0463,0.005276,0.16494,1.00275
29.0483,0.2103,0.33486,1.00558
29.0507,0.558879,0.4866,1.00811
29.0527,0.988113,0.5,1.01014
29.0547,1.17716,0.5,1.01052
29.0567,1.19811,0.5,1.00946
29.0587,1.15112,0.40878,1.00681
29.0607,1.10376,0.14796,1.00247
29.0627,0.609551,0.14796,0.996721
29.0647,0.176076,0.14796,0.989763
29.0663,0.020762,0.14796,0.98268
29.0683,0.017756,0.14796,0.976446
29.0703,0.005177,0.14796,0.96884
29.0723,0.072666,0.14796,0.961439
29.0743,0.03977,0.14796,0.954241
29.0763,0.03721,0.14796,0.946948
29.0783,0.020871,0.14796,0.939802
29.0803,0.020871,0.14796,0.932723
29.0823,0.04554,0.14796,0.925742
29.0843,0.016209,0.14796,0.918648
29.0867,0.016209,0.14796,0.911785
29.0883,0.001338,0.14796,0.903586
29.0903,0.001338,0.14796,0.89824
29.0923,0.010536,0.14796,0.891449
29.0943,0.002174,0.14796,0.884819
29.0963,0.042201,0.14796,0.87841
29.0983,0.042201,0.14796,0.871657
29.1003,0.017616,0.14796,0.865382
29.1023,0.017616,0.14796,0.858918
29.1043,0.001362,0.14796,0.85247
29.1063,0.053915,0.14796,0.846165
29.1083,0.053915,0.14796,0.839867
29.1103,0.011917,0.14796,0.833741
29.1123,0.014789,0.14796,0.827473
29.1143,0.0015,0.14796,0.821319
29.1163,0.026079,0.14796,0.81531
29.1187,0.041602,0.14796,0.809239
29.1203,0.038718,0.14796,0.802145
29.1223,0.019068,0.14796,0.797325
29.1243,0.010074,0.14796,0.791572
29.1263,0.005652,0.14796,0.78572
29.1283,0.005652,0.14796,0.779938
29.1303,0.000885,0.14796,0.77432
29.1323,0.021717,0.14796,0.768718
29.1343,0.010501,0.14796,0.763125
29.1363,0.0212,0.14796,0.757648
29.1383,0.0212,0.14796,0.752128
29.1403,0.0212,0.14796,0.746727
29.1423,0.012891,0.14796,0.741319
29.1443,4.4e-05,0.14796,0.736087
29.1463,0.001537,0.14796,0.730762
29.1483,0.024087,0.14796,0.725655
29.1503,0.011439,0.14796,0.720598
29.1527,0.011439,0.14796,0.715463
29.1543,0.011439,0.14796,0.709432
29.1563,0.011439,0.14796,0.705441
29.1583,0.0605,0.14796,0.700529
29.1603,0.002483,0.14796,0.695639
29.1623,0.008794,0.14796,0.690808
29.1643,0.013704,0.14796,0.686128
29.1663,0.013704,0.14796,0.681452
29.1683,0.005325,0.14796,0.676793
29.1703,0.005325,0.14796,0.67216
29.1723,0.018077,0.14796,0.667606
29.1743,0.011621,0.14796,0.663175
29.1763,0.021668,0.14796,0.658892
29.1783,0.012253,0.14796,0.654384
29.1803,0.012253,0.14796,0.65005
29.1823,0.002976,0.14796,0.645802
29.1843,0.008795,0.14796,0.641601
29.1867,0.027251,0.14796,0.637427
29.1883,0.027251,0.14796,0.632488
29.1903,0.027251,0.14796,0.629227
29.1923,0.03876,0.14796,0.62523
29.1943,0.001243,0.14796,0.62128
29.1963,0.013955,0.14796,0.617513
29.1983,0.01376,0.14796,0.613554
29.2003,0.01376,0.14796,0.609791
29.2023,0.013923,0.14796,0.605955
29.2043,0.032086,0.14796,0.602231
29.2063,0.032086,0.14796,0.598624
29.2083,0.041396,0.14796,0.594985
29.2103,0.028254,0.14796,0.591438
29.2123,0.005115,0.14796,0.587815
29.2143,0.005115,0.14796,0.58429
29.2163,0.004427,0.14796,0.580935
29.2183,0.006553,0.14796,0.577472
29.2208,0.006553,0.14796,0.574167
29.2223,0.017468,0.14796,0.570225
29.2243,0.016518,0.14796,0.567547
29.2263,0.032332,0.14796,0.564439
29.2283,0.013955,0.14796,0.561257
29.2303,0.012138,0.14796,0.558182
29.2323,0.011857,0.14796,0.555098
29.2343,0.023033,0.14796,0.552153
29.2363,0.023033,0.14796,0.549212
29.2383,0.010026,0.14796,0.546389
29.2403,0.010026,0.14796,0.543359
29.2423,0.00975,0.14796,0.540483
29.2443,0.002979,0.14796,0.537704
29.2463,0.002204,0.14796,0.534917
29.2483,0.007615,0.14796,0.532223
29.2503,0.004123,0.14796,0.529547
29.2523,0.004123,0.14796,0.526907
29.2548,0.002888,0.14796,0.524431
29.2563,0.009368,0.14796,0.52132
29.2583,0.009368,0.14796,0.519468
29.2603,0.020401,0.14796,0.516955
29.2623,0.020401,0.14796,0.514666
29.2643,0.009827,0.14796,0.51237
29.2663,0.025172,0.14796,0.51013
29.2683,0.00091,0.14796,0.507821
29.2703,0.001446,0.14796,0.505595
29.2723,0.003664,0.14796,0.503334
29.2743,0.009469,0.14796,0.501142
29.2763,0.006395,0.14796,0.49913
29.2783,0.005622,0.14796,0.496996
29.2803,0.008905,0.14796,0.495049
29.2823,0.003633,0.14796,0.493111
29.2843,0.033976,0.14796,0.491192
29.2863,0.009886,0.14796,0.489345
29.2883,0.039422,0.14796,0.487524
29.2903,0.056894,0.14796,0.485812
29.2923,0.019785,0.14796,0.484173
29.2943,0.015584,0.14796,0.482471
29.2963,0.012956,0.14796,0.480966
29.2983,0.013221,0.14796,0.479425
29.3004,0.02482,0.14796,0.47799
29.3023,0.02482,0.14796,0.476552
29.3043,0.01269,0.14796,0.475053
29.3063,0.022358,0.14796,0.473728
29.3084,0.006767,0.14796,0.472344
29.3104,0.009804,0.14796,0.471063
29.3123,0.010549,0.14796,0.469708
29.3143,0.005051,0.14796,0.46848
29.3164,0.005051,0.14796,0.467223
29.3184,0.008374,0.14796,0.465968
29.3203,0.008374,0.14796,0.464714
29.3228,0.015988,0.14796,0.463756
29.3244,0.024186,0.14796,0.462367
29.3264,0.015294,0.14796,0.461526
29.3284,0.023534,0.14796,0.460523
29.3303,0.003338,0.14796,0.459579
29.3324,0.016004,0.14796,0.458622
29.3344,0.005971,0.14796,0.457838
29.3363,0.027408,0.14796,0.457027
29.3384,0.03276,0.14796,0.456375
29.3404,0.035056,0.14796,0.455674
29.3424,0.035056,0.14796,0.455048
29.3444,0.016598,0.14796,0.45446
29.3464,0.030168,0.14796,0.453993
29.3484,0.030168,0.14796,0.453655
29.3504,0.028107,0.14796,0.453291
29.3524,0.007368,0.14796,0.452977
29.3544,0.007368,0.14796,0.452699
29.3568,0.007368,0.14796,0.452464
29.3584,0.014309,0.14796,0.452274
29.3604,0.041018,0.14796,0.452164
29.3624,0.030918,0.14796,0.452186
29.3644,0.006979,0.14796,0.452076
29.3664,0.006979,0.14796,0.452093
29.3684,0.01614,0.14796,0.452104
29.3704,0.006929,0.14796,0.452178
29.3724,0.006929,0.14796,0.452328
29.3744,0.006929,0.14796,0.452401
29.3764,0.006929,0.14796,0.452488
29.3784,0.006929,0.14796,0.452576
29.3804,0.006929,0.14796,0.452618
29.3824,0.006929,0.14796,0.452728
29.3844,0.006929,0.14796,0.452795
29.3864,0.024296,0.14796,0.452883
29.3884,0.012044,0.14796,0.452782
29.3904,0.012044,0.14796,0.452927
29.3924,0.012044,0.14796,0.452921
29.3944,0.012044,0.14796,0.452851
29.3964,0.012044,0.14796,0.452932
29.3984,0.012044,0.14796,0.4529
29.4004,0.012044,0.14796,0.452805
29.4024,0.012044,0.14796,0.452862
29.4044,0.040194,0.14796,0.452804
29.4064,0.02126,0.14796,0.452783
29.4084,0.02126,0.14796,0.452791
29.4104,0.016291,0.14796,0.452807
29.4124,0.011641,0.14796,0.452846
29.4144,0.011641,0.14796,0.45279
29.4164,0.011641,0.14796,0.452884
29.4184,0.009491,0.14796,0.452875
29.4204,0.026224,0.14796,0.452779
29.4224,0.026224,0.14796,0.452846
29.4248,0.009518,0.14796,0.45283
29.4264,0.014147,0.14796,0.452844
29.4284,0.014147,0.14796,0.452834
29.4304,0.014147,0.14796,0.452773
29.4324,0.014147,0.14796,0.452812
29.4344,0.014147,0.14796,0.45282
29.4364,0.014147,0.14796,0.452771
29.4384,0.021163,0.14796,0.452809
29.4404,0.021163,0.14796,0.45276
29.4424,0.021163,0.14796,0.452814
29.4444,0.021163,0.14796,0.452807
29.4464,0.011569,0.14796,0.452768
29.4484,0.011569,0.14796,0.452937
29.4504,0.011569,0.14796,0.452784
29.4524,0.011569,0.14796,0.452898
29.4544,0.044798,0.14796,0.452919
29.4564,0.044798,0.14796,0.452794
29.4588,0.044798,0.14796,0.452881
29.4604,0.044798,0.14796,0.452866
29.4624,0.009458,0.14796,0.45284
29.4644,0.009458,0.14796,0.452859
29.4664,0.009458,0.14796,0.452772
29.4684,0.011674,0.14796,0.452805
29.4704,0.011674,0.14796,0.452805
29.4724,0.016589,0.14796,0.452863
29.4744,0.016589,0.14796,0.45287
29.4764,0.014169,0.14796,0.452806
29.4784,0.014169,0.14796,0.452848
29.4804,0.004909,0.14796,0.452774
29.4824,0.019231,0.14796,0.452746
29.4844,0.019231,0.14796,0.452773
29.4864,0.019231,0.14796,0.452801
29.4884,0.019231,0.14796,0.452812
29.4904,0.002415,0.14796,0.452796
29.4928,0.005159,0.14796,0.452806
29.4944,0.005159,0.14796,0.452734
29.4964,0.005159,0.14796,0.452801
29.4984,0.002028,0.14796,0.452793
29.5004,0.002028,0.14796,0.45278
29.5024,0.002028,0.14796,0.452854
29.5044,0.002028,0.14796,0.45291
29.5064,0.011613,0.14796,0.452885
29.5084,0.011613,0.14796,0.452866
29.5104,0.011613,0.14796,0.45277
29.5124,0.01915,0.14796,0.452824
29.5144,0.04042,0.14796,0.45286
29.5164,0.04042,0.14796,0.452853
29.5184,0.014427,0.14796,0.452804
29.5204,0.014427,0.14796,0.452765
29.5224,0.028418,0.14796,0.452863
29.5244,0.028418,0.14796,0.452851
29.5268,0.018734,0.14796,0.452773
29.5284,0.018734,0.14796,0.452778
29.5304,0.018734,0.14796,0.452865
29.5324,0.018734,0.14796,0.452863
29.5344,0.030779,0.14796,0.452909
29.5364,0.030779,0.14796,0.452851
29.5384,0.030779,0.14796,0.452818
29.5404,0.016523,0.14796,0.452817
29.5424,0.011893,0.14796,0.452803
29.5444,0.026262,0.14796,0.452882
29.5464,0.000401,0.14796,0.452809
29.5484,0.016243,0.14796,0.452878
29.5504,0.014033,0.14796,0.452784
29.5524,0.014033,0.14796,0.452828
29.5544,0.014033,0.14796,0.452844
29.5564,0.014033,0.14796,0.452805
29.5584,0.035523,0.14796,0.452853
29.5608,0.035523,0.14796,0.452759
29.5624,0.035523,0.14796,0.452848
29.5644,0.002587,0.14796,0.452812
29.5664,0.018755,0.14796,0.452817
29.5684,0.018755,0.14796,0.452779
29.5704,0.018755,0.14796,0.452807
29.5724,0.007287,0.14796,0.452852
29.5744,0.030727,0.14796,0.452788
29.5764,0.030727,0.14796,0.452828
29.5784,0.030727,0.14796,0.452804
29.5804,0.037954,0.14796,0.452805
29.5824,0.018966,0.14796,0.4529
29.5844,0.018966,0.14796,0.452778
29.5864,0.018966,0.14796,0.45285
29.5884,0.018966,0.14796,0.452864
29.5904,0.035239,0.14796,0.452744
29.5924,0.035239,0.14796,0.452847
29.5948,0.035239,0.14796,0.452846
29.5964,0.035239,0.14796,0.45274
29.5984,0.011375,0.14796,0.452814
29.6004,0.011375,0.14796,0.452881
29.6024,0.011375,0.14796,0.452908
29.6044,0.011375,0.14796,0.452824
29.6064,0.002495,0.14796,0.452775
29.6084,0.002495,0.14796,0.452814
29.6104,0.002495,0.14796,0.452712
29.6124,0.040189,0.14796,0.452873
29.6144,0.028339,0.14796,0.452808
29.6164,0.023238,0.14796,0.452804
29.6184,0.023238,0.14796,0.452796
29.6204,0.039916,0.14796,0.452769
29.6224,0.023442,0.14796,0.452769
29.6244,0.028113,0.14796,0.452862
29.6264,0.028113,0.14796,0.452742
29.6284,0.011687,0.14796,0.452844
29.6308,0.04017,0.14796,0.452879
29.6324,0.013817,0.14796,0.452811
29.6344,0.044947,0.14796,0.452761
29.6364,0.011654,0.14796,0.452829
29.6384,0.011654,0.14796,0.452787
29.6404,0.011659,0.14796,0.452781
29.6424,0.011659,0.14796,0.452863
29.6444,0.011659,0.14796,0.452808
29.6464,0.011659,0.14796,0.452826
29.6484,0.02606,0.14796,0.452794
29.6504,0.02606,0.14796,0.452793
29.6524,0.02606,0.14796,0.452851
29.6544,0.02606,0.14796,0.452765
29.6564,0.02606,0.14796,0.452784
29.6584,0.020899,0.14796,0.452816
29.6604,0.020899,0.14796,0.452823
29.6624,0.020899,0.14796,0.452815
29.6644,0.020899,0.14796,0.452722
29.6664,0.020899,0.14796,0.452805
29.6684,0.020899,0.14796,0.452844
29.6704,0.001903,0.14796,0.452758
29.6724,0.002391,0.14796,0.452775
29.6744,0.002391,0.14796,0.452872
29.6764,0.049548,0.14796,0.452791
29.6784,0.002354,0.14796,0.452792
29.6804,0.040011,0.14796,0.452768
29.6824,0.040011,0.14796,0.452776
29.6844,0.035259,0.14796,0.452744
29.6864,0.033179,0.14796,0.452763
29.6874,0.033179,0.14796,0.452798
29.6894,0.033179,0.14796,0.452789
29.6914,0.033179,0.14796,0.452841
29.6934,0.023518,0.14796,0.452875
29.6954,0.023518,0.14796,0.452795
29.6978,0.023518,0.14796,0.452862
29.6994,0.023208,0.14796,0.452785
29.7014,0.011378,0.14796,0.45286
29.7032,0.011378,0.14796,0.452846
29.7048,0.011378,0.14796,0.452731
29.7064,0.011378,0.14796,0.452818
29.7084,0.021028,0.14796,0.452785
29.7104,0.013872,0.14796,0.452779
29.7124,0.033227,0.14796,0.452761
29.7144,0.033227,0.14796,0.452832
29.7164,0.033034,0.14796,0.452712
29.7184,0.033034,0.14796,0.452837
29.7198,0.033034,0.14796,0.452815
29.7214,0.033034,0.14796,0.452847
29.7234,0.033034,0.14796,0.45275
29.7254,0.004604,0.14796,0.452886
29.7268,0.011808,0.14796,0.452827
29.7288,0.002431,0.14796,0.452879
29.7304,0.035223,0.14796,0.452738
29.7324,0.004573,0.14796,0.452879
29.7344,0.004573,0.14796,0.452769
29.7364,0.016019,0.14796,0.452867
29.7384,0.016019,0.14796,0.452871
29.7404,0.016019,0.14796,0.452828
29.7424,0.016019,0.14796,0.452701
29.7444,0.016291,0.14796,0.452802
29.7458,0.018625,0.14796,0.452785
29.7474,0.018625,0.14796,0.452803
29.7494,0.011174,0.14796,0.452859
29.7508,0.009025,0.14796,0.452822
29.7524,0.016137,0.14796,0.452787
29.7544,0.016137,0.14796,0.452848
29.7564,0.016137,0.14796,0.45281
29.7584,0.025368,0.14796,0.452824
29.7604,0.025368,0.14796,0.452774
29.7624,0.025368,0.14796,0.452804
29.7638,0.025368,0.14796,0.452825
29.7654,0.004649,0.14796,0.452833
29.7673,0.032772,0.14796,0.452834
29.7688,0.00173,0.14796,0.452771
29.7704,0.00173,0.14796,0.452744
29.7724,0.011078,0.14796,0.4528
29.7744,0.016304,0.14796,0.452813
29.7764,0.011344,0.14796,0.452777
29.7784,0.021024,0.14796,0.452746
29.7804,0.021024,0.14796,0.452799
29.7824,0.021024,0.14796,0.452746
29.7844,0.021024,0.14796,0.452763
29.7858,0.021024,0.14796,0.452788
29.7874,0.021024,0.14796,0.452805
29.7894,0.023297,0.14796,0.452765
29.7913,0.023297,0.14796,0.452777
29.7934,0.023297,0.14796,0.452821
29.7954,0.025384,0.14796,0.4528
29.7974,0.020839,0.14796,0.452795
29.7993,0.00218,0.14796,0.452825
29.8008,0.00218,0.14796,0.452805
29.8024,0.018639,0.14796,0.452808
29.8044,0.018639,0.14796,0.452852
29.8058,0.018639,0.14796,0.452864
29.8073,0.018639,0.14796,0.452816
29.8088,0.018639,0.14796,0.452869
29.8104,0.018639,0.14796,0.452846
29.8124,0.018639,0.14796,0.452858
29.8144,0.025474,0.14796,0.45285
29.8164,0.025474,0.14796,0.452839
29.8184,0.025474,0.14796,0.452843
29.8204,0.025474,0.14796,0.452806
29.8228,0.01121,0.14796,0.452853
29.8238,0.01121,0.14796,0.452902
29.8258,0.01121,0.14796,0.452812
29.8274,0.011199,0.14796,0.452837
29.8294,0.011199,0.14796,0.452863
29.8313,0.032538,0.14796,0.45275
29.8328,0.042138,0.14796,0.452847
29.8344,0.018257,0.14796,0.452823
29.8364,0.018257,0.14796,0.452824
29.8384,0.018257,0.14796,0.45283
29.8404,0.004305,0.14796,0.452852
29.8424,0.001826,0.14796,0.452818
29.8444,0.001826,0.14796,0.452861
29.8458,0.001826,0.14796,0.452782
29.8473,0.001826,0.14796,0.452886
29.8488,0.001826,0.14796,0.452783
29.8504,0.009302,0.14796,0.452809
29.8524,0.009302,0.14796,0.452776
29.8538,0.009302,0.14796,0.452732
29.8553,0.009302,0.14796,0.452805
29.8574,0.011038,0.14796,0.452781
29.8588,0.013558,0.14796,0.452848
29.8604,0.018487,0.14796,0.452832
29.8618,0.018487,0.14796,0.452808
29.8633,0.018487,0.14796,0.452818
29.8648,0.018487,0.14796,0.45278
29.8664,0.018487,0.14796,0.452781
29.8678,0.002287,0.14796,0.452886
29.8694,0.002287,0.14796,0.452848
29.8708,0.004484,0.14796,0.452861
29.8724,0.004484,0.14796,0.452993
29.8738,0.011579,0.14796,0.452836
29.8754,0.011579,0.14796,0.452806
29.8768,0.039781,0.14796,0.452901
29.8788,0.00902,0.14796,0.452956
29.8804,0.00902,0.14796,0.452949
29.8818,0.00902,0.14796,0.453
29.8834,0.004355,0.14796,0.45299
29.8849,0.006634,0.14796,0.453125
29.8864,0.01133,0.14796,0.453207
29.8879,0.032175,0.14796,0.453351
29.8904,0.032175,0.14796,0.453463
29.8919,0.022715,0.14796,0.453561
29.8934,0.022715,0.14796,0.45371
29.8949,0.022715,0.14796,0.453843
29.8964,0.022715,0.14796,0.45405
29.8979,0.022715,0.14796,0.454153
29.8994,0.022715,0.14796,0.454266
29.9014,0.039133,0.14796,0.45452
29.9029,0.016282,0.14796,0.454907
29.9044,0.033158,0.14796,0.455027
29.9059,0.02851,0.14796,0.455254
29.9074,0.017761,0.14796,0.455541
29.9094,0.004726,0.14796,0.455871
29.9113,0.004726,0.14796,0.45624
29.9129,0.002922,0.14796,0.456618
29.9144,0.015188,0.14796,0.456817
29.9164,0.015188,0.14796,0.457167
29.9184,0.006223,0.14796,0.457559
29.9204,0.006223,0.14796,0.458012
29.9224,0.006223,0.14796,0.458492
29.9244,0.006223,0.14796,0.458875
29.9264,0.011561,0.14796,0.459461
29.9284,0.011561,0.14796,0.459886
29.9304,0.011561,0.14796,0.460478
29.9324,1.4e-05,0.14796,0.461054
29.9344,0.016853,0.14796,0.46162
29.9364,0.016853,0.14796,0.46222
29.9384,0.016853,0.14796,0.463032
29.9404,0.015722,0.14796,0.46372
29.9424,0.010636,0.14796,0.464415
29.9444,0.010297,0.14796,0.465122
29.9464,0.017689,0.14796,0.46607
29.9484,0.005478,0.14796,0.46686
29.9504,0.0066,0.14796,0.467671
29.9524,0.00834,0.14796,0.468643
29.9544,0.013584,0.14796,0.469446
29.9564,0.003391,0.14796,0.470342
29.9584,0.003391,0.14796,0.47129
29.9604,0.022336,0.14796,0.472358
29.9624,0.006566,0.14796,0.4733
29.9644,0.003035,0.14796,0.474288
29.9664,0.003035,0.14796,0.475388
29.9684,0.002604,0.14796,0.476385
29.9704,0.002604,0.14796,0.477443
29.9724,0.002604,0.14796,0.478539
29.9749,0.002604,0.14796,0.47977
29.9769,0.002604,0.14796,0.481059
29.9784,0.005155,0.14796,0.482095
29.9804,0.005252,0.14796,0.483111
29.9825,0.005252,0.14796,0.484323
29.9845,0.03645,0.14796,0.485473
29.9864,0.03645,0.14796,0.4867
29.9885,0.072448,0.14796,0.487933
29.9905,0.072448,0.14796,0.489067
29.9925,0.02083,0.14796,0.490356
29.9944,0.019841,0.14796,0.491531
29.9965,0.000924,0.14796,0.492916
29.9985,0.009272,0.14796,0.494121
30.0005,0.00093,0.14796,0.495442
30.0025,0.027038,0.14796,0.496694
30.0045,0.027038,0.14796,0.497957
30.0065,0.000842,0.14796,0.499242
30.0089,0.000842,0.14796,0.500562
30.0105,0.000842,0.14796,0.501979
30.0125,0.000842,0.14796,0.502932
30.0145,0.000842,0.14796,0.504193
30.0165,0.000842,0.14796,0.50549
30.0185,0.005466,0.14796,0.506705
30.0205,0.003162,0.14796,0.507907
30.0225,0.003162,0.14796,0.509097
30.0245,0.003162,0.14796,0.510246
30.0265,0.003162,0.14796,0.51145
30.0285,0.003162,0.14796,0.512581
30.0305,0.003942,0.14796,0.513669
30.0325,0.003942,0.14796,0.514897
30.0345,0.003942,0.14796,0.516073
30.0365,0.003942,0.14796,0.517236
30.0385,0.028096,0.14796,0.518438
30.0405,0.028096,0.14796,0.519711
30.0425,0.028096,0.14796,0.521016
30.0449,0.000466,0.14796,0.522242
30.0465,0.044038,0.14796,0.523797
30.0485,0.02411,0.14796,0.524873
30.0505,0.009931,0.14796,0.526278
30.0525,0.009931,0.14796,0.527614
30.0545,0.002379,0.14796,0.528991
30.0565,0.002379,0.14796,0.530448
30.0585,0.002379,0.14796,0.531948
30.0605,0.016075,0.14796,0.533346
30.0625,0.023114,0.14796,0.53498
30.0645,0.010527,0.14796,0.53644
30.0665,0.000664,0.14796,0.537985
30.0685,0.0037,0.14796,0.539562
30.0705,0.003355,0.14796,0.541163
30.0725,0.003355,0.14796,0.54259
30.0745,0.003355,0.14796,0.544169
30.0765,0.030171,0.14796,0.545809
30.0789,0.060689,0.14796,0.547401
30.0809,0.060689,0.14796,0.549194
30.0829,0.060689,0.14796,0.550847
30.0845,0.060689,0.14796,0.552332
30.0865,0.028876,0.14796,0.553744
30.0885,0.007078,0.14796,0.55536
30.0905,0.005362,0.14796,0.556928
30.0925,0.040522,0.14796,0.558758
30.0945,0.040522,0.14796,0.560511
30.0965,0.024829,0.14796,0.562131
30.0985,0.022778,0.14796,0.56397
30.1005,0.022778,0.14796,0.565773
30.1025,0.000108,0.14796,0.567538
30.1045,0.000108,0.14796,0.569302
30.1065,0.003151,0.14796,0.571099
30.1085,0.003151,0.14796,0.572907
30.1105,0.003151,0.14796,0.574655
30.1129,0.003151,0.14796,0.57655
30.1149,0.003151,0.14796,0.578655
30.1165,0.031143,0.14796,0.580464
30.1185,0.010303,0.14796,0.582019
30.1205,0.004774,0.14796,0.583763
30.1225,0.004774,0.14796,0.585624
30.1245,0.004774,0.14796,0.5875
30.1265,0.020184,0.14796,0.589232
30.1285,0.020184,0.14796,0.591171
30.1305,0.020184,0.14796,0.593014
30.1325,0.029638,0.14796,0.59483
30.1345,0.029638,0.14796,0.596759
30.1365,0.029638,0.14796,0.598568
30.1385,0.002832,0.14796,0.600408
30.1405,0.002832,0.14796,0.602314
30.1425,0.009978,0.14796,0.604226
30.1445,0.011789,0.14796,0.606084
30.1465,0.011789,0.14796,0.607937
30.1489,0.002654,0.14796,0.609804
30.1505,0.002654,0.14796,0.612095
30.1525,0.00414,0.14796,0.61355
30.1545,0.00414,0.14796,0.615378
30.1565,0.00414,0.14796,0.617238
30.1585,0.00414,0.14796,0.619026
30.1605,0.00414,0.14796,0.620937
30.1625,0.00414,0.14796,0.622773
30.1645,0.00414,0.14796,0.624658
30.1665,0.028922,0.14796,0.626528
30.1685,0.006777,0.14796,0.628422
30.1705,0.006777,0.14796,0.630309
30.1725,0.014762,0.14796,0.632296
30.1745,0.014762,0.14796,0.634113
30.1765,0.022146,0.14796,0.636058
30.1785,0.005845,0.14796,0.638011
30.1805,0.005845,0.14796,0.640016
30.1829,0.005845,0.14796,0.641829
30.1845,0.005845,0.14796,0.644084
30.1865,0.005845,0.14796,0.645656
30.1885,0.00095,0.14796,0.647497
30.1905,0.00095,0.14796,0.649433
30.1925,0.00095,0.14796,0.651274
30.1945,0.00095,0.14796,0.653044
30.1965,0.017267,0.14796,0.654973
30.1985,0.017267,0.14796,0.656842
30.2005,0.004077,0.14796,0.658691
30.2025,0.011674,0.14796,0.660498
30.2045,0.011674,0.14796,0.662324
30.2065,0.037315,0.14796,0.664334
30.2085,0.037315,0.14796,0.666139
30.2105,0.037315,0.14796,0.668036
30.2125,0.028584,0.14796,0.669852
30.2145,0.002851,0.14796,0.671839
30.2169,0.00541,0.14796,0.67365
30.2185,0.006738,0.14796,0.675888
30.2205,0.000366,0.14796,0.677321
30.2225,0.000366,0.14796,0.67917
30.2245,0.000366,0.14796,0.680988
30.2265,0.007297,0.14796,0.682788
30.2285,0.007297,0.14796,0.684565
30.2305,0.00751,0.14796,0.686369
30.2325,0.00751,0.14796,0.688019
30.2345,0.00751,0.14796,0.689756
30.2365,0.001199,0.14796,0.69144
30.2385,0.001199,0.14796,0.693115
30.2405,0.013165,0.14796,0.69478
30.2425,0.029254,0.14796,0.696331
30.2445,0.004658,0.14796,0.698074
30.2465,0.05141,0.14796,0.699836
30.2485,0.054551,0.14796,0.701494
30.2505,0.007017,0.14796,0.70318
30.2529,0.031527,0.14796,0.704885
30.2545,0.031527,0.14796,0.706957
30.2565,0.031527,0.14796,0.708326
30.2585,0.031527,0.14796,0.709993
30.2605,0.012233,0.14796,0.711676
30.2625,0.012233,0.14796,0.713424
30.2645,0.012233,0.14796,0.71502
30.2665,0.012233,0.14796,0.716558
30.2685,0.012233,0.14796,0.71821
30.2705,0.012233,0.14796,0.719674
30.2725,0.014647,0.14796,0.721237
30.2745,0.014647,0.14796,0.722788
30.2765,0.009519,0.14796,0.724308
30.2785,0.009519,0.14796,0.72575
30.2805,0.009519,0.14796,0.727181
30.2825,0.016578,0.14796,0.728608
30.2845,0.016578,0.14796,0.729884
30.2869,0.016578,0.14796,0.731348
30.2889,0.003659,0.14796,0.732925
30.2909,0.003659,0.14796,0.734339
30.2925,0.040563,0.14796,0.735644
30.2945,0.040563,0.14796,0.736682
30.2965,0.040563,0.14796,0.738036
30.2985,0.040563,0.14796,0.73938
30.3005,0.040563,0.14796,0.740803
30.3025,0.012916,0.14796,0.742096
30.3045,0.015955,0.14796,0.743337
30.3065,0.006536,0.14796,0.744687
30.3085,0.006536,0.14796,0.74602
30.3105,0.007425,0.14796,0.747257
30.3125,0.007425,0.14796,0.748566
30.3145,0.007425,0.14796,0.749789
30.3165,0.007425,0.14796,0.750979
30.3185,0.007425,0.14796,0.752172
30.3209,0.007425,0.14796,0.753274
30.3229,0.007425,0.14796,0.754617
30.3245,0.007425,0.14796,0.755657
30.3265,0.007425,0.14796,0.756541
30.3285,0.007425,0.14796,0.757545
30.3305,0.007425,0.14796,0.75849
30.3325,0.007425,0.14796,0.75934
30.3345,0.007425,0.14796,0.760257
30.3365,0.007425,0.14796,0.761067
30.3385,0.007425,0.14796,0.761907
30.3405,0.015051,0.14796,0.762709
30.3425,0.015051,0.14796,0.763464
30.3445,0.017138,0.14796,0.764337
30.3465,0.010629,0.14796,0.765126
30.3485,0.001957,0.14796,0.76596
30.3505,0.028757,0.14796,0.766817
30.3525,0.013349,0.14796,0.767544
30.3545,0.005194,0.14796,0.768349
30.3569,0.00922,0.14796,0.769166
30.3589,0.01356,0.14796,0.770184
30.3609,0.01356,0.14796,0.771071
30.3629,0.01356,0.14796,0.771929
30.3649,0.01356,0.14796,0.772742
30.3669,0.01356,0.14796,0.773558
30.3689,0.049586,0.14796,0.774502
30.3709,0.049586,0.14796,0.775371
30.3725,0.019761,0.14796,0.776229
30.3745,0.019761,0.14796,0.777025
30.3765,0.019761,0.14796,0.777989
30.3785,0.001583,0.14796,0.779114
30.3805,0.001583,0.14796,0.780082
30.3825,0.015495,0.14796,0.781153
30.3845,0.006415,0.14796,0.782257
30.3865,0.001036,0.14796,0.783243
30.3885,0.012344,0.14796,0.784358
30.3909,0.010536,0.14796,0.78549
30.3925,0.010536,0.14796,0.786736
30.3945,0.003592,0.14796,0.787657
30.3965,0.003592,0.14796,0.78876
30.3985,0.004144,0.14796,0.789807
30.4005,0.005651,0.14796,0.791063
30.4025,0.004585,0.14796,0.792083
30.4045,0.004585,0.14796,0.793207
30.4065,0.004452,0.14796,0.794206
30.4085,0.004452,0.14796,0.795335
30.4105,0.004452,0.14796,0.796382
30.4125,0.004452,0.14796,0.797391
30.4145,0.004452,0.14796,0.798487
30.4165,0.00983,0.14796,0.799382
30.4185,0.00983,0.14796,0.800417
30.4205,0.002021,0.14796,0.801464
30.4225,0.002021,0.14796,0.802461
30.4249,0.031648,0.14796,0.803346
30.4265,0.003375,0.14796,0.80458
30.4285,0.003375,0.14796,0.805366
30.4305,0.003375,0.14796,0.806414
30.4325,0.003375,0.14796,0.807425
30.4345,0.001045,0.14796,0.808394
30.4365,0.006524,0.14796,0.809482
30.4385,0.008431,0.14796,0.810539
30.4405,0.008431,0.14796,0.811417
30.4425,0.008431,0.14796,0.812509
30.4445,0.006965,0.14796,0.813487
30.4465,0.013558,0.14796,0.814479
30.4485,0.007543,0.14796,0.815433
30.4505,0.002875,0.14796,0.816358
30.4525,0.00885,0.14796,0.817318
30.4545,0.00885,0.14796,0.818252
30.4565,0.011484,0.14796,0.81915
30.4585,0.003761,0.14796,0.820136
30.4609,0.003761,0.14796,0.821095
30.4629,0.003761,0.14796,0.822083
30.4649,0.003761,0.14796,0.822998
30.4669,0.003761,0.14796,0.823902
30.4689,0.003761,0.14796,0.824747
30.4709,0.003761,0.14796,0.825573
30.4729,0.003761,0.14796,0.826324
30.4749,0.003761,0.14796,0.827112
30.4769,0.003901,0.14796,0.827824
30.4789,0.005039,0.14796,0.828518
30.4809,0.005039,0.14796,0.829257
30.4829,0.005039,0.14796,0.829895
30.4849,0.02013,0.14796,0.830611
30.4869,0.02013,0.14796,0.831415
30.4889,0.02013,0.14796,0.832031
30.4909,0.02013,0.14796,0.832569
30.4929,0.020321,0.14796,0.833138
30.4954,0.000624,0.14796,0.833788
30.4975,0.008579,0.14796,0.834518
30.4995,0.008579,0.14796,0.835182
30.5015,0.008579,0.14796,0.835801
30.5034,0.018203,0.14796,0.836492
30.5049,0.013365,0.14796,0.837147
30.5069,0.013365,0.14796,0.837646
30.5089,0.01278,0.14796,0.838272
30.5109,0.01278,0.14796,0.838855
30.5129,0.005366,0.14796,0.839466
30.5149,0.021656,0.14796,0.840152
30.5169,0.021656,0.14796,0.840797
30.5189,0.021656,0.14796,0.841399
30.5209,0.025846,0.14796,0.842035
30.5229,0.022519,0.14796,0.842724
30.5249,0.022519,0.14796,0.843357
30.5269,0.022519,0.14796,0.844009
30.5295,0.022519,0.14796,0.84465
30.5315,0.022519,0.14796,0.845374
30.5335,0.026329,0.14796,0.846048
30.5354,0.005826,0.14796,0.846599
30.5369,0.001151,0.14796,0.847156
30.539,0.001151,0.14796,0.847704
30.5409,0.017685,0.14796,0.848308
30.5429,0.022252,0.14796,0.848909
30.5449,0.024863,0.14796,0.849522
30.547,0.024863,0.14796,0.850215
30.549,0.0137,0.14796,0.850818
30.551,0.0137,0.14796,0.851405
30.5529,0.0137,0.14796,0.852087
30.555,0.016148,0.14796,0.852644
30.557,0.016148,0.14796,0.853228
30.559,0.002924,0.14796,0.853794
30.561,0.002924,0.14796,0.854298
30.563,0.002924,0.14796,0.854711
30.5655,0.002924,0.14796,0.855146
30.5674,0.002924,0.14796,0.855752
30.569,0.002924,0.14796,0.856149
30.571,0.000206,0.14796,0.856418
30.573,0.000206,0.14796,0.85672
30.575,0.000206,0.14796,0.856995
30.5769,0.000206,0.14796,0.857154
30.579,0.000206,0.14796,0.857494
30.5805,0.000206,0.14796,0.857548
30.5825,0.001204,0.14796,0.857794
30.5845,0.001204,0.14796,0.857883
30.5865,0.001204,0.14796,0.858068
30.5885,0.005066,0.14796,0.858173
30.5905,0.005066,0.14796,0.858231
30.5925,0.005066,0.14796,0.858319
30.5945,0.007103,0.14796,0.858294
30.5965,0.007103,0.14796,0.8584
30.599,0.007103,0.14796,0.858373
30.601,0.007103,0.14796,0.858436
30.6025,0.007103,0.14796,0.858391
30.6045,0.007103,0.14796,0.858327
30.6065,0.007779,0.14796,0.858236
30.6085,0.007779,0.14796,0.858266
30.6105,0.007779,0.14796,0.858219
30.6125,0.000698,0.14796,0.858204
30.6145,0.007421,0.14796,0.858111
30.6165,0.003083,0.14796,0.858102
30.6185,0.000712,0.14796,0.858078
30.6205,0.012748,0.14796,0.857994
30.622,0.012748,0.14796,0.858009
30.6234,0.007861,0.14796,0.857943
30.6255,0.007861,0.14796,0.857986
30.627,0.012453,0.14796,0.857974
30.6285,0.000783,0.14796,0.857963
30.6305,0.000783,0.14796,0.858108
30.632,0.000783,0.14796,0.858052
30.6335,0.000783,0.14796,0.858093
30.635,0.005485,0.14796,0.858035
30.6365,0.003103,0.14796,0.858086
30.638,0.003103,0.14796,0.858101
30.6394,0.003103,0.14796,0.858143
30.6415,0.003103,0.14796,0.858049
30.643,0.003057,0.14796,0.858054
30.6445,0.003057,0.14796,0.858031
30.646,0.002907,0.14796,0.85804
30.6474,0.000764,0.14796,0.858021
30.649,0.01006,0.14796,0.858016
30.6505,0.01006,0.14796,0.858061
30.6525,0.01006,0.14796,0.858088
30.6545,0.007727,0.14796,0.858004
30.656,0.007727,0.14796,0.857947
30.659,0.007727,0.14796,0.858087
30.6605,0.00772,0.14796,0.858009
30.6625,0.00772,0.14796,0.857971
30.6645,0.007555,0.14796,0.858098
30.6665,0.005329,0.14796,0.858107
30.6685,0.007721,0.14796,0.858028
30.67,0.007721,0.14796,0.858102
30.6714,0.002852,0.14796,0.85812
30.673,0.002852,0.14796,0.858125
30.6745,0.005272,0.14796,0.858027
30.6765,0.00093,0.14796,0.858048
30.6786,0.003096,0.14796,0.857991
30.6806,0.003096,0.14796,0.858007
30.6826,0.003096,0.14796,0.858039
30.6846,0.007571,0.14796,0.858001
30.6866,0.007571,0.14796,0.858025
30.6886,0.007843,0.14796,0.8581
30.691,0.005428,0.14796,0.85809
30.6926,0.005428,0.14796,0.858028
30.6946,0.005428,0.14796,0.85809
30.696,0.005428,0.14796,0.858025
30.6976,0.000719,0.14796,0.858064
30.699,0.007728,0.14796,0.858028
30.7006,0.007728,0.14796,0.858
30.7026,0.005424,0.14796,0.857973
30.7046,0.005424,0.14796,0.858085
30.7066,0.005424,0.14796,0.857976
30.7086,0.005424,0.14796,0.858004
30.7106,0.007843,0.14796,0.858022
30.712,0.007843,0.14796,0.858031
30.7136,0.00553,0.14796,0.858034
30.7156,0.00553,0.14796,0.858011
30.7176,0.00553,0.14796,0.857957
30.7194,0.007804,0.14796,0.857976
30.7216,0.007804,0.14796,0.85801
30.7236,0.007804,0.14796,0.858006
30.7256,0.003155,0.14796,0.858008
30.727,0.00311,0.14796,0.858011
30.7286,0.005421,0.14796,0.858021
30.73,0.005421,0.14796,0.858035
30.7316,0.003067,0.14796,0.858024
30.7336,0.003067,0.14796,0.857989
30.7354,0.007903,0.14796,0.857988
30.737,0.007903,0.14796,0.858015
30.7386,0.003192,0.14796,0.857983
30.7406,0.007425,0.14796,0.858108
30.7426,0.007425,0.14796,0.858013
30.7446,0.007707,0.14796,0.858012
30.7466,0.016915,0.14796,0.858028
30.7486,0.016915,0.14796,0.858015
30.75,0.016915,0.14796,0.857987
30.7515,0.016915,0.14796,0.858032
30.7536,0.00077,0.14796,0.857917
30.7556,0.00077,0.14796,0.85797
30.7576,0.005471,0.14796,0.858061
30.7594,0.005471,0.14796,0.857995
30.761,0.007881,0.14796,0.857996
30.7626,0.012362,0.14796,0.857985
30.764,0.007646,0.14796,0.857999
30.7656,0.010116,0.14796,0.857978
30.7674,0.010116,0.14796,0.857951
30.769,0.010116,0.14796,0.857957
30.7706,0.010116,0.14796,0.857968
30.7726,0.003031,0.14796,0.85803
30.7746,0.003031,0.14796,0.858013
30.7766,0.003031,0.14796,0.858004
30.7786,0.003031,0.14796,0.857925
30.7806,0.003031,0.14796,0.857922
30.783,0.005545,0.14796,0.857982
30.785,0.000725,0.14796,0.858028
30.7866,0.000725,0.14796,0.857952
30.7886,0.005418,0.14796,0.857947
30.7906,0.005418,0.14796,0.857948
30.7926,0.007729,0.14796,0.857926
30.794,0.000754,0.14796,0.857989
30.796,0.000754,0.14796,0.85795
30.7976,0.000754,0.14796,0.857973
30.7994,0.002988,0.14796,0.858056
30.8016,0.003072,0.14796,0.85786
30.8036,0.005413,0.14796,0.858021
30.8056,0.002916,0.14796,0.857984
30.8074,0.008145,0.14796,0.857919
30.809,0.007817,0.14796,0.857891
30.8106,0.012504,0.14796,0.857941
30.8126,0.012504,0.14796,0.857993
30.815,0.00538,0.14796,0.857981
30.8176,0.007781,0.14796,0.857942
30.8196,0.007781,0.14796,0.857893
30.8216,0.007781,0.14796,0.8579
30.823,0.007781,0.14796,0.8579
30.8246,0.007781,0.14796,0.857831
30.8266,0.007839,0.14796,0.857906
30.8286,0.007839,0.14796,0.857948
30.8306,0.007839,0.14796,0.857797
30.832,0.007839,0.14796,0.857906
30.834,0.007839,0.14796,0.857841
30.8356,0.002772,0.14796,0.857893
30.8376,0.002772,0.14796,0.857893
30.8394,0.002772,0.14796,0.857891
30.841,0.008053,0.14796,0.857891
30.8426,0.010512,0.14796,0.85783
30.8446,0.000433,0.14796,0.857842
30.847,0.003202,0.14796,0.857811
30.8496,0.008026,0.14796,0.857873
30.8516,0.010655,0.14796,0.857909
30.8536,0.000653,0.14796,0.857842
30.855,0.003373,0.14796,0.857845
30.857,0.003373,0.14796,0.857906
30.8586,0.003373,0.14796,0.857771
30.8606,0.000805,0.14796,0.857784
30.8626,0.008237,0.14796,0.857815
30.864,0.003492,0.14796,0.857887
30.866,0.003492,0.14796,0.857922
30.8676,0.002985,0.14796,0.857873
30.8696,0.007769,0.14796,0.857859
30.8714,0.012188,0.14796,0.857949
30.873,0.012188,0.14796,0.85797
30.8746,0.000956,0.14796,0.85812
30.8766,0.007519,0.14796,0.858194
30.8786,0.007519,0.14796,0.85826
30.881,0.007519,0.14796,0.858415
30.8826,0.00792,0.14796,0.858503
30.8846,0.00283,0.14796,0.858563
30.8866,0.00283,0.14796,0.858802
30.8886,0.0061,0.14796,0.858918
30.8906,0.010943,0.14796,0.859038
30.8926,0.007176,0.14796,0.859231
30.8946,0.015683,0.14796,0.859456
30.8966,0.008193,0.14796,0.859715
30.8986,0.009892,0.14796,0.860046
30.9006,0.002458,0.14796,0.860433
30.9026,0.011166,0.14796,0.860744
30.9046,0.011166,0.14796,0.861156
30.9066,0.004802,0.14796,0.861547
30.9086,0.000217,0.14796,0.861977
30.9106,0.013365,0.14796,0.862425
30.9126,0.007133,0.14796,0.862919
30.915,0.001055,0.14796,0.863338
30.917,0.008725,0.14796,0.864001
30.9186,0.008725,0.14796,0.864546
30.9206,0.022187,0.14796,0.865121
30.9226,0.029304,0.14796,0.86576
30.9246,0.027201,0.14796,0.866393
30.9266,0.027201,0.14796,0.867197
30.9286,0.027201,0.14796,0.867927
30.9306,0.022545,0.14796,0.868759
30.9326,0.022545,0.14796,0.869537
30.9346,0.022545,0.14796,0.870368
30.9366,0.022545,0.14796,0.871253
30.9386,0.018588,0.14796,0.872387
30.9406,0.004659,0.14796,0.873373
30.9426,0.004659,0.14796,0.874591
30.9446,0.003419,0.14796,0.875636
30.9466,0.034957,0.14796,0.876923
30.9486,0.010337,0.14796,0.878139
30.951,0.026943,0.14796,0.879389
30.953,0.015433,0.14796,0.881151
30.955,0.015433,0.14796,0.882502
30.9566,0.004895,0.14796,0.883999
30.9586,0.004895,0.14796,0.885115
30.9606,0.004895,0.14796,0.886573
30.9626,0.008037,0.14796,0.888203
30.9646,0.008037,0.14796,0.889693
30.9666,0.01664,0.14796,0.891255
30.9686,0.011146,0.14796,0.892835
30.9706,0.001257,0.14796,0.894458
30.9726,0.001257,0.14796,0.896068
30.9746,0.001257,0.14796,0.897724
30.9766,0.001257,0.14796,0.899222
30.9786,0.001257,0.14796,0.900869
30.9806,0.001257,0.14796,0.90237
30.9826,0.011637,0.14796,0.904068
30.9846,0.011637,0.14796,0.905788
30.9866,0.011637,0.14796,0.907352
30.9886,0.011637,0.14796,0.909021
30.9906,0.011637,0.14796,0.910597
30.9926,0.011637,0.14796,0.912294
30.9946,0.067165,0.14796,0.914061
30.9966,0.067165,0.14796,0.915748
30.9986,0.001925,0.14796,0.917476
31.0006,0.02958,0.14796,0.919237
31.0026,0.02958,0.14796,0.921037
31.0046,0.012354,0.14796,0.922747
31.0066,0.016992,0.14796,0.924479
31.0086,0.009338,0.14796,0.926259
31.0106,0.00058,0.14796,0.927994
31.0126,0.00058,0.14796,0.929725
31.0146,0.00058,0.14796,0.931403
31.0166,0.00058,0.14796,0.93313
31.019,0.013358,0.14796,0.93481
31.0206,0.013358,0.14796,0.936658
31.0226,0.019274,0.14796,0.938031
31.0246,0.012313,0.14796,0.939673
31.0266,0.012313,0.14796,0.941169
31.0286,0.025533,0.14796,0.942595
31.0306,0.025533,0.14796,0.94411
31.0326,0.025533,0.14796,0.945645
31.0346,0.027564,0.14796,0.947076
31.0366,0.027564,0.14796,0.948598
31.0386,0.027564,0.14796,0.94998
31.0406,0.024869,0.14796,0.951368
31.0426,0.024869,0.14796,0.952778
31.0446,0.007001,0.14796,0.954007
31.0466,0.007001,0.14796,0.955326
31.0486,0.007001,0.14796,0.95659
31.0506,0.007001,0.14796,0.95792
31.0526,0.007001,0.14796,0.959122
31.055,0.002397,0.14796,0.960151
31.057,0.002397,0.14796,0.961603
31.0586,0.002397,0.14796,0.962659
31.0606,0.002397,0.14796,0.963511
31.0626,0.002397,0.14796,0.964501
31.0646,0.002397,0.14796,0.965348
31.0666,0.002397,0.14796,0.966328
31.0686,0.002397,0.14796,0.967126
31.0706,0.002397,0.14796,0.967871
31.0726,0.002397,0.14796,0.968552
31.0746,0.002397,0.14796,0.969202
31.0766,0.002397,0.14796,0.969714
31.0786,0.002397,0.14796,0.970299
31.0806,0.010418,0.14796,0.970757
31.0826,0.010418,0.14796,0.971089
31.0846,0.010418,0.14796,0.971425
31.0866,0.010418,0.14796,0.971604
31.0896,0.010418,0.14796,0.971702
31.0916,0.001393,0.14796,0.971947
31.0936,0.001393,0.14796,0.971956
31.0955,0.001393,0.14796,0.97188
31.097,0.001393,0.14796,0.971866
31.099,0.005019,0.14796,0.971793
31.1006,0.000152,0.14796,0.971574
31.1026,0.000152,0.14796,0.971439
31.1046,0.000152,0.14796,0.97124
31.1066,0.000152,0.14796,0.971144
31.1086,0.0026,0.14796,0.970853
31.1106,0.0026,0.14796,0.970728
31.1126,0.0026,0.14796,0.970534
31.1146,0.0026,0.14796,0.970353
31.1166,0.0026,0.14796,0.970103
31.1186,0.004348,0.14796,0.969965
31.1206,0.004348,0.14796,0.969711
31.123,0.004504,0.14796,0.969558
31.1246,0.00168,0.14796,0.969273
31.1266,0.004025,0.14796,0.969211
31.1286,0.006385,0.14796,0.969016
31.1306,0.006385,0.14796,0.968921
31.1326,0.006385,0.14796,0.968846
31.1346,0.016197,0.14796,0.96868
31.1366,0.009206,0.14796,0.968656
31.1386,0.003597,0.14796,0.968573
31.1406,0.003597,0.14796,0.968595
31.1426,0.004997,0.14796,0.968632
31.1446,0.001198,0.14796,0.968617
31.1466,0.001198,0.14796,0.968648
31.1486,0.002994,0.14796,0.968678
31.1506,0.012684,0.14796,0.968691
31.1526,0.012684,0.14796,0.968716
31.1546,0.012684,0.14796,0.968806
31.157,0.012684,0.14796,0.968789
31.1586,0.012684,0.14796,0.968705
31.1606,0.012684,0.14796,0.968799
31.1626,0.012684,0.14796,0.96881
31.1646,0.000531,0.14796,0.968775
31.1666,0.001842,0.14796,0.968729
31.1686,0.001842,0.14796,0.968802
31.1706,0.000576,0.14796,0.968712
31.1726,0.000576,0.14796,0.968704
31.1746,0.000576,0.14796,0.968729
31.1766,0.001154,0.14796,0.968673
31.1786,0.001086,0.14796,0.968753
31.1806,0.001086,0.14796,0.968754
31.1826,0.000843,0.14796,0.968751
31.1846,0.000953,0.14796,0.968738
31.1866,0.000953,0.14796,0.968754
31.1886,0.009914,0.14796,0.968841
31.191,0.009914,0.14796,0.968737
31.1926,0.009914,0.14796,0.968819
31.1946,0.009914,0.14796,0.968739
31.1966,0.00056,0.14796,0.968731
31.1986,0.00056,0.14796,0.968789
31.2006,0.00056,0.14796,0.968783
31.2026,0.00056,0.14796,0.968769
31.2046,0.003515,0.14796,0.968715
31.2066,0.003515,0.14796,0.968682
31.2086,0.003515,0.14796,0.968699
31.2106,0.003515,0.14796,0.968746
31.2126,0.003515,0.14796,0.968714
31.2146,0.003515,0.14796,0.968768
31.2166,0.016897,0.14796,0.968763
31.2186,0.016897,0.14796,0.968772
31.2206,0.016897,0.14796,0.968761
31.2226,0.016897,0.14796,0.968774
31.225,0.00587,0.14796,0.968714
31.227,0.005337,0.14796,0.968779
31.229,0.00439,0.14796,0.968694
31.2311,0.004839,0.14796,0.9687
31.233,0.004857,0.14796,0.968764
31.2346,0.004857,0.14796,0.968728
31.2366,0.002288,0.14796,0.968717
31.2386,0.002288,0.14796,0.968837
31.2401,0.001792,0.14796,0.968757
31.242,0.009212,0.14796,0.968765
31.2441,0.00041,0.14796,0.968828
31.2461,0.00281,0.14796,0.968697
31.2481,0.004735,0.14796,0.968684
31.25,0.004284,0.14796,0.968762
31.2521,0.004284,0.14796,0.968781
31.2541,0.01167,0.14796,0.968781
31.2561,0.002316,0.14796,0.968795
31.2586,0.002316,0.14796,0.968701
31.2606,0.002316,0.14796,0.968706
31.2626,0.000338,0.14796,0.968714
31.2646,0.000338,0.14796,0.968738
31.2666,0.000338,0.14796,0.968681
31.2686,0.000338,0.14796,0.968792
31.2706,0.000338,0.14796,0.968738
31.2726,0.000338,0.14796,0.968765
31.2746,0.000338,0.14796,0.968742
31.2766,0.000338,0.14796,0.968703
31.2786,0.000338,0.14796,0.968799
31.2806,0.000338,0.14796,0.968697
31.2826,0.000338,0.14796,0.968799
31.2846,0.000338,0.14796,0.968724
31.2866,0.000338,0.14796,0.968751
31.2886,0.000338,0.14796,0.968758
31.2906,0.003794,0.14796,0.96868
31.2931,0.00276,0.14796,0.968785
31.2946,0.000222,0.14796,0.96876
31.2966,0.003578,0.14796,0.968736
31.2986,0.001707,0.14796,0.968802
31.3006,0.001707,0.14796,0.968722
31.3026,0.001707,0.14796,0.968753
31.3041,0.00271,0.14796,0.968762
31.3061,0.00271,0.14796,0.968712
31.3081,0.009613,0.14796,0.968751
31.3101,0.017429,0.14796,0.9687
31.3121,0.017429,0.14796,0.968687
31.3141,0.002384,0.14796,0.968758
31.3161,0.002384,0.14796,0.968761
31.3181,0.002384,0.14796,0.968711
31.3201,0.006932,0.14796,0.968772
31.3221,0.006932,0.14796,0.968757
31.3241,0.005551,0.14796,0.968748
31.3266,0.005551,0.14796,0.968793
31.3281,0.007612,0.14796,0.96871
31.3301,0.007612,0.14796,0.968729
31.3317,0.007612,0.14796,0.968757
31.3336,0.00213,0.14796,0.968717
31.3351,0.001733,0.14796,0.96874
31.3371,0.004612,0.14796,0.968798
31.3391,0.008655,0.14796,0.968768
31.3411,0.008655,0.14796,0.968718
31.3431,0.002317,0.14796,0.968727
31.3457,0.002317,0.14796,0.968711
31.3477,0.002317,0.14796,0.968741
31.3491,0.001997,0.14796,0.96877
31.3507,0.001138,0.14796,0.968777
31.3527,0.001138,0.14796,0.968801
31.3547,0.001138,0.14796,0.968676
31.3567,0.001138,0.14796,0.968715
31.3591,0.000145,0.14796,0.968769
31.3611,0.00266,0.14796,0.968696
31.3627,0.00266,0.14796,0.968788
31.3647,0.000476,0.14796,0.968706
31.3667,0.000476,0.14796,0.968772
31.3681,0.004616,0.14796,0.96878
31.3701,0.005525,0.14796,0.968782
31.3717,0.005525,0.14796,0.968739
31.3737,0.005525,0.14796,0.968648
31.3755,0.005525,0.14796,0.968772
31.3771,0.002698,0.14796,0.968738
31.3787,0.002698,0.14796,0.968752
31.3807,0.002698,0.14796,0.96871
31.3827,0.002698,0.14796,0.96879
31.3841,0.002698,0.14796,0.968743
31.3857,0.002698,0.14796,0.968737
31.3877,0.002698,0.14796,0.968727
31.3901,0.001712,0.14796,0.96876
31.3915,0.001177,0.14796,0.968663
31.3931,0.006677,0.14796,0.968802
31.3947,0.000238,0.14796,0.968799
31.3967,0.002156,0.14796,0.968784
31.3987,0.002156,0.14796,0.968747
31.4001,0.002156,0.14796,0.968788
31.4017,0.003963,0.14796,0.968797
31.4031,0.000219,0.14796,0.968754
31.4047,0.00151,0.14796,0.968738
31.4061,0.006193,0.14796,0.968766
31.4075,0.006193,0.14796,0.968738
31.4091,0.002286,0.14796,0.968809
31.4107,0.003189,0.14796,0.968706
31.4121,0.004617,0.14796,0.968719
31.4137,0.004617,0.14796,0.968677
31.4151,0.005699,0.14796,0.96872
31.4171,0.005699,0.14796,0.968734
31.4187,0.005699,0.14796,0.968712
31.4201,0.003739,0.14796,0.968737
31.4217,0.003739,0.14796,0.96873
31.4231,0.000488,0.14796,0.968676
31.4257,0.000488,0.14796,0.968762
31.4271,0.000488,0.14796,0.968739
31.4287,0.000488,0.14796,0.968715
31.4307,0.002714,0.14796,0.968674
31.4321,0.002714,0.14796,0.968758
31.4337,0.002714,0.14796,0.968791
31.4351,0.002714,0.14796,0.968776
31.4367,0.002714,0.14796,0.968717
31.4381,0.000813,0.14796,0.96877
31.4395,0.000813,0.14796,0.968829
31.4411,0.000813,0.14796,0.968773
31.4427,0.000813,0.14796,0.968791
31.4447,0.003294,0.14796,0.968764
31.4461,0.003294,0.14796,0.968769
31.4475,0.003294,0.14796,0.968776
31.4491,0.003692,0.14796,0.968734
31.4507,0.003692,0.14796,0.968709
31.4521,0.01156,0.14796,0.968675
31.4537,0.01156,0.14796,0.9687
31.4551,0.00121,0.14796,0.96871
31.4577,0.00121,0.14796,0.968736
31.4591,0.00121,0.14796,0.968713
31.4607,0.00121,0.14796,0.968728
31.4627,0.00121,0.14796,0.96882
31.4647,0.00121,0.14796,0.968787
31.4667,0.00121,0.14796,0.968786
31.4687,0.00121,0.14796,0.968685
31.4707,0.003989,0.14796,0.968705
31.4721,0.001183,0.14796,0.968756
31.4747,0.017863,0.14796,0.968795
31.4767,0.017863,0.14796,0.968688
31.4781,0.003901,0.14796,0.968696
31.4795,0.003901,0.14796,0.968784
31.4811,0.003901,0.14796,0.968733
31.4827,0.00618,0.14796,0.968718
31.4847,0.00618,0.14796,0.968825
31.4867,0.00618,0.14796,0.968748
31.4881,0.00618,0.14796,0.968764
31.4907,0.00618,0.14796,0.968736
31.4927,0.00618,0.14796,0.968861
31.4947,0.00618,0.14796,0.968713
31.4961,0.00618,0.14796,0.968694
31.4977,0.00618,0.14796,0.968728
31.4991,0.000801,0.14796,0.968738
31.5007,0.000801,0.14796,0.968731
31.5021,0.00371,0.14796,0.968727
31.5036,0.006506,0.14796,0.96877
31.5057,0.00123,0.14796,0.968761
31.5077,0.00123,0.14796,0.968793
31.5097,0.00123,0.14796,0.968665
31.5115,0.00123,0.14796,0.968712
31.5131,0.000772,0.14796,0.968748
31.5147,0.000772,0.14796,0.96876
31.5167,0.000772,0.14796,0.968763
31.5187,0.000772,0.14796,0.968692
31.5207,0.000772,0.14796,0.968817
31.5227,0.003749,0.14796,0.968702
31.5247,0.003749,0.14796,0.968696
31.5267,0.003749,0.14796,0.968819
31.5281,0.003324,0.14796,0.968718
31.5297,0.003324,0.14796,0.968673
31.5317,0.003324,0.14796,0.968779
31.5337,0.003324,0.14796,0.968732
31.5356,0.003324,0.14796,0.968797
31.5377,0.002653,0.14796,0.968741
31.5397,0.002653,0.14796,0.968676
31.5411,0.002189,0.14796,0.968708
31.5427,0.000112,0.14796,0.968718
31.5441,0.006617,0.14796,0.968784
31.5457,0.002678,0.14796,0.968733
31.5477,0.002678,0.14796,0.968814
31.5491,0.002678,0.14796,0.968753
31.5507,0.002678,0.14796,0.968774
31.5521,0.001044,0.14796,0.968734
31.5537,0.000639,0.14796,0.968694
31.5557,0.000639,0.14796,0.968762
31.5577,0.000639,0.14796,0.968721
31.5595,0.000639,0.14796,0.968722
31.5611,0.001133,0.14796,0.968778
31.5627,0.001133,0.14796,0.968766
31.5651,0.001133,0.14796,0.968707
31.5667,0.001133,0.14796,0.968759
31.5687,0.011967,0.14796,0.968779
31.5707,0.002628,0.14796,0.96872
31.5727,0.002628,0.14796,0.968701
31.5741,0.002628,0.14796,0.968759
31.5755,0.002605,0.14796,0.968778
31.5771,0.002605,0.14796,0.968765
31.5787,0.002601,0.14796,0.968694
31.5807,0.002625,0.14796,0.968682
31.5827,0.000604,0.14796,0.968781
31.5841,0.000726,0.14796,0.968729
31.5867,0.000726,0.14796,0.968816
31.5887,0.000726,0.14796,0.968699
31.5907,0.000726,0.14796,0.968727
31.5927,0.003578,0.14796,0.968794
31.5947,0.003578,0.14796,0.96872
31.5971,0.000978,0.14796,0.968715
31.5987,0.000978,0.14796,0.96869
31.6001,0.000978,0.14796,0.968765
31.6017,0.000978,0.14796,0.968723
31.6037,0.000978,0.14796,0.968788
31.6057,0.000978,0.14796,0.968738
31.6075,0.004573,0.14796,0.968805
31.6091,0.001472,0.14796,0.968648
31.6107,0.002124,0.14796,0.968835
31.6127,0.004511,0.14796,0.968655
31.6147,0.004511,0.14796,0.968783
31.6161,5.5e-05,0.14796,0.968689
31.6177,5.5e-05,0.14796,0.968742
31.6197,5.5e-05,0.14796,0.968736
31.6217,0.002586,0.14796,0.968676
31.6231,0.000719,0.14796,0.968738
31.6247,0.002671,0.14796,0.96869
31.6271,0.002671,0.14796,0.968845
31.6287,0.002671,0.14796,0.968786
31.6301,0.002671,0.14796,0.96876
31.6315,0.002671,0.14796,0.96874
31.6331,0.005587,0.14796,0.968744
31.6347,0.005578,0.14796,0.968723
31.6367,0.005578,0.14796,0.968842
31.6387,0.005578,0.14796,0.968734
31.6401,0.005578,0.14796,0.968668
31.6417,0.002249,0.14796,0.96872
31.6437,0.002249,0.14796,0.968738
31.6451,0.002249,0.14796,0.968721
31.6467,0.001188,0.14796,0.968762
31.6481,0.013342,0.14796,0.968782
31.6497,0.000714,0.14796,0.968784
31.6517,0.001402,0.14796,0.968793
31.6537,0.001402,0.14796,0.968804
31.6555,0.001402,0.14796,0.968784
31.6577,0.001117,0.14796,0.968799
31.6597,0.001117,0.14796,0.968732
31.6617,0.001629,0.14796,0.96877
31.6635,0.001113,0.14796,0.968709
31.6651,0.00203,0.14796,0.968753
31.6667,0.00203,0.14796,0.968776
31.6687,0.002028,0.14796,0.968717
31.6707,0.002028,0.14796,0.968781
31.6727,0.002028,0.14796,0.968763
31.6747,0.002028,0.14796,0.96871
31.6767,0.001932,0.14796,0.968757
31.6787,0.014648,0.14796,0.968724
31.6807,0.003512,0.14796,0.968842
31.6827,0.001107,0.14796,0.968726
31.6841,0.002349,0.14796,0.968733
31.6857,0.000558,0.14796,0.968844
31.6871,0.002554,0.14796,0.968763
31.6891,0.002554,0.14796,0.968737
31.6907,0.007284,0.14796,0.968719
31.6927,5e-06,0.14796,0.968774
31.6947,0.001002,0.14796,0.968722
31.6961,0.00106,0.14796,0.968762
31.6987,0.00106,0.14796,0.968732
31.7007,0.00106,0.14796,0.968738
31.7027,0.004619,0.14796,0.968748
31.7047,0.016606,0.14796,0.968798
31.7067,0.004986,0.14796,0.968701
31.7087,0.012659,0.14796,0.968773
31.7107,0.012659,0.14796,0.968721
31.7127,8.3e-05,0.14796,0.968789
31.7147,0.000343,0.14796,0.968729
31.7167,0.000343,0.14796,0.96879
31.7187,0.007028,0.14796,0.968766
31.7201,0.003578,0.14796,0.968761
31.7221,0.004554,0.14796,0.968737
31.7237,0.000723,0.14796,0.968792
31.7257,0.000723,0.14796,0.968732
31.7275,0.000723,0.14796,0.968769
31.7291,0.000723,0.14796,0.968762
31.7307,0.000723,0.14796,0.968702
31.7327,0.005398,0.14796,0.968768
31.7347,0.003511,0.14796,0.968775
31.7367,0.00468,0.14796,0.968714
31.7387,0.00468,0.14796,0.968688
31.7401,0.00468,0.14796,0.968732
31.7417,0.00468,0.14796,0.968742
31.7435,0.0002,0.14796,0.968828
31.7451,0.003636,0.14796,0.968757
31.7467,0.007116,0.14796,0.968834
31.7487,0.007116,0.14796,0.968819
31.7507,0.005764,0.14796,0.968678
31.7527,0.003151,0.14796,0.968737
31.7547,0.002681,0.14796,0.968821
31.7561,0.003661,0.14796,0.968745
31.7577,0.002729,0.14796,0.968747
31.7596,0.014113,0.14796,0.968663
31.7611,0.005133,0.14796,0.968748
31.7627,0.000755,0.14796,0.968782
31.7647,0.000755,0.14796,0.968822
31.7667,0.00226,0.14796,0.968718
31.7687,0.000239,0.14796,0.968743
31.7707,0.000239,0.14796,0.968678
31.7727,0.00172,0.14796,0.968741
31.7741,0.002314,0.14796,0.968737
31.7756,0.002314,0.14796,0.968724
31.7771,0.00137,0.14796,0.968729
31.7787,0.00137,0.14796,0.96875
31.7801,0.006558,0.14796,0.96877
31.7817,0.006558,0.14796,0.968682
31.7836,0.003766,0.14796,0.968742
31.7851,0.003766,0.14796,0.968722
31.7867,0.000216,0.14796,0.968803
31.7887,0.000216,0.14796,0.968783
31.7907,0.003432,0.14796,0.968798
31.7927,0.00118,0.14796,0.968749
31.7947,0.005686,0.14796,0.968817
31.7967,0.010957,0.14796,0.968757
31.7987,0.001198,0.14796,0.96871
31.8007,0.001198,0.14796,0.968735
31.8027,0.001198,0.14796,0.96884
31.8047,0.007194,0.14796,0.968655
31.8067,0.007841,0.14796,0.968735
31.8087,0.007841,0.14796,0.968751
31.8107,0.007841,0.14796,0.968698
31.8127,0.000331,0.14796,0.9687
31.8147,0.004383,0.14796,0.968704
31.8167,0.004383,0.14796,0.968787
31.8187,0.004383,0.14796,0.968709
31.8207,0.001882,0.14796,0.968745
31.8227,0.004346,0.14796,0.968699
31.8247,0.004346,0.14796,0.968704
31.8267,0.000999,0.14796,0.968745
31.8287,0.006681,0.14796,0.968712
31.8307,0.006681,0.14796,0.968699
31.8327,0.006681,0.14796,0.968694
31.8347,0.002117,0.14796,0.968764
31.8367,0.002117,0.14796,0.968701
31.8387,0.002117,0.14796,0.968828
31.8407,0.002117,0.14796,0.96874
31.8427,0.002117,0.14796,0.968759
31.8447,0.00041,0.14796,0.968738
31.8467,0.015629,0.14796,0.968771
31.8487,0.015629,0.14796,0.968755
31.8511,0.001051,0.14796,0.968819
31.8527,0.001051,0.14796,0.968757
31.8547,0.001051,0.14796,0.968799
31.8567,0.001051,0.14796,0.96874
31.8587,0.005745,0.14796,0.968724
31.8607,0.005745,0.14796,0.96881
31.8627,0.002547,0.14796,0.968688
31.8647,0.002547,0.14796,0.968743
31.8667,0.002547,0.14796,0.968745
31.8687,0.002547,0.14796,0.968707
31.8707,0.002936,0.14796,0.96869
31.8727,0.007704,0.14796,0.968769
31.8747,0.00263,0.14796,0.968799
31.8767,0.00263,0.14796,0.968718
31.8787,0.003894,0.14796,0.968694
31.8807,0.003894,0.14796,0.968824
31.8827,0.002927,0.14796,0.968696
31.8851,0.004662,0.14796,0.96871
31.8867,0.004662,0.14796,0.968724
31.8887,0.0158,0.14796,0.968799
31.8907,0.003442,0.14796,0.968716
31.8927,0.003853,0.14796,0.968758
31.8947,0.003853,0.14796,0.96868
31.8967,0.006726,0.14796,0.968747
31.8987,0.005785,0.14796,0.968819
31.9007,0.009222,0.14796,0.968865
31.9027,0.009222,0.14796,0.96887
31.9047,0.009222,0.14796,0.969012
31.9067,0.003795,0.14796,0.969077
31.9087,0.003795,0.14796,0.969036
31.9107,0.003795,0.14796,0.969219
31.9127,0.003795,0.14796,0.969335
31.9147,0.013596,0.14796,0.969321
31.9167,0.013596,0.14796,0.969452
31.9192,0.000613,0.14796,0.969568
31.9217,0.006351,0.14796,0.969628
31.9237,0.006351,0.14796,0.969779
31.9257,0.006351,0.14796,0.9698
31.9276,0.006351,0.14796,0.96982
31.9292,0.008346,0.14796,0.969847
31.9307,0.011635,0.14796,0.969968
31.9327,0.011635,0.14796,0.970027
31.9347,0.011635,0.14796,0.969983
31.9367,0.006078,0.14796,0.970261
31.9387,0.017559,0.14796,0.970274
31.9407,0.000179,0.14796,0.9704
31.9427,0.000179,0.14796,0.970535
31.9447,0.002927,0.14796,0.970615
31.9467,0.019175,0.14796,0.970813
31.9487,0.01146,0.14796,0.970967
31.9507,0.01146,0.14796,0.971168
31.9527,0.008321,0.14796,0.97133
31.9552,6.1e-05,0.14796,0.971517
31.9567,0.005227,0.14796,0.971864
31.9587,0.013063,0.14796,0.97212
31.9607,0.018324,0.14796,0.972421
31.9627,0.018324,0.14796,0.972684
31.9647,0.014111,0.14796,0.972981
31.9667,0.025466,0.14796,0.973247
31.9687,0.025466,0.14796,0.97358
31.9707,0.000316,0.14796,0.973928
31.9727,0.018384,0.14796,0.974317
31.9747,0.015726,0.14796,0.974643
31.9767,0.015726,0.14796,0.974893
31.9787,0.015726,0.14796,0.975303
31.9807,0.015726,0.14796,0.97569
31.9827,0.012159,0.14796,0.976005
31.9847,0.012159,0.14796,0.976217
31.9867,0.012159,0.14796,0.976474
31.9892,0.012159,0.14796,0.976746
31.9912,0.012159,0.14796,0.97686
31.9932,0.013547,0.14796,0.977056
31.9952,0.013547,0.14796,0.977216
31.9972,0.013547,0.14796,0.977239
31.9992,0.013547,0.14796,0.977364
32.0012,0.04977,0.14796,0.977414
32.0032,0.04977,0.14796,0.977402
32.0048,0.023007,0.14796,0.977443
32.0062,0.023007,0.14796,0.977413
32.0082,0.009033,0.14796,0.977487
32.0102,0.023456,0.14796,0.977483
32.0122,0.00474,0.14796,0.977495
32.0142,0.01124,0.14796,0.977467
32.0162,0.01124,0.14796,0.977515
32.0182,0.014399,0.14796,0.97742
32.0202,0.014399,0.14796,0.977515
32.0227,0.013788,0.14796,0.977481
32.0248,0.013788,0.14796,0.977595
32.0268,0.009226,0.14796,0.977692
32.0288,0.011231,0.14796,0.977787
32.0308,0.019838,0.14796,0.977924
32.0328,0.019838,0.14796,0.978084
32.0348,0.019838,0.14796,0.978368
32.0368,0.013763,0.14796,0.978603
32.0388,0.037908,0.14796,0.978931
32.0408,0.037908,0.14796,0.979231
32.0428,0.002679,0.14796,0.979673
32.0448,0.01341,0.14796,0.980071
32.0468,0.030926,0.14796,0.980637
32.0488,0.004412,0.14796,0.98114
32.0508,0.020422,0.14796,0.981806
32.0528,0.000278,0.14796,0.982457
32.0548,0.036828,0.14796,0.98305
32.0568,0.020178,0.14796,0.983799
32.0592,0.021503,0.14796,0.984472
32.0612,0.007115,0.14796,0.98546
32.0632,0.007115,0.14796,0.986201
32.0652,0.009738,0.14796,0.987162
32.0672,0.012246,0.14796,0.988111
32.0692,0.000523,0.14796,0.989054
32.0712,0.01776,0.14796,0.989946
32.0732,0.006465,0.14796,0.991115
32.0752,0.001519,0.14796,0.992053
32.0772,0.013859,0.14796,0.993097
32.0792,0.012865,0.14796,0.994098
32.0812,0.012865,0.14796,0.995286
32.0832,0.002646,0.14796,0.996306
32.0852,0.016711,0.14796,0.997306
32.0872,0.016711,0.14796,0.998544
32.0892,0.003771,0.14796,0.999542
32.0912,0.00925,0.04314,1.00072
32.0932,0.05718,0.12504,1.00208
32.0956,0.24048,0.18024,1.003
32.0978,0.371182,0.2463,1.00411
32.0998,0.520085,0.26724,1.00445
32.1018,0.609229,0.25344,1.00422
32.1036,0.665732,0.19452,1.00324
32.1058,0.572924,0.11688,1.00195
32.1078,0.425506,0.11688,0.999992
32.1098,0.191728,0.11688,0.997599
32.1116,0.092085,0.11688,0.995298
32.1138,0.045371,0.11688,0.993386
32.1158,0.032815,0.11688,0.991285
32.1178,0.072872,0.11688,0.989494
32.1196,0.015719,0.11688,0.988028
32.1212,0.02655,0.11688,0.986872
32.1232,0.03526,0.11688,0.985917
32.1252,0.048066,0.11688,0.984928
32.1268,0.015825,0.11688,0.984033
32.1288,0.036286,0.11688,0.983461
32.1308,0.024343,0.11688,0.982928
32.1328,0.044666,0.11688,0.982607
32.1348,0.052525,0.11688,0.982364
32.1362,0.076925,0.11688,0.982465
32.1378,0.044329,0.11688,0.982599
32.1398,0.044329,0.11688,0.982732
32.1418,0.008139,0.11688,0.983046
32.1436,0.028269,0.11688,0.983551
32.1452,0.028104,0.11688,0.983907
32.1468,0.015713,0.11688,0.984341
32.1488,0.037328,0.11688,0.984786
32.1508,0.007185,0.11688,0.985371
32.1522,0.052335,0.11688,0.986161
32.1542,0.012624,0.11688,0.986901
32.1558,0.007834,0.11688,0.987727
32.1578,0.012342,0.11688,0.988501
32.1596,0.025731,0.11688,0.989615
32.1618,0.000713,0.11688,0.990533
32.1638,0.000753,0.11688,0.991903
32.1658,0.026728,0.11688,0.993103
32.1676,0.026728,0.11688,0.994296
32.1692,0.026728,0.11688,0.995373
32.1708,0.026728,0.11688,0.996577
32.1722,0.008565,0.11688,0.997586
32.1738,0.008353,0.11688,0.99852
32.1752,0.008043,0.11688,0.999489
32.1772,0.004694,0.03738,1.00062
32.1792,0.050091,0.12774,1.00213
32.1812,0.202741,0.21156,1.00353
32.1832,0.407839,0.29256,1.00488
32.1852,0.615054,0.34524,1.00575
32.1872,0.777422,0.36312,1.00605
32.1892,0.886562,0.33282,1.00555
32.1912,0.885588,0.25992,1.00433
32.1938,0.772107,0.14514,1.00242
32.1958,0.54858,0.14514,0.998963
32.1978,0.25174,0.14514,0.995914
32.1992,0.1159,0.14514,0.993134
32.2008,0.071259,0.14514,0.99099
32.2022,0.069245,0.14514,0.989061
32.2038,0.073654,0.14514,0.98725
32.2052,0.057608,0.14514,0.98583
32.2068,0.043128,0.14514,0.984354
32.2082,0.029152,0.14514,0.98314
32.2108,0.011609,0.14514,0.9814
32.2122,0.033961,0.14514,0.980285
32.2138,0.043991,0.14514,0.979442
32.2152,0.042062,0.14514,0.97887
32.2168,0.044285,0.14514,0.978383
32.2188,0.031093,0.14514,0.978052
32.2202,0.045676,0.14514,0.978014
32.2222,0.044866,0.14514,0.977931
32.2236,0.052271,0.14514,0.978096
32.2258,0.037739,0.14514,0.978244
32.2272,0.054455,0.14514,0.978862
32.2288,0.041008,0.14514,0.979221
32.2308,0.053479,0.14514,0.979878
32.2328,0.036032,0.14514,0.980661
32.2348,0.036032,0.14514,0.981552
32.2368,0.012122,0.14514,0.982511
32.2388,0.048749,0.14514,0.983695
32.2408,0.011654,0.14514,0.984884
32.2428,0.011654,0.14514,0.986044
32.2448,0.005075,0.14514,0.987491
32.2468,0.026248,0.14514,0.988837
32.2488,0.01137,0.14514,0.990342
32.2508,0.014666,0.14514,0.991706
32.2528,0.008709,0.14514,0.993164
32.2552,0.037514,0.14514,0.994721
32.2568,0.037514,0.14514,0.996731
32.2582,0.037514,0.14514,0.997862
32.2598,0.037514,0.14514,0.999138
32.2618,0.010878,0.03042,1.00051
32.2636,0.044707,0.13782,1.0023
32.2658,0.232955,0.22854,1.00381
32.2678,0.442128,0.33354,1.00556
32.2698,0.673549,0.40068,1.00668
32.2716,0.902495,0.4227,1.00705
32.2738,1.03822,0.38604,1.00643
32.2758,1.0198,0.2982,1.00497
32.2778,0.891847,0.15582,1.0026
32.2796,0.636515,0.15582,0.999394
32.2818,0.25982,0.15582,0.996063
32.2838,0.072701,0.15582,0.992168
32.2858,0.06416,0.15582,0.988618
32.2876,0.091279,0.15582,0.98537
32.2898,0.012237,0.15582,0.982882
32.2918,0.0161,0.15582,0.979786
32.2938,0.057304,0.15582,0.977406
32.2956,0.037167,0.15582,0.975168
32.2978,0.059773,0.15582,0.973333
32.2998,0.067263,0.15582,0.971464
32.3018,0.054932,0.15582,0.970082
32.3036,0.051722,0.15582,0.968888
32.3052,0.050894,0.15582,0.968182
32.3068,0.04463,0.15582,0.967537
32.3088,0.041893,0.15582,0.967283
32.3108,0.047017,0.15582,0.967095
32.3128,0.040312,0.15582,0.96717
32.3148,0.028572,0.15582,0.967398
32.3168,0.021876,0.15582,0.967834
32.3188,0.026842,0.15582,0.968417
32.3208,0.024631,0.15582,0.968971
32.3232,0.008134,0.15582,0.969761
32.3248,0.003242,0.15582,0.970834
32.3268,0.016512,0.15582,0.971459
32.3288,0.022728,0.15582,0.972478
32.3308,0.022728,0.15582,0.97352
32.3328,0.005446,0.15582,0.974639
32.3348,0.017709,0.15582,0.975768
32.3368,0.031107,0.15582,0.976969
32.3388,0.031107,0.15582,0.978167
32.3408,0.031107,0.15582,0.979415
32.3428,0.008089,0.15582,0.980762
32.3448,0.016198,0.15582,0.981979
32.3468,0.016198,0.15582,0.983319
32.3488,0.016198,0.15582,0.984625
32.3508,0.034156,0.15582,0.985947
32.3528,0.04079,0.15582,0.987258
32.3548,0.002766,0.15582,0.988821
32.3572,0.002263,0.15582,0.990309
32.3588,0.002263,0.15582,0.992081
32.3608,0.012685,0.15582,0.993143
32.3628,0.012685,0.15582,0.994629
32.3648,0.012685,0.15582,0.996242
32.3668,0.012685,0.15582,0.997707
32.3688,0.010183,0.15582,0.999149
32.3708,0.010183,0.0366,1.00061
32.3728,0.036142,0.1296,1.00216
32.3748,0.207205,0.21786,1.00363
32.3768,0.412219,0.29082,1.00485
32.3788,0.594891,0.34056,1.00568
32.3808,0.777739,0.34548,1.00576
32.3828,0.854162,0.3075,1.00513
32.3848,0.82795,0.22176,1.0037
32.3868,0.709442,0.08538,1.00142
32.3888,0.423402,0.08538,0.998532
32.3908,0.161706,0.08538,0.995598
32.3928,0.069168,0.08538,0.992599
32.3948,0.101618,0.08538,0.989751
32.3968,0.061385,0.08538,0.987216
32.3988,0.039446,0.08538,0.985021
32.4008,0.045274,0.08538,0.982999
32.4028,0.027952,0.08538,0.981172
32.4048,0.026402,0.08538,0.979587
32.4068,0.041546,0.08538,0.978292
32.4088,0.039619,0.08538,0.976972
32.4108,0.03304,0.08538,0.976145
32.4128,0.039218,0.08538,0.975422
32.4148,0.055662,0.08538,0.974866
32.4168,0.037057,0.08538,0.974517
32.4188,0.033271,0.08538,0.974357
32.4208,0.017276,0.08538,0.974447
32.4228,0.022707,0.08538,0.974623
32.4248,0.007014,0.08538,0.974903
32.4272,0.019249,0.08538,0.975426
32.4288,0.003168,0.08538,0.976087
32.4308,0.003168,0.08538,0.9766
32.4322,0.004411,0.08538,0.977217
32.4338,0.004411,0.08538,0.977588
32.4358,0.01562,0.08538,0.978208
32.4378,0.033977,0.08538,0.979048
32.4397,0.033977,0.08538,0.979927
32.4418,0.012549,0.08538,0.980839
32.4438,0.016665,0.08538,0.981882
32.4458,0.040696,0.08538,0.982941
32.4476,0.044727,0.08538,0.984102
32.4498,0.002714,0.08538,0.985176
32.4518,0.009954,0.08538,0.986543
32.4538,0.017022,0.08538,0.987936
32.4557,0.039572,0.08538,0.989365
32.4572,0.039572,0.08538,0.990715
32.4592,0.029879,0.08538,0.992152
32.4608,0.029985,0.08538,0.993799
32.4628,0.029985,0.08538,0.995172
32.4648,0.029985,0.08538,0.996866
32.4668,0.01716,0.08538,0.998724
32.4688,0.016849,0.04602,1.00077
32.4708,0.071037,0.16908,1.00282
32.4728,0.259398,0.28032,1.00467
32.4748,0.540356,0.38604,1.00643
32.4768,0.791035,0.45624,1.0076
32.4788,1.03851,0.48456,1.00808
32.4808,1.16822,0.4398,1.00733
32.4828,1.16373,0.33528,1.00559
32.4848,1.00054,0.16956,1.00283
32.4868,0.688962,0.16956,0.999124
32.4888,0.280321,0.16956,0.994826
32.4908,0.097848,0.16956,0.990792
32.4928,0.100033,0.16956,0.986912
32.4952,0.099116,0.16956,0.983365
32.4978,0.041993,0.16956,0.979857
32.4998,0.084332,0.16956,0.976665
32.5018,0.063647,0.16956,0.974488
32.5037,0.08107,0.16956,0.972786
32.5052,0.068039,0.16956,0.97132
32.5068,0.057378,0.16956,0.970447
32.5088,0.050451,0.16956,0.969649
32.5108,0.056021,0.16956,0.968881
32.5128,0.046127,0.16956,0.968394
32.5148,0.046334,0.16956,0.968248
32.5168,0.032665,0.16956,0.96826
32.5188,0.026184,0.16956,0.968473
32.5208,0.033623,0.16956,0.968854
32.5228,0.021229,0.16956,0.969377
32.5248,0.034935,0.16956,0.970061
32.5268,0.019463,0.16956,0.9708
32.5292,0.01868,0.16956,0.971571
32.5308,0.033063,0.16956,0.972742
32.5328,0.033063,0.16956,0.97343
32.5348,0.010151,0.16956,0.974455
32.5368,0.004341,0.16956,0.97565
32.5388,0.028067,0.16956,0.976766
32.5408,0.028067,0.16956,0.977859
32.5428,0.028067,0.16956,0.978979
32.5448,0.018454,0.16956,0.980146
32.5468,0.018454,0.16956,0.981302
32.5488,0.000139,0.16956,0.982585
32.5508,0.02861,0.16956,0.983758
32.5528,0.02861,0.16956,0.984944
32.5548,0.00957,0.16956,0.986113
32.5568,0.036252,0.16956,0.987444
32.5588,0.000624,0.16956,0.98851
32.5608,0.000624,0.16956,0.989814
32.5632,0.000624,0.16956,0.99109
32.5648,0.024358,0.16956,0.992503
32.5668,0.024358,0.16956,0.993367
32.5688,0.024358,0.16956,0.99465
32.5708,0.020646,0.16956,0.995836
32.5728,0.020646,0.16956,0.997037
32.5748,0.020646,0.16956,0.998244
32.5768,0.004083,0.16956,0.999379
32.5788,0.004083,0.033,1.00055
32.5808,0.040913,0.11712,1.00195
32.5828,0.177266,0.18234,1.00304
32.5848,0.324868,0.2358,1.00393
32.5868,0.494228,0.26496,1.00442
32.5888,0.603814,0.25632,1.00427
32.5908,0.65561,0.2151,1.00359
32.5938,0.576416,0.13584,1.00226
32.5958,0.469169,0.13584,0.999211
32.5978,0.194686,0.13584,0.996786
32.6003,0.076905,0.13584,0.994649
32.6018,0.04484,0.13584,0.991655
32.6038,0.037728,0.13584,0.990015
32.6058,0.049013,0.13584,0.988071
32.6077,0.060765,0.13584,0.986234
32.6093,0.010855,0.13584,0.984793
32.6108,0.020225,0.13584,0.983524
32.6128,0.020225,0.13584,0.982404
32.6148,0.013274,0.13584,0.981064
32.6168,0.012158,0.13584,0.9798
32.6188,0.012279,0.13584,0.978548
32.6208,0.048537,0.13584,0.977618
32.6228,0.049765,0.13584,0.976815
32.6248,0.030154,0.13584,0.97606
32.6268,0.028463,0.13584,0.975518
32.6288,0.022423,0.13584,0.975016
32.6308,0.022423,0.13584,0.974714
32.6328,0.014949,0.13584,0.974473
32.6348,0.022238,0.13584,0.974358
32.6368,0.021283,0.13584,0.974526
32.6388,0.022504,0.13584,0.974677
32.6408,0.016654,0.13584,0.974959
32.6428,0.016975,0.13584,0.975368
32.6448,0.030587,0.13584,0.975662
32.6468,0.030587,0.13584,0.97604
32.6488,0.018103,0.13584,0.976473
32.6508,0.01135,0.13584,0.97694
32.6528,0.043018,0.13584,0.977406
32.6548,0.00093,0.13584,0.977951
32.6568,0.036782,0.13584,0.978422
32.6589,0.01666,0.13584,0.978934
32.6608,0.026434,0.13584,0.979514
32.6628,0.026434,0.13584,0.980122
32.6648,0.03979,0.13584,0.980748
32.6673,0.03979,0.13584,0.981406
32.6688,0.036082,0.13584,0.98227
32.6708,0.036082,0.13584,0.982772
32.6729,0.028946,0.13584,0.983511
32.6749,0.016269,0.13584,0.984148
32.6769,0.024979,0.13584,0.984857
32.6789,0.024979,0.13584,0.985573
32.6809,0.021813,0.13584,0.986433
32.6828,0.010722,0.13584,0.987233
32.6849,0.000283,0.13584,0.988079
32.6869,0.035001,0.13584,0.988949
32.6889,0.011685,0.13584,0.989765
32.6909,0.008259,0.13584,0.990735
32.6929,0.026467,0.13584,0.991613
32.6949,0.001612,0.13584,0.992533
32.6969,0.018074,0.13584,0.993567
32.6989,0.001016,0.13584,0.994511
32.7009,0.02168,0.13584,0.995519
32.7033,0.02168,0.13584,0.996545
32.7049,0.017643,0.13584,0.997725
32.7069,0.005481,0.13584,0.998572
32.7089,0.002617,0.13584,0.999579
32.7109,0.002617,0.04584,1.00076
32.7129,0.054386,0.11196,1.00187
32.7149,0.184631,0.171,1.00285
32.7169,0.336637,0.2259,1.00377
32.7189,0.481936,0.25536,1.00426
32.7209,0.582548,0.246,1.0041
32.7229,0.637244,0.2103,1.00351
32.7249,0.590353,0.13218,1.0022
32.7269,0.459339,0.03264,1.00054
32.7289,0.27911,0.03264,0.998454
32.7309,0.112757,0.03264,0.996207
32.7329,0.082763,0.03264,0.994563
32.7349,0.035626,0.03264,0.992617
32.7369,0.02117,0.03264,0.991004
32.7389,0.042488,0.03264,0.989615
32.7409,0.045798,0.03264,0.988364
32.7429,0.01106,0.03264,0.987421
32.7449,0.057284,0.03264,0.986584
32.7469,0.065282,0.03264,0.985943
32.7489,0.008308,0.03264,0.985477
32.7509,0.019776,0.03264,0.985229
32.7529,0.019776,0.03264,0.985017
32.7543,0.039047,0.03264,0.985141
32.7559,0.036403,0.03264,0.98526
32.7579,0.046183,0.03264,0.985402
32.7597,0.041813,0.03264,0.98566
32.7619,0.041813,0.03264,0.986103
32.7639,0.041813,0.03264,0.986565
32.7659,0.006234,0.03264,0.987089
32.7677,0.016656,0.03264,0.987775
32.7693,0.007541,0.03264,0.988434
32.7709,0.007541,0.03264,0.988935
32.7729,0.007541,0.03264,0.989564
32.7749,0.033192,0.03264,0.990312
32.7769,0.011281,0.03264,0.991028
32.7789,0.011281,0.03264,0.992003
32.7809,0.011281,0.03264,0.992833
32.7829,0.000681,0.03264,0.993831
32.7849,0.000681,0.03264,0.99482
32.7869,0.012045,0.03264,0.995778
32.7889,0.012045,0.03264,0.99671
32.7909,0.012045,0.03264,0.997741
32.7929,0.012045,0.03264,0.998802
32.7949,0.012045,0.03264,0.999691
32.7969,0.012045,0.04056,1.00068
32.7989,0.050604,0.10818,1.0018
32.8009,0.175704,0.16686,1.00278
32.8029,0.313432,0.20688,1.00345
32.8049,0.439934,0.22812,1.0038
32.8069,0.529434,0.21522,1.00359
32.8089,0.566278,0.17106,1.00285
32.8109,0.498641,0.09822,1.00164
32.8129,0.368584,0.0048,1.00008
32.8149,0.188344,0.0048,0.99819
32.8169,0.069096,0.0048,0.996275
32.8189,0.044121,0.0048,0.994924
32.8209,0.092826,0.0048,0.993495
32.8229,0.02176,0.0048,0.992402
32.8249,0.077927,0.0048,0.991537
32.8269,0.069235,0.0048,0.990913
32.8289,0.017458,0.0048,0.990375
32.8309,0.023983,0.0048,0.990196
32.8329,0.021208,0.0048,0.990033
32.8343,0.013776,0.0048,0.990179
32.8359,0.006398,0.0048,0.990339
32.8383,0.02544,0.0048,0.990495
32.8397,0.026753,0.0048,0.990989
32.8419,0.011259,0.0048,0.9914
32.8439,0.002976,0.0048,0.99182
32.8459,0.010547,0.0048,0.992406
32.8477,0.031434,0.0048,0.993062
32.8499,0.004686,0.0048,0.993946
32.8519,0.008994,0.0048,0.994749
32.8539,0.011459,0.0048,0.995587
32.8557,0.021494,0.0048,0.996438
32.8579,0.021494,0.0048,0.997404
32.8599,0.021494,0.0048,0.998279
32.8619,0.005093,0.0048,0.999242
32.8637,0.008118,0.00804,1.00013
32.8659,0.00477,0.06774,1.00113
32.8679,0.094663,0.1353,1.00226
32.8699,0.241394,0.19272,1.00321
32.8718,0.384366,0.22362,1.00373
32.8739,0.503662,0.23826,1.00397
32.8759,0.573789,0.22458,1.00374
32.8779,0.603001,0.16572,1.00276
32.8797,0.520081,0.08748,1.00146
32.8819,0.334493,0.08748,0.999941
32.8839,0.133324,0.08748,0.997686
32.8859,0.081855,0.08748,0.996114
32.8877,0.045621,0.08748,0.994294
32.8899,0.041201,0.08748,0.992732
32.8919,0.073715,0.08748,0.991224
32.8939,0.02136,0.08748,0.990113
32.8957,0.017517,0.08748,0.989105
32.8973,0.005249,0.08748,0.988106
32.8989,0.018948,0.08748,0.9876
32.9009,0.035673,0.08748,0.987028
32.9029,0.014882,0.08748,0.986297
32.9053,0.017592,0.08748,0.985783
32.9069,0.02764,0.08748,0.985194
32.9089,0.003998,0.08748,0.985112
32.9109,0.031453,0.08748,0.984892
32.9129,0.031453,0.08748,0.984662
32.9149,0.031453,0.08748,0.984692
32.9169,0.02064,0.08748,0.984787
32.9189,0.04169,0.08748,0.984895
32.9209,0.016289,0.08748,0.984941
32.9229,0.016289,0.08748,0.985223
32.9249,0.004987,0.08748,0.985353
32.9269,0.008455,0.08748,0.985622
32.9289,0.006257,0.08748,0.985779
32.9309,0.008382,0.08748,0.986154
32.9329,0.04646,0.08748,0.986363
32.9349,0.04646,0.08748,0.986584
32.9369,0.046281,0.08748,0.986946
32.9389,0.020317,0.08748,0.987155
32.9413,0.020317,0.08748,0.987433
32.9429,0.020317,0.08748,0.987811
32.9449,0.020317,0.08748,0.988
32.9469,0.031677,0.08748,0.988191
32.9489,0.031677,0.08748,0.988378
32.9503,0.017141,0.08748,0.988641
32.9517,0.003406,0.08748,0.988792
32.9539,0.003406,0.08748,0.988897
32.9553,0.003406,0.08748,0.989069
32.9569,0.003406,0.08748,0.9892
32.9583,0.003406,0.08748,0.989321
32.9597,0.003406,0.08748,0.989375
32.9619,0.021293,0.08748,0.989386
32.9633,0.021293,0.08748,0.989541
32.9649,0.045515,0.08748,0.989636
32.9663,0.045515,0.08748,0.989605
32.9677,0.012126,0.08748,0.989733
32.9699,0.012126,0.08748,0.989786
32.9713,0.012126,0.08748,0.989713
32.9729,0.012126,0.08748,0.989756
32.9743,0.012126,0.08748,0.989766
32.9757,0.012126,0.08748,0.98979
32.9779,0.012126,0.08748,0.989749
32.9799,0.016707,0.08748,0.989724
32.9813,0.016707,0.08748,0.989611
32.9829,0.016707,0.08748,0.989642
32.9849,0.016707,0.08748,0.989593
32.9863,0.016707,0.08748,0.989598
32.9879,0.007739,0.08748,0.98947
32.9899,0.007739,0.08748,0.989531
32.9917,0.007739,0.08748,0.989512
32.9933,0.007739,0.08748,0.989463
32.9949,0.007739,0.08748,0.989481
32.9969,0.01868,0.08748,0.98945
32.9993,0.01868,0.08748,0.989471
33.0009,0.01868,0.08748,0.989445
33.0029,0.00052,0.08748,0.989444
33.0049,0.000857,0.08748,0.989404
33.0069,0.000857,0.08748,0.989489
33.0089,0.020632,0.08748,0.989507
33.0109,0.020632,0.08748,0.989517
33.0129,0.007299,0.08748,0.989439
33.0143,0.034924,0.08748,0.98948
33.0157,0.021257,0.08748,0.989427
33.0179,0.021257,0.08748,0.989465
33.0199,0.002636,0.08748,0.989341
33.0219,0.021208,0.08748,0.989485
33.0237,0.025522,0.08748,0.989471
33.0253,0.041557,0.08748,0.989504
33.0269,0.019002,0.08748,0.989471
33.0289,0.002558,0.08748,0.989404
33.0313,0.041073,0.08748,0.989386
33.0329,0.004713,0.08748,0.989353
33.0339,0.004713,0.08748,0.989348
33.0359,0.038358,0.08748,0.989332
33.0379,0.03491,0.08748,0.989283
33.0389,0.007324,0.08748,0.989317
33.0409,0.007324,0.08748,0.989371
33.0429,0.007324,0.08748,0.989386
33.0439,0.007324,0.08748,0.989347
33.0459,0.004296,0.08748,0.989306
33.0477,0.004296,0.08748,0.989373
33.0499,0.004608,0.08748,0.98936
33.0519,0.027752,0.08748,0.989387
33.0539,0.027752,0.08748,0.989404
33.0557,0.027752,0.08748,0.989296
33.0569,0.027752,0.08748,0.989326
33.0589,0.027752,0.08748,0.989383
33.0613,0.025566,0.08748,0.989299
33.0629,0.025278,0.08748,0.989295
33.0649,0.025278,0.08748,0.98933
33.0659,0.02094,0.08748,0.989332
33.0679,0.059778,0.08748,0.989288
33.0699,0.03467,0.08748,0.989272
33.0709,0.03467,0.08748,0.98928
33.0729,0.00457,0.08748,0.989312
33.0749,0.022657,0.08748,0.989159
33.0769,0.039168,0.08748,0.989147
33.0789,0.039168,0.08748,0.989271
33.0809,0.039168,0.08748,0.989222
33.0829,0.018561,0.08748,0.989126
33.0849,0.018561,0.08748,0.989206
33.0869,0.002486,0.08748,0.989174
33.0889,0.009499,0.08748,0.989099
33.0899,0.007187,0.08748,0.989098
33.0923,0.007187,0.08748,0.989007
33.0939,0.007187,0.08748,0.989056
33.0958,0.025778,0.08748,0.989034
33.0979,0.01438,0.08748,0.989049
33.0999,0.000275,0.08748,0.98899
33.1019,0.021278,0.08748,0.988885
33.1037,0.012012,0.08748,0.988807
33.1049,0.012012,0.08748,0.988754
33.1069,0.023765,0.08748,0.988692
33.1089,0.023765,0.08748,0.988836
33.1109,0.009891,0.08748,0.988648
33.1129,0.009891,0.08748,0.988568
33.1149,0.009891,0.08748,0.988528
33.1169,0.02662,0.08748,0.988483
33.1189,0.02662,0.08748,0.988319
33.1209,0.028855,0.08748,0.988292
33.1229,0.017757,0.08748,0.98812
33.1249,0.017757,0.08748,0.987976
33.1269,0.017757,0.08748,0.987816
33.1289,0.017757,0.08748,0.987682
33.1309,0.017757,0.08748,0.987473
33.1329,0.017757,0.08748,0.987215
33.1349,0.023189,0.08748,0.986988
33.1369,0.000271,0.08748,0.986769
33.1389,0.000271,0.08748,0.986483
33.1409,0.028117,0.08748,0.986089
33.1429,0.028117,0.08748,0.985778
33.1449,0.028117,0.08748,0.985428
33.1469,0.028117,0.08748,0.984972
33.1489,0.028117,0.08748,0.984458
33.1509,0.028117,0.08748,0.983964
33.1529,0.028117,0.08748,0.983441
33.1549,0.028117,0.08748,0.982739
33.1569,0.028117,0.08748,0.981999
33.1589,0.00497,0.08748,0.981227
33.1609,0.011557,0.08748,0.980467
33.1629,0.002846,0.08748,0.9796
33.1649,0.000561,0.08748,0.978591
33.1669,0.000561,0.08748,0.977733
33.1689,0.010231,0.08748,0.976724
33.1709,0.001256,0.08748,0.975629
33.1729,0.001256,0.08748,0.974545
33.1749,0.001256,0.08748,0.973494
33.1769,0.001256,0.08748,0.972289
33.1789,0.001256,0.08748,0.971145
33.1809,0.001256,0.08748,0.969953
33.1829,0.001256,0.08748,0.968761
33.1849,0.001256,0.08748,0.967435
33.1869,0.003169,0.08748,0.96621
33.1889,0.009313,0.08748,0.965013
33.1909,0.009313,0.08748,0.963581
33.1929,0.009313,0.08748,0.96233
33.1949,0.006813,0.08748,0.961127
33.1969,0.006813,0.08748,0.959939
33.1989,0.006813,0.08748,0.95868
33.2003,0.016027,0.08748,0.957539
33.2019,0.017325,0.08748,0.956571
33.2039,0.017325,0.08748,0.955871
33.2059,0.017346,0.08748,0.954685
33.2078,0.017346,0.08748,0.953636
33.2093,0.017346,0.08748,0.952707
33.2109,0.017346,0.08748,0.951733
33.2129,0.005202,0.08748,0.950959
33.2149,0.024123,0.08748,0.950034
33.2169,0.024123,0.08748,0.949132
33.2189,0.031886,0.08748,0.948081
33.2209,0.031886,0.08748,0.947225
33.2234,0.031886,0.08748,0.946304
33.2249,0.029325,0.08748,0.945215
33.2269,0.010818,0.08748,0.944608
33.2289,0.003192,0.08748,0.943734
33.2309,0.010078,0.08748,0.943049
33.2329,0.010078,0.08748,0.942284
33.2349,0.010078,0.08748,0.941497
33.2369,0.011758,0.08748,0.940764
33.2389,0.014493,0.08748,0.940054
33.2409,0.007776,0.08748,0.939313
33.2429,0.013532,0.08748,0.938502
33.2449,0.001268,0.08748,0.937755
33.2469,0.001268,0.08748,0.936945
33.2489,0.009669,0.08748,0.936283
33.2509,0.003821,0.08748,0.935501
33.2529,0.003821,0.08748,0.934775
33.2549,0.000146,0.08748,0.93418
33.2574,0.012242,0.08748,0.933401
33.2589,0.012242,0.08748,0.932564
33.2609,0.008482,0.08748,0.932054
33.2629,0.000814,0.08748,0.931374
33.2649,0.000814,0.08748,0.930838
33.2669,0.005237,0.08748,0.930284
33.2689,0.012815,0.08748,0.92964
33.2709,0.012815,0.08748,0.929132
33.2729,0.007276,0.08748,0.928619
33.2749,0.01093,0.08748,0.928052
33.2769,0.01093,0.08748,0.927492
33.2789,0.01093,0.08748,0.926976
33.2809,0.01093,0.08748,0.926456
33.2829,0.01093,0.08748,0.925935
33.2849,0.01093,0.08748,0.925471
33.2869,0.012509,0.08748,0.925026
33.2889,0.012509,0.08748,0.924574
33.2914,0.020329,0.08748,0.924219
33.2929,0.008826,0.08748,0.923624
33.2949,0.000778,0.08748,0.923321
33.2969,0.017765,0.08748,0.92289
33.2989,0.000303,0.08748,0.922533
33.3009,0.000303,0.08748,0.922155
33.3029,0.023306,0.08748,0.921855
33.3049,0.023306,0.08748,0.92163
33.3069,0.000814,0.08748,0.921192
33.3089,0.039907,0.08748,0.920965
33.3109,0.039907,0.08748,0.920738
33.3129,0.015226,0.08748,0.920559
33.3149,0.007236,0.08748,0.920388
33.3169,0.018397,0.08748,0.92026
33.3189,0.005378,0.08748,0.920108
33.3209,0.005378,0.08748,0.920092
33.3219,0.020408,0.08748,0.920103
33.3244,0.002217,0.08748,0.920082
33.3259,0.002217,0.08748,0.920135
33.3278,0.002217,0.08748,0.920254
33.3289,0.000835,0.08748,0.920174
33.331,0.000825,0.08748,0.920238
33.333,0.026952,0.08748,0.920273
33.335,0.026952,0.08748,0.920376
33.3369,0.011057,0.08748,0.920313
33.3389,0.00662,0.08748,0.920366
33.341,0.008598,0.08748,0.920322
33.343,0.008598,0.08748,0.920341
33.3449,0.008598,0.08748,0.920288
33.347,0.009936,0.08748,0.920307
33.349,0.018241,0.08748,0.920236
33.351,0.018241,0.08748,0.920212
33.353,0.021621,0.08748,0.920267
33.355,0.01705,0.08748,0.920248
33.3574,0.01705,0.08748,0.920172
33.359,0.01705,0.08748,0.920235
33.361,0.02616,0.08748,0.920309
33.363,0.02041,0.08748,0.920356
33.365,0.02041,0.08748,0.920289
33.367,0.00362,0.08748,0.920361
33.369,0.014683,0.08748,0.920339
33.371,0.014683,0.08748,0.92036
33.373,0.014683,0.08748,0.920387
33.375,0.001186,0.08748,0.92038
33.377,0.001186,0.08748,0.92038
33.379,0.001186,0.08748,0.920374
33.381,0.001186,0.08748,0.92044
33.383,0.00245,0.08748,0.920429
33.385,0.011503,0.08748,0.920452
33.387,0.011503,0.08748,0.920404
33.389,0.011503,0.08748,0.920541
33.3914,0.002489,0.08748,0.920574
33.394,0.002489,0.08748,0.920565
33.396,0.002489,0.08748,0.920686
33.398,0.03129,0.08748,0.920671
33.3998,0.03129,0.08748,0.920805
33.401,0.015856,0.08748,0.920915
33.403,0.025644,0.08748,0.920889
33.405,0.016802,0.08748,0.920965
33.407,0.016802,0.08748,0.921073
33.409,0.016802,0.08748,0.921066
33.411,0.000567,0.08748,0.921147
33.413,0.021903,0.08748,0.921242
33.415,0.021903,0.08748,0.921297
33.417,0.021903,0.08748,0.921371
33.419,0.006768,0.08748,0.921503
33.421,0.024159,0.08748,0.921536
33.423,0.024159,0.08748,0.921772
33.425,0.024159,0.08748,0.921782
33.427,0.015359,0.08748,0.921897
33.429,0.023771,0.08748,0.922136
33.431,0.004738,0.08748,0.922246
33.433,0.004738,0.08748,0.922529
33.435,0.004738,0.08748,0.922704
33.437,0.026219,0.08748,0.922875
33.439,0.026219,0.08748,0.923124
33.441,0.026219,0.08748,0.923406
33.443,0.026219,0.08748,0.923644
33.445,0.02756,0.08748,0.923996
33.447,0.002071,0.08748,0.924329
33.449,0.000592,0.08748,0.924656
33.451,0.004722,0.08748,0.925119
33.453,0.004913,0.08748,0.925485
33.455,0.028281,0.08748,0.926069
33.457,0.0082,0.08748,0.926682
33.459,0.0082,0.08748,0.927211
33.4614,0.018888,0.08748,0.927904
33.463,0.006906,0.08748,0.928801
33.465,0.006906,0.08748,0.929372
33.467,0.01113,0.08748,0.930116
33.469,0.021798,0.08748,0.930916
33.471,0.015006,0.08748,0.931962
33.473,0.006184,0.08748,0.932944
33.475,0.004954,0.08748,0.933993
33.477,0.003354,0.08748,0.934978
33.479,0.005898,0.08748,0.936115
33.481,0.015635,0.08748,0.937275
33.483,0.015635,0.08748,0.938507
33.485,0.015635,0.08748,0.939584
33.487,0.056325,0.08748,0.940822
33.489,0.034116,0.08748,0.94203
33.491,0.034116,0.08748,0.943267
33.493,0.024217,0.08748,0.944596
33.495,0.011202,0.08748,0.94584
33.497,0.011202,0.08748,0.947185
33.499,0.011202,0.08748,0.948494
33.501,0.023557,0.08748,0.949857
33.503,0.023557,0.08748,0.951331
33.505,0.001412,0.08748,0.952605
33.507,0.008122,0.08748,0.954089
33.509,0.008122,0.08748,0.955347
33.511,0.008122,0.08748,0.956723
33.513,0.008122,0.08748,0.958188
33.515,0.013556,0.08748,0.959488
33.517,0.012345,0.08748,0.960681
33.519,0.012345,0.08748,0.96206
33.521,0.012345,0.08748,0.9632
33.523,0.012345,0.08748,0.964434
33.525,0.012345,0.08748,0.965564
33.527,0.012345,0.08748,0.966674
33.529,0.012345,0.08748,0.967648
33.5314,0.012345,0.08748,0.968492
33.533,0.012345,0.08748,0.969639
33.535,0.012345,0.08748,0.970189
33.537,0.012345,0.08748,0.970871
33.539,0.012345,0.08748,0.971578
33.541,0.012345,0.08748,0.972205
33.543,0.012345,0.08748,0.972705
33.545,0.012345,0.08748,0.973238
33.547,0.012345,0.08748,0.973669
33.549,0.040057,0.08748,0.974238
33.551,0.005037,0.08748,0.974672
33.553,0.005037,0.08748,0.975135
33.555,0.005037,0.08748,0.975567
33.557,0.019935,0.08748,0.976055
33.559,0.019935,0.08748,0.976411
33.561,0.019935,0.08748,0.976723
33.563,0.019935,0.08748,0.97709
33.5654,0.019935,0.08748,0.977334
33.567,0.019935,0.08748,0.977803
33.569,0.019935,0.08748,0.978041
33.571,0.012773,0.08748,0.978263
33.573,0.026317,0.08748,0.978669
33.575,0.026317,0.08748,0.979014
33.577,0.026317,0.08748,0.979421
33.579,0.013161,0.08748,0.979712
33.581,0.023452,0.08748,0.980242
33.583,0.023452,0.08748,0.980523
33.585,0.023452,0.08748,0.980935
33.587,0.023452,0.08748,0.98137
33.589,0.013338,0.08748,0.981867
33.591,0.021536,0.08748,0.982321
33.593,0.009249,0.08748,0.982629
33.595,0.03766,0.08748,0.983139
33.597,0.03766,0.08748,0.983517
33.5994,0.03766,0.08748,0.983955
33.6023,0.03766,0.08748,0.984535
33.604,0.03766,0.08748,0.985284
33.606,0.021396,0.08748,0.985701
33.6078,0.033471,0.08748,0.986214
33.61,0.033471,0.08748,0.986774
33.612,0.007952,0.08748,0.987405
33.614,0.003855,0.08748,0.988201
33.6158,0.00842,0.08748,0.988753
33.618,0.014555,0.08748,0.989413
33.62,0.014555,0.08748,0.990145
33.622,0.014555,0.08748,0.990814
33.6238,0.014842,0.08748,0.991582
33.626,0.042971,0.08748,0.992207
33.628,0.042971,0.08748,0.993035
33.63,0.042971,0.08748,0.993762
33.6318,0.009317,0.08748,0.994515
33.6334,0.009317,0.08748,0.995158
33.6354,0.011686,0.08748,0.995747
33.637,0.010722,0.08748,0.996391
33.639,0.010722,0.08748,0.996835
33.641,0.010722,0.08748,0.997476
33.643,0.002602,0.08748,0.998071
33.645,0.002602,0.08748,0.998628
33.647,0.002602,0.08748,0.999217
33.649,0.002602,0.08748,0.999804
33.651,0.001454,0.0204,1.00034
33.653,0.022053,0.05754,1.00096
33.655,0.092843,0.08418,1.0014
33.657,0.151198,0.10848,1.00181
33.659,0.235469,0.11514,1.00192
33.661,0.269226,0.10632,1.00177
33.663,0.273186,0.07926,1.00132
33.665,0.255369,0.04464,1.00074
33.667,0.197992,0.04464,0.999864
33.6694,0.084881,0.04464,0.999188
33.671,0.06996,0.04464,0.998533
33.673,0.087038,0.04464,0.99836
33.675,0.062372,0.04464,0.998361
33.677,0.038891,0.04464,0.998697
33.679,0.035945,0.04464,0.999164
33.681,0.022303,0.04464,0.999737
33.683,0.022303,0.0222,1.00037
33.685,0.035014,0.06132,1.00102
33.687,0.107683,0.09438,1.00157
33.689,0.183777,0.11646,1.00194
33.691,0.256043,0.13578,1.00226
33.693,0.324612,0.13278,1.00221
33.695,0.338468,0.11448,1.00191
33.697,0.319872,0.0804,1.00134
33.699,0.270652,0.0258,1.00043
33.701,0.17914,0.0258,0.999462
33.7034,0.094057,0.0258,0.998625
33.705,0.070292,0.0258,0.998073
33.707,0.073232,0.0258,0.997871
33.709,0.057016,0.0258,0.997924
33.711,0.028278,0.0258,0.99834
33.713,0.029179,0.0258,0.998767
33.715,0.023653,0.0258,0.99951
33.717,0.024538,0.01512,1.00025
33.719,0.042011,0.0771,1.00129
33.721,0.117652,0.12648,1.00211
33.723,0.238634,0.17604,1.00293
33.725,0.363524,0.21228,1.00354
33.727,0.46904,0.22014,1.00367
33.729,0.538791,0.19164,1.00319
33.731,0.529125,0.14502,1.00242
33.733,0.459606,0.05928,1.00099
33.735,0.311702,0.05928,0.999448
33.737,0.163442,0.05928,0.998098
33.7394,0.098231,0.05928,0.997064
33.741,0.081842,0.05928,0.996093
33.743,0.074298,0.05928,0.995937
33.745,0.072459,0.05928,0.996207
33.747,0.062819,0.05928,0.996506
33.749,0.056859,0.05928,0.997228
33.751,0.053287,0.05928,0.998092
33.753,0.047233,0.05928,0.999336
33.755,0.018736,0.03486,1.00058
33.757,0.078507,0.13452,1.00224
33.759,0.241789,0.22692,1.00378
33.761,0.432423,0.30804,1.00513
33.763,0.637629,0.36714,1.00612
33.765,0.826683,0.37716,1.00629
33.767,0.911044,0.32166,1.00536
33.769,0.886725,0.22218,1.0037
33.771,0.732,0.07542,1.00126
33.7734,0.391211,0.07542,0.998525
33.7754,0.185627,0.07542,0.995115
33.777,0.13146,0.07542,0.99268
33.779,0.118,0.07542,0.991086
33.781,0.107745,0.07542,0.989541
33.783,0.131891,0.07542,0.988764
33.785,0.095052,0.07542,0.988401
33.787,0.077798,0.07542,0.9885
33.789,0.093731,0.07542,0.989122
33.791,0.066486,0.07542,0.990127
33.793,0.071373,0.07542,0.991368
33.795,0.034483,0.07542,0.992865
33.797,0.006975,0.07542,0.994568
33.799,0.020181,0.07542,0.99632
33.801,0.020181,0.07542,0.99829
33.803,0.003141,0.00906,1.00015
33.805,0.005707,0.13782,1.0023
33.807,0.181913,0.24774,1.00413
33.809,0.440884,0.34056,1.00568
33.811,0.696736,0.40068,1.00668
33.813,0.88761,0.40374,1.00673
33.815,0.956591,0.3315,1.00553
33.817,0.902456,0.19734,1.00329
33.819,0.728693,0.00216,1.00004
33.821,0.3277,0.00216,0.996494
33.823,0.140146,0.00216,0.993078
33.825,0.118145,0.00216,0.990522
33.827,0.133547,0.00216,0.98811
33.829,0.102849,0.00216,0.986672
33.831,0.102911,0.00216,0.985643
33.833,0.120891,0.00216,0.985105
33.835,0.059877,0.00216,0.985213
33.837,0.090114,0.00216,0.98581
33.839,0.038612,0.00216,0.986661
33.841,0.061345,0.00216,0.987955
33.843,0.038856,0.00216,0.989433
33.845,0.040838,0.00216,0.991367
33.847,0.000321,0.00216,0.99309
33.849,0.000321,0.00216,0.995159
33.851,0.000321,0.00216,0.997085
33.853,0.00416,0.00216,0.999027
33.855,0.00416,0.05118,1.00085
33.857,0.041648,0.17316,1.00289
33.859,0.244961,0.25866,1.00431
33.861,0.473218,0.33192,1.00553
33.863,0.67488,0.35598,1.00593
33.865,0.801952,0.3177,1.0053
33.867,0.813965,0.22554,1.00376
33.869,0.713623,0.07494,1.00125
33.871,0.434245,0.07494,0.998296
33.873,0.184343,0.07494,0.995197
33.875,0.139243,0.07494,0.992503
33.8775,0.145405,0.07494,0.990228
33.879,0.103176,0.07494,0.987984
33.881,0.114396,0.07494,0.987027
33.883,0.108137,0.07494,0.98627
33.885,0.06817,0.07494,0.986058
33.887,0.046201,0.07494,0.986326
33.889,0.059459,0.07494,0.986866
33.891,0.087684,0.07494,0.987571
33.893,0.037398,0.07494,0.988769
33.895,0.052285,0.07494,0.989909
33.897,0.007515,0.07494,0.991267
33.899,0.014809,0.07494,0.992536
33.901,0.008976,0.07494,0.994033
33.903,0.008976,0.07494,0.995367
33.905,0.008976,0.07494,0.9968
33.907,0.008976,0.07494,0.997983
33.909,0.008976,0.07494,0.999112
33.9115,0.008976,0.00192,1.00003
33.9135,0.008976,0.05694,1.00095
33.915,0.048034,0.10206,1.0017
33.917,0.151713,0.12216,1.00204
33.919,0.234681,0.13038,1.00217
33.921,0.272669,0.12234,1.00204
33.923,0.310259,0.07248,1.00121
33.925,0.256053,0.01068,1.00018
33.927,0.128789,0.01068,0.998974
33.929,0.058049,0.01068,0.997714
33.931,0.062686,0.01068,0.996726
33.933,0.033274,0.01068,0.995848
33.935,0.03303,0.01068,0.995203
33.937,0.054362,0.01068,0.994773
33.939,0.011916,0.01068,0.994478
33.941,0.021103,0.01068,0.994485
33.943,0.037581,0.01068,0.994458
33.945,0.025277,0.01068,0.994648
33.947,0.025008,0.01068,0.994984
33.949,0.025008,0.01068,0.995229
33.951,0.004954,0.01068,0.995525
33.953,0.015802,0.01068,0.995748
33.955,0.015802,0.01068,0.996042
33.957,0.015802,0.01068,0.99622
33.959,0.015802,0.01068,0.996418
33.961,0.015802,0.01068,0.996664
33.963,0.015802,0.01068,0.99674
33.965,0.015802,0.01068,0.99684
33.967,0.002,0.01068,0.996905
33.969,0.002,0.01068,0.996959
33.971,0.002,0.01068,0.996894
33.973,0.002,0.01068,0.996826
33.975,0.002,0.01068,0.996774
33.977,0.016917,0.01068,0.996752
33.979,0.012114,0.01068,0.996732
33.981,0.000545,0.01068,0.996673
33.983,0.000545,0.01068,0.996663
33.985,0.007796,0.01068,0.996684
33.987,0.004863,0.01068,0.996595
33.989,0.02242,0.01068,0.996652
33.991,0.02242,0.01068,0.996637
33.993,0.02242,0.01068,0.996626
33.995,0.02242,0.01068,0.996669
33.997,0.019979,0.01068,0.996705
33.999,0.014989,0.01068,0.996731
34.0011,0.014989,0.01068,0.996801
34.0031,0.014989,0.01068,0.996817
34.005,0.014989,0.01068,0.996789
34.0071,0.017588,0.01068,0.996796
34.0091,0.000445,0.01068,0.996925
34.0111,0.000445,0.01068,0.996832
34.0131,0.000445,0.01068,0.9969
34.0155,0.017335,0.01068,0.996967
34.0171,0.013562,0.01068,0.996991
34.019,0.013562,0.01068,0.997044
34.0211,0.002138,0.01068,0.997102
34.0231,0.000393,0.01068,0.997116
34.0251,0.000393,0.01068,0.997194
34.0271,0.000393,0.01068,0.99725
34.0291,0.000393,0.01068,0.997391
34.0311,0.000224,0.01068,0.997355
34.0331,0.000224,0.01068,0.997456
34.0351,0.000224,0.01068,0.997542
34.0371,0.000224,0.01068,0.997659
34.0391,0.0001,0.01068,0.997776
34.0411,0.0001,0.01068,0.997866
34.0431,0.01028,0.01068,0.997979
34.0451,0.01028,0.01068,0.998182
34.0471,0.01028,0.01068,0.99826
34.0495,0.01028,0.01068,0.998404
34.0511,0.008818,0.01068,0.998558
34.0531,0.008818,0.01068,0.998607
34.0551,0.008818,0.01068,0.998876
34.0571,0.009792,0.01068,0.999016
34.0591,0.010656,0.01068,0.999228
34.0611,0.010427,0.01068,0.999382
34.0631,0.010427,0.01068,0.999523
34.0651,0.00736,0.01068,0.999776
34.0671,0.00736,0.01068,0.999889
34.0691,0.010193,0.0081,1.00014
34.0711,0.008128,0.01086,1.00018
34.0731,0.031946,0.02106,1.00035
34.0751,0.038067,0.03036,1.00051
34.0771,0.083566,0.03546,1.00059
34.0791,0.074573,0.03102,1.00052
34.0811,0.081747,0.02616,1.00044
34.0831,0.085983,0.0186,1.00031
34.0851,0.058118,0.00852,1.00014
34.0871,0.044032,0.00372,1.00006
34.0891,0.031354,0.00372,0.999988
34.0911,0.031583,0.00372,0.999947
34.0931,0.017363,0.00372,0.999907
34.0951,0.008241,0.01038,1.00017
34.0971,0.016951,0.02232,1.00037
34.0991,0.050225,0.03234,1.00054
34.1011,0.068192,0.04632,1.00077
34.1031,0.09614,0.05664,1.00094
34.1051,0.124054,0.0609,1.00102
34.1071,0.154193,0.05148,1.00086
34.1091,0.144122,0.03804,1.00063
34.1111,0.128772,0.02508,1.00042
34.1131,0.104129,0.00684,1.00011
34.1151,0.076423,0.00684,0.999737
34.1171,0.029433,0.00684,0.999617
34.1195,0.027771,0.00684,0.999469
34.1211,0.026747,0.00684,0.999638
34.1231,0.029893,0.00684,0.999743
34.1251,0.007275,0.00768,1.00013
34.1271,0.00734,0.02718,1.00045
34.1301,0.058972,0.0444,1.00074
34.1321,0.082496,0.08196,1.00137
34.1341,0.160424,0.09084,1.00151
34.1359,0.207317,0.09534,1.00159
34.1381,0.227105,0.08436,1.00141
34.1401,0.230878,0.05502,1.00092
34.1421,0.203313,0.01926,1.00032
34.1439,0.123398,0.01926,0.999558
34.1461,0.06343,0.01926,0.999135
34.1481,0.060993,0.01926,0.998689
34.1501,0.033975,0.01926,0.998692
34.1519,0.038991,0.01926,0.998679
34.1545,0.020451,0.01926,0.998922
34.1561,0.030381,0.01926,0.999506
34.1581,0.010613,0.01926,0.999875
34.1599,0.000703,0.02868,1.00048
34.1621,0.040352,0.05694,1.00095
34.1641,0.105908,0.08262,1.00138
34.1661,0.173911,0.1092,1.00182
34.1679,0.225003,0.12708,1.00212
34.1701,0.289314,0.11652,1.00194
34.1721,0.30567,0.09,1.0015
34.1741,0.278105,0.06066,1.00101
34.1759,0.226556,0.00132,1.00002
34.1781,0.103165,0.00132,0.999454
34.1801,0.077722,0.00132,0.998747
34.1821,0.046338,0.00132,0.998351
34.1839,0.040116,0.00132,0.998293
34.1861,0.051308,0.00132,0.998407
34.1881,0.037247,0.00132,0.998812
34.1905,0.012891,0.00132,0.999298
34.1919,0.005179,0.00132,0.999998
34.1941,0.007803,0.02724,1.00045
34.1961,0.048022,0.0681,1.00114
34.1981,0.11614,0.10902,1.00182
34.1999,0.206717,0.13986,1.00233
34.2021,0.305634,0.15462,1.00258
34.2041,0.354667,0.15768,1.00263
34.2061,0.385971,0.12594,1.0021
34.2079,0.377708,0.07458,1.00124
34.2101,0.288623,0.01074,1.00018
34.2121,0.155968,0.01074,0.998954
34.2141,0.08946,0.01074,0.997903
34.2159,0.077654,0.01074,0.997351
34.2181,0.055435,0.01074,0.996807
34.2201,0.057301,0.01074,0.996794
34.2221,0.04946,0.01074,0.996823
34.2245,0.028974,0.01074,0.997291
34.2261,0.022344,0.01074,0.997944
34.2281,0.026713,0.01074,0.99843
34.2301,0.01298,0.01074,0.999
34.2319,0.002158,0.01074,0.999906
34.2341,0.002158,0.03072,1.00051
34.2361,0.049731,0.08868,1.00148
34.2381,0.141791,0.13002,1.00217
34.2399,0.236985,0.16668,1.00278
34.2421,0.350728,0.18084,1.00301
34.2441,0.416754,0.17208,1.00287
34.2461,0.448491,0.13026,1.00217
34.2479,0.390899,0.0684,1.00114
34.2501,0.268522,0.0684,0.99998
34.2521,0.160683,0.0684,0.998466
34.2541,0.066116,0.0684,0.997363
34.2559,0.058584,0.0684,0.996417
34.2581,0.072825,0.0684,0.995866
34.2601,0.049592,0.0684,0.995591
34.2621,0.054142,0.0684,0.995643
34.2639,0.048413,0.0684,0.996025
34.2661,0.033647,0.0684,0.996349
34.2681,0.004076,0.0684,0.997097
34.2701,0.005004,0.0684,0.997683
34.2719,0.014481,0.0684,0.99847
34.2741,0.010533,0.0684,0.999144
34.2761,0.010796,0.01272,1.00021
34.2781,0.016751,0.07182,1.0012
34.2799,0.09745,0.12048,1.00201
34.2821,0.225943,0.15942,1.00266
34.2841,0.325405,0.19224,1.0032
34.2861,0.408418,0.19386,1.00323
34.2879,0.473053,0.15846,1.00264
34.2901,0.449643,0.10896,1.00182
34.2921,0.357507,0.01746,1.00029
34.2941,0.185358,0.01746,0.998639
34.2959,0.10529,0.01746,0.997208
34.2975,0.088835,0.01746,0.99624
34.2991,0.065537,0.01746,0.995531
34.3011,0.086366,0.01746,0.994944
34.3031,0.074166,0.01746,0.994521
34.3051,0.06175,0.01746,0.994553
34.3071,0.041056,0.01746,0.994907
34.3091,0.021251,0.01746,0.995381
34.3111,0.024411,0.01746,0.995906
34.3131,0.011476,0.01746,0.996634
34.3151,0.031519,0.01746,0.997517
34.3171,0.017661,0.01746,0.998347
34.3191,0.007476,0.01746,0.999299
34.3211,0.007763,0.01716,1.00029
34.3231,0.014127,0.0849,1.00142
34.3251,0.121062,0.14556,1.00243
34.3275,0.257861,0.19566,1.00326
34.3295,0.391626,0.22302,1.00372
34.3315,0.48959,0.21528,1.00359
34.3335,0.537145,0.17592,1.00293
34.3355,0.514876,0.09708,1.00162
34.3375,0.383967,0.00324,1.00005
34.3395,0.181595,0.00324,0.9982
34.3415,0.093209,0.00324,0.996456
34.3431,0.089905,0.00324,0.9952
34.3451,0.069032,0.00324,0.994496
34.3471,0.084843,0.00324,0.993886
34.3491,0.04444,0.00324,0.993806
34.3511,0.057745,0.00324,0.993875
34.3531,0.029208,0.00324,0.994445
34.3551,0.05189,0.00324,0.995195
34.3571,0.024227,0.00324,0.995883
34.3591,0.007514,0.00324,0.996884
34.3611,0.021213,0.00324,0.997912
34.3635,0.014006,0.00324,0.99897
34.3651,0.003149,0.02034,1.00034
34.3671,0.03056,0.08694,1.00145
34.3691,0.125732,0.15162,1.00253
34.3711,0.268936,0.21204,1.00353
34.3731,0.412944,0.2472,1.00412
34.3751,0.536683,0.25002,1.00417
34.3771,0.598477,0.21426,1.00357
34.3791,0.586557,0.1317,1.0022
34.3811,0.469388,0.0234,1.00039
34.3831,0.269032,0.0234,0.998309
34.3851,0.136821,0.0234,0.996008
34.3871,0.073973,0.0234,0.994552
34.3891,0.077621,0.0234,0.993149
34.3911,0.105854,0.0234,0.992199
34.3931,0.04866,0.0234,0.991824
34.3951,0.048791,0.0234,0.991752
34.3975,0.029513,0.0234,0.992142
34.3991,0.033541,0.0234,0.992852
34.4011,0.05954,0.0234,0.993508
34.4031,0.021099,0.0234,0.994454
34.4051,0.024112,0.0234,0.995356
34.4071,0.030056,0.0234,0.996521
34.4091,0.007198,0.0234,0.997625
34.4111,0.0028,0.0234,0.998876
34.4131,0.0028,0.0234,0.999969
34.4151,0.0028,0.07542,1.00126
34.4181,0.132549,0.14802,1.00247
34.4201,0.252147,0.22482,1.00375
34.4221,0.422357,0.25686,1.00428
34.424,0.552985,0.24624,1.0041
34.4261,0.610163,0.20304,1.00338
34.4281,0.580156,0.10536,1.00176
34.4301,0.403313,0.10536,0.999604
34.4321,0.179598,0.10536,0.997271
34.4341,0.08605,0.10536,0.995322
34.4361,0.107319,0.10536,0.993265
34.4381,0.07561,0.10536,0.991756
34.44,0.058919,0.10536,0.990587
34.4415,0.097055,0.10536,0.989874
34.4431,0.058446,0.10536,0.989589
34.4451,0.047071,0.10536,0.989516
34.4471,0.064821,0.10536,0.989618
34.4491,0.026526,0.10536,0.990061
34.4511,0.055629,0.10536,0.990615
34.4531,0.016329,0.10536,0.991402
34.4551,0.016329,0.10536,0.992172
34.4571,0.039128,0.10536,0.993132
34.4591,0.004561,0.10536,0.994106
34.4611,0.027389,0.10536,0.995192
34.4631,0.027389,0.10536,0.996371
34.4651,0.004107,0.10536,0.997375
34.4675,0.004107,0.10536,0.998482
34.4691,0.004107,0.10536,0.999736
34.4711,0.004107,0.02688,1.00045
34.4731,0.007553,0.08028,1.00134
34.4751,0.103778,0.1263,1.00211
34.4771,0.219409,0.1524,1.00254
34.4791,0.312808,0.15846,1.00264
34.4811,0.354564,0.13536,1.00226
34.4831,0.360874,0.08388,1.0014
34.4851,0.288928,0.00774,1.00013
34.4871,0.161291,0.00774,0.99853
34.4891,0.066782,0.00774,0.997147
34.4911,0.040989,0.00774,0.996018
34.4931,0.066249,0.00774,0.994897
34.4951,0.049728,0.00774,0.993978
34.4971,0.068439,0.00774,0.993482
34.4991,0.055624,0.00774,0.993132
34.5015,0.032642,0.00774,0.993181
34.5031,0.025864,0.00774,0.99344
34.5051,0.021918,0.00774,0.993658
34.5071,0.000513,0.00774,0.994006
34.5091,0.000805,0.00774,0.994403
34.5111,0.012463,0.00774,0.994931
34.5131,0.000541,0.00774,0.995398
34.5151,0.000541,0.00774,0.995904
34.5171,0.000541,0.00774,0.996385
34.5191,0.000541,0.00774,0.996937
34.5211,0.000541,0.00774,0.997459
34.5231,0.008233,0.00774,0.997918
34.5251,0.008233,0.00774,0.998402
34.5271,0.008233,0.00774,0.998793
34.5291,0.000864,0.00774,0.999015
34.5311,0.000864,0.00774,0.999397
34.5331,0.000864,0.00774,0.999525
34.5355,0.000864,0.00774,0.999823
34.5371,0.000798,0.00774,0.999929
34.5391,0.000798,0.00774,0.999921
34.5411,0.001629,0.00774,0.999913
34.5431,0.001629,0.00774,0.999908
34.5451,0.005473,0.00774,0.99972
34.5471,0.000566,0.00774,0.999716
34.5491,0.011644,0.00774,0.999658
34.5511,0.011644,0.00774,0.999596
34.5531,0.011361,0.00774,0.999522
34.5551,0.00364,0.00774,0.999522
34.5571,0.012398,0.00774,0.999498
34.5591,0.012398,0.00774,0.99949
34.5611,0.012209,0.00774,0.999574
34.5631,0.012209,0.00774,0.999552
34.5651,0.006158,0.00774,0.999662
34.5671,0.000682,0.00774,0.999622
34.5691,0.001855,0.00774,0.999575
34.5711,0.001855,0.00774,0.999514
34.5731,0.006314,0.00774,0.999514
34.5751,0.004649,0.00774,0.999474
34.5771,0.004649,0.00774,0.99943
34.5791,0.004649,0.00774,0.999558
34.5811,0.004694,0.00774,0.999529
34.5831,0.007201,0.00774,0.999486
34.5851,0.001011,0.00774,0.999492
34.5871,0.001011,0.00774,0.999477
34.5891,0.001011,0.00774,0.999436
34.5911,0.009348,0.00774,0.999499
34.5931,0.000829,0.00774,0.999539
34.5951,0.00176,0.00774,0.999476
34.5971,0.005719,0.00774,0.999491
34.5991,0.010255,0.00774,0.999421
34.6011,0.010255,0.00774,0.999419
34.6031,0.010255,0.00774,0.99951
34.6056,0.002706,0.00774,0.999515
34.6071,0.006662,0.00774,0.999515
34.6091,0.006662,0.00774,0.99948
34.6111,0.006662,0.00774,0.999531
34.6131,0.00104,0.00774,0.999456
34.6151,0.012256,0.00774,0.999553
34.6171,0.012256,0.00774,0.999546
34.6191,0.012256,0.00774,0.999535
34.6211,0.008584,0.00774,0.999488
34.6231,0.008249,0.00774,0.999595
34.6251,0.000883,0.00774,0.999468
34.6271,0.000883,0.00774,0.999579
34.6291,0.004619,0.00774,0.999598
34.6311,0.000869,0.00774,0.99958
34.6331,0.000869,0.00774,0.999538
34.6351,0.000869,0.00774,0.999483
34.6371,0.012407,0.00774,0.999679
34.6392,0.017439,0.00774,0.999596
34.6412,0.010817,0.00774,0.999633
34.6432,0.004068,0.00774,0.999666
34.6452,0.002746,0.00774,0.999669
34.6472,0.002746,0.00774,0.999615
34.6492,0.002746,0.00774,0.999659
34.6512,0.004518,0.00774,0.99965
34.6532,0.004518,0.00774,0.999674
34.6552,0.004518,0.00774,0.999622
34.6572,0.004518,0.00774,0.999641
34.6592,0.000864,0.00774,0.999678
34.6612,0.000864,0.00774,0.999777
34.6632,0.000864,0.00774,0.999773
34.6652,0.000864,0.00774,0.999753
34.6672,0.000864,0.00774,0.999678
34.6692,0.000864,0.00774,0.999674
34.6712,0.005222,0.00774,0.999774
34.6732,0.007582,0.00774,0.99973
34.6752,0.007582,0.00774,0.99978
34.6772,0.007582,0.00774,0.999776
34.6792,0.004901,0.00774,0.999842
34.6812,0.004901,0.00774,0.999811
34.6832,0.004901,0.00774,0.999835
34.6852,0.004901,0.00774,0.999768
34.6872,0.011569,0.00774,0.999835
34.6892,0.011569,0.00774,0.999902
34.6912,0.011569,0.00774,0.999889
34.6932,0.011569,0.00774,0.999835
34.6952,0.009529,0.00774,0.999863
34.6972,0.009529,0.00774,0.999826
34.6992,0.009529,0.00774,0.999981
34.7012,0.000262,0.00774,0.999951
34.7032,0.004791,0.00774,0.999893
34.7052,0.004791,0.00774,0.999958
34.7072,0.004791,0.00774,0.999909
34.7092,0.010234,0.0018,1.00003
34.7112,0.013298,0.0018,0.999983
34.7132,0.013298,0.0018,0.999951
34.7152,0.013298,0.0018,0.999967
34.7172,0.000903,6e-05,1
34.7192,0.01377,0.00426,1.00007
34.7212,0.008122,0.00588,1.0001
34.7232,0.005519,0.00318,1.00005
34.7252,0.007585,0.0075,1.00013
34.7272,0.019196,0.00942,1.00016
34.7292,0.031098,0.0057,1.00009
34.7312,0.014341,0.00768,1.00013
34.7332,0.014186,0.00924,1.00015
34.7352,0.022592,0.00804,1.00013
34.7372,0.033278,0.00576,1.0001
34.7392,0.014599,0.00378,1.00006
34.7416,0.012745,0.00792,1.00013
34.7432,0.016892,0.00954,1.00016
34.7452,0.016369,0.0132,1.00022
34.7472,0.027431,0.01626,1.00027
34.7492,0.052407,0.01872,1.00031
34.7512,0.048402,0.01656,1.00028
34.7532,0.04784,0.0165,1.00028
34.7552,0.045237,0.0177,1.0003
34.7572,0.062755,0.01422,1.00024
34.7592,0.039224,0.01068,1.00018
34.7612,0.035147,0.01002,1.00017
34.7632,0.043104,0.01512,1.00025
34.7652,0.035161,0.01338,1.00022
34.7672,0.04059,0.01632,1.00027
34.7692,0.050461,0.01938,1.00032
34.7712,0.049181,0.02112,1.00035
34.7732,0.054147,0.03012,1.0005
34.7752,0.073343,0.03192,1.00053
34.7772,0.083863,0.036,1.0006
34.7792,0.091344,0.03276,1.00055
34.7812,0.101532,0.02904,1.00048
34.7832,0.092373,0.02712,1.00045
34.7852,0.084034,0.02178,1.00036
34.7872,0.081018,0.02376,1.0004
34.7892,0.086347,0.01278,1.00021
34.7912,0.053738,0.02004,1.00033
34.7932,0.054507,0.02274,1.00038
34.7952,0.072762,0.0303,1.0005
34.7972,0.072065,0.03168,1.00053
34.7992,0.089366,0.03936,1.00066
34.8012,0.11042,0.04812,1.0008
34.8032,0.114822,0.04902,1.00082
34.8052,0.128775,0.04302,1.00072
34.8072,0.138513,0.04464,1.00074
34.8092,0.121127,0.0363,1.00061
34.8112,0.119552,0.0294,1.00049
34.8132,0.119304,0.01812,1.0003
34.8152,0.073454,0.0138,1.00023
34.8172,0.064272,0.00852,1.00014
34.8192,0.064531,0.00966,1.00016
34.8212,0.032896,0.02256,1.00038
34.8232,0.054184,0.03132,1.00052
34.8252,0.087027,0.04464,1.00074
34.8272,0.101149,0.06066,1.00101
34.8292,0.133705,0.06516,1.00109
34.8312,0.16161,0.0723,1.00121
34.8332,0.184041,0.07338,1.00122
34.8352,0.191487,0.06378,1.00106
34.8372,0.184384,0.04542,1.00076
34.8392,0.174735,0.02856,1.00048
34.8412,0.121271,0.00144,1.00002
34.8432,0.074816,0.00144,0.999814
34.8456,0.048967,0.00144,0.999687
34.8472,0.040599,0.00144,0.99978
34.8492,0.02264,0.00144,0.999827
34.8512,0.01664,0.01494,1.00025
34.8532,0.0265,0.03264,1.00054
34.8552,0.074792,0.05382,1.0009
34.8572,0.117083,0.07956,1.00133
34.8592,0.166154,0.0975,1.00163
34.8612,0.218793,0.10542,1.00176
34.8632,0.256658,0.10494,1.00175
34.8652,0.277691,0.08928,1.00149
34.8672,0.254328,0.0663,1.00111
34.8692,0.221147,0.027,1.00045
34.8712,0.17044,0.027,0.999802
34.8732,0.077646,0.027,0.99914
34.8752,0.049611,0.027,0.998853
34.8772,0.055687,0.027,0.998619
34.8792,0.02553,0.027,0.998715
34.8822,0.021236,0.027,0.99898
34.8842,0.010426,0.027,0.999637
34.8862,0.017097,0.01368,1.00023
34.888,0.035684,0.0471,1.00079
34.8902,0.074167,0.08118,1.00135
34.8922,0.151499,0.1167,1.00195
34.8942,0.243129,0.13746,1.00229
34.896,0.309711,0.1425,1.00238
34.8982,0.34524,0.13236,1.00221
34.9002,0.352265,0.09252,1.00154
34.9022,0.312394,0.03954,1.00066
34.904,0.201135,0.03954,0.999635
34.9062,0.101144,0.03954,0.998817
34.9082,0.084468,0.03954,0.998018
34.9102,0.046385,0.03954,0.997579
34.912,0.049031,0.03954,0.997465
34.9142,0.059316,0.03954,0.997633
34.9166,0.035829,0.03954,0.998033
34.9182,0.00863,0.03954,0.998585
34.92,0.015655,0.03954,0.999063
34.9222,0.013805,0.03954,0.999775
34.9242,0.009754,0.0306,1.00051
34.9262,0.041793,0.07956,1.00133
34.928,0.129278,0.11466,1.00191
34.9302,0.234864,0.14922,1.00249
34.9322,0.315111,0.16752,1.00279
34.9342,0.378628,0.16254,1.00271
34.936,0.414728,0.1227,1.00205
34.9382,0.362583,0.06876,1.00115
34.9402,0.284975,0.06876,0.999704
34.9422,0.153805,0.06876,0.998596
34.944,0.07472,0.06876,0.997605
34.9462,0.099652,0.06876,0.996993
34.9482,0.06167,0.06876,0.996536
34.9502,0.050933,0.06876,0.996648
34.9526,0.046652,0.06876,0.99701
34.9542,0.019322,0.06876,0.997521
34.9562,0.01914,0.06876,0.998143
34.9582,0.022602,0.06876,0.998878
34.96,0.011638,0.06876,0.999637
34.9622,0.007894,0.02562,1.00043
34.9642,0.041049,0.09108,1.00152
34.9662,0.137787,0.14142,1.00236
34.968,0.262984,0.18282,1.00305
34.9702,0.387435,0.2052,1.00342
34.9722,0.45566,0.19926,1.00332
34.9742,0.489464,0.15096,1.00252
34.976,0.473156,0.08484,1.00141
34.9782,0.335077,0.00048,1.00001
34.9802,0.175117,0.00048,0.998391
34.9822,0.116496,0.00048,0.996981
34.984,0.106714,0.00048,0.996072
34.9866,0.073286,0.00048,0.995583
34.9882,0.094107,0.00048,0.995456
34.9902,0.035849,0.00048,0.995651
34.992,0.031744,0.00048,0.996217
34.9942,0.023851,0.00048,0.996613
34.9962,0.02858,0.00048,0.997498
34.9982,0.028088,0.00048,0.998415
35,0.020727,0.00048,0.999511
35.0022,0.005989,0.02082,1.00035
35.0042,0.030479,0.11112,1.00185
35.0062,0.159001,0.1752,1.00292
35.008,0.323747,0.225,1.00375
35.0102,0.470146,0.25284,1.00421
35.0122,0.567117,0.24696,1.00412
35.0142,0.622008,0.1941,1.00324
35.016,0.584213,0.11076,1.00185
35.0182,0.433071,0.0054,1.00009
35.0202,0.209303,0.0054,0.997933
35.0222,0.10946,0.0054,0.996237
35.024,0.126822,0.0054,0.99494
35.0262,0.080562,0.0054,0.994169
35.0282,0.05172,0.0054,0.993732
35.0302,0.091599,0.0054,0.993853
35.032,0.057447,0.0054,0.9942
35.0336,0.065074,0.0054,0.994793
35.0352,0.054652,0.0054,0.995498
35.0372,0.060051,0.0054,0.996076
35.0392,0.029876,0.0054,0.997325
35.0412,0.015209,0.0054,0.998563
35.0432,0.006543,0.0054,0.999859
35.0452,0.006177,0.07218,1.0012
35.0472,0.091931,0.15864,1.00264
35.0492,0.257074,0.23826,1.00397
35.0512,0.449921,0.29418,1.0049
35.0532,0.611928,0.31134,1.00519
35.0552,0.744934,0.28026,1.00467
35.0572,0.740322,0.19746,1.00329
35.0592,0.643564,0.08052,1.00134
35.0612,0.414208,0.08052,0.999013
35.0632,0.21724,0.08052,0.996492
35.0652,0.124741,0.08052,0.994347
35.0672,0.113479,0.08052,0.992717
35.0692,0.108215,0.08052,0.991611
35.0712,0.10527,0.08052,0.991159
35.0732,0.079206,0.08052,0.991183
35.0752,0.064405,0.08052,0.991507
35.0772,0.080808,0.08052,0.992099
35.0792,0.023471,0.08052,0.993009
35.0812,0.032974,0.08052,0.994119
35.0832,0.025327,0.08052,0.995385
35.0852,0.019723,0.08052,0.996882
35.0872,0.016925,0.08052,0.998354
35.0896,0.00302,0.08052,0.999912
35.0912,0.000959,0.10416,1.00174
35.0932,0.130476,0.18078,1.00301
35.0952,0.312682,0.26388,1.0044
35.0972,0.504703,0.32334,1.00539
35.0992,0.674973,0.33792,1.00563
35.1012,0.792477,0.2943,1.00491
35.1032,0.796502,0.2007,1.00335
35.1052,0.661415,0.06432,1.00107
35.1072,0.392772,0.06432,0.998056
35.1092,0.209273,0.06432,0.995299
35.1112,0.131691,0.06432,0.992827
35.1132,0.099025,0.06432,0.990675
35.1152,0.126169,0.06432,0.989226
35.1172,0.092189,0.06432,0.98833
35.1192,0.095075,0.06432,0.988054
35.1212,0.094401,0.06432,0.98793
35.1232,0.09574,0.06432,0.988472
35.1256,0.07854,0.06432,0.989139
35.1272,0.020053,0.06432,0.990383
35.1292,0.031956,0.06432,0.991311
35.1312,0.03004,0.06432,0.992592
35.1332,0.040794,0.06432,0.994053
35.1352,0.033284,0.06432,0.995677
35.1372,0.033284,0.06432,0.997301
35.1392,0.033284,0.06432,0.998922
35.1412,0.033284,0.0327,1.00055
35.1432,0.039153,0.13818,1.0023
35.1452,0.192726,0.21336,1.00356
35.1472,0.385074,0.2883,1.00481
35.1492,0.568726,0.3228,1.00538
35.1512,0.71039,0.30972,1.00516
35.1532,0.761561,0.24234,1.00404
35.1552,0.71184,0.1284,1.00214
35.1572,0.519319,0.1284,0.999528
35.1596,0.220082,0.1284,0.996529
35.1612,0.110636,0.1284,0.993277
35.1632,0.12078,0.1284,0.991328
35.1652,0.102671,0.1284,0.989288
35.1672,0.103684,0.1284,0.988077
35.1692,0.104553,0.1284,0.987233
35.1712,0.121412,0.1284,0.987075
35.1732,0.055926,0.1284,0.987038
35.1752,0.054376,0.1284,0.987566
35.1772,0.053844,0.1284,0.988324
35.1792,0.027984,0.1284,0.989219
35.1812,0.069195,0.1284,0.990305
35.1832,0.025996,0.1284,0.991489
35.1852,0.025996,0.1284,0.992942
35.1872,0.000876,0.1284,0.994387
35.1892,0.028889,0.1284,0.99578
35.1912,0.028889,0.1284,0.99727
35.1936,0.028889,0.1284,0.998717
35.1952,0.028889,0.02382,1.0004
35.1972,0.015992,0.10056,1.00168
35.1992,0.130929,0.1749,1.00292
35.2012,0.300456,0.23016,1.00384
35.2032,0.456221,0.26448,1.00441
35.2052,0.561668,0.25788,1.0043
35.2072,0.617645,0.2055,1.00343
35.2092,0.574598,0.10236,1.00171
35.2112,0.418118,0.10236,0.99963
35.2132,0.208029,0.10236,0.996939
35.2152,0.072028,0.10236,0.994517
35.2172,0.05499,0.10236,0.992262
35.2192,0.097925,0.10236,0.990658
35.2212,0.111722,0.10236,0.989422
35.2232,0.046391,0.10236,0.98848
35.2252,0.07597,0.10236,0.988039
35.2272,0.087388,0.10236,0.988076
35.2297,0.060622,0.10236,0.988418
35.2312,0.016496,0.10236,0.989053
35.2332,0.020684,0.10236,0.989638
35.2352,0.021996,0.10236,0.990419
35.2372,0.040875,0.10236,0.991354
35.2392,0.021608,0.10236,0.99237
35.2412,0.003833,0.10236,0.993491
35.2432,0.00852,0.10236,0.994644
35.2452,0.020847,0.10236,0.995816
35.2472,0.007679,0.10236,0.996951
35.2492,0.007679,0.10236,0.998136
35.2512,0.007679,0.10236,0.999241
35.2532,0.007679,0.0075,1.00013
35.2552,0.007679,0.06492,1.00108
35.2572,0.070311,0.10974,1.00183
35.2592,0.181599,0.15246,1.00254
35.2612,0.296279,0.17178,1.00286
35.2637,0.372363,0.16686,1.00278
35.2657,0.403917,0.1137,1.0019
35.2677,0.359546,0.04308,1.00072
35.2697,0.216403,0.04308,0.999131
35.2717,0.098428,0.04308,0.997508
35.2732,0.068167,0.04308,0.996124
35.2752,0.044574,0.04308,0.995116
35.2772,0.035445,0.04308,0.994076
35.2792,0.086207,0.04308,0.993565
35.2812,0.030769,0.04308,0.993242
35.2832,0.052953,0.04308,0.993328
35.2852,0.034141,0.04308,0.993462
35.2872,0.05111,0.04308,0.993944
35.2892,0.000385,0.04308,0.99442
35.2912,0.008818,0.04308,0.994944
35.2932,0.00552,0.04308,0.995516
35.2952,0.008861,0.04308,0.996202
35.2977,0.008861,0.04308,0.996887
35.2992,0.017768,0.04308,0.997738
35.3012,0.006959,0.04308,0.998381
35.3033,0.006959,0.04308,0.999123
35.3053,0.006959,0.04308,0.999859
35.3073,0.006959,0.03186,1.00053
35.3093,0.037593,0.06648,1.00111
35.3113,0.098124,0.09582,1.0016
35.3133,0.182909,0.1182,1.00197
35.3153,0.245817,0.11424,1.0019
35.3173,0.27441,0.09744,1.00162
35.3193,0.254234,0.04698,1.00078
35.3213,0.195436,0.04698,0.999965
35.3233,0.103444,0.04698,0.998797
35.3253,0.040571,0.04698,0.997893
35.3273,0.037057,0.04698,0.997004
35.3293,0.027472,0.04698,0.996418
35.3313,0.036026,0.04698,0.995954
35.3337,0.022809,0.04698,0.995826
35.3353,0.051164,0.04698,0.995799
35.3373,0.020694,0.04698,0.995924
35.3393,0.002092,0.04698,0.996244
35.3413,0.011697,0.04698,0.99653
35.3433,0.017186,0.04698,0.996859
35.3453,0.017186,0.04698,0.997113
35.3473,0.001984,0.04698,0.997468
35.3493,0.000838,0.04698,0.997878
35.3513,0.008529,0.04698,0.998212
35.3533,0.008529,0.04698,0.998542
35.3553,0.008529,0.04698,0.998873
35.3573,0.008529,0.04698,0.999161
35.3593,0.008529,0.04698,0.999364
35.3613,0.008529,0.04698,0.999571
35.3633,0.008529,0.04698,0.999733
35.3653,0.008529,0.04698,0.999784
35.3677,0.000627,0.04698,0.999859
35.3693,0.000541,0.04698,0.999719
35.3713,0.000541,0.04698,0.999781
35.3733,0.011987,0.04698,0.999656
35.3753,0.011987,0.04698,0.999568
35.3773,0.013099,0.04698,0.999462
35.3793,9.9e-05,0.04698,0.999442
35.3813,0.012925,0.04698,0.999385
35.3833,0.003682,0.04698,0.999304
35.3853,0.010598,0.04698,0.999194
35.3873,0.010598,0.04698,0.999216
35.3893,0.00831,0.04698,0.999189
35.3913,0.00831,0.04698,0.999072
35.3927,0.00831,0.04698,0.999169
35.3953,0.00831,0.04698,0.999179
35.3967,0.009119,0.04698,0.999144
35.3983,0.009119,0.04698,0.99905
35.4007,0.009119,0.04698,0.999063
35.4023,0.009119,0.04698,0.998967
35.4043,0.009119,0.04698,0.999007
35.4063,0.000818,0.04698,0.998856
35.4081,0.006817,0.04698,0.998801
35.4103,0.006817,0.04698,0.99879
35.4123,0.006817,0.04698,0.998711
35.4143,0.007004,0.04698,0.998769
35.4161,0.006941,0.04698,0.998622
35.4177,0.006941,0.04698,0.998565
35.4193,0.010447,0.04698,0.998526
35.4213,0.010447,0.04698,0.998366
35.4233,0.010447,0.04698,0.998343
35.4253,0.010447,0.04698,0.998281
35.4273,0.009708,0.04698,0.998165
35.4293,0.009708,0.04698,0.998054
35.4313,0.009708,0.04698,0.997985
35.4333,0.009708,0.04698,0.997867
35.4353,0.001782,0.04698,0.997682
35.4373,0.001782,0.04698,0.997578
35.4393,0.001782,0.04698,0.997433
35.4413,0.001782,0.04698,0.997188
35.4433,0.001782,0.04698,0.996969
35.4453,7e-06,0.04698,0.996817
35.4473,0.011187,0.04698,0.996494
35.4493,0.011187,0.04698,0.996186
35.4513,0.011187,0.04698,0.995857
35.4533,0.011187,0.04698,0.995621
35.4553,0.012566,0.04698,0.9953
35.4573,0.012566,0.04698,0.99494
35.4593,0.012566,0.04698,0.994629
35.4613,0.012566,0.04698,0.994223
35.4633,0.028011,0.04698,0.993929
35.4657,0.001323,0.04698,0.993428
35.4673,0.029651,0.04698,0.992973
35.4693,0.020197,0.04698,0.992728
35.4713,0.00844,0.04698,0.992518
35.4733,0.00844,0.04698,0.992179
35.4753,0.00844,0.04698,0.991937
35.4773,0.021642,0.04698,0.991589
35.4793,0.021642,0.04698,0.9913
35.4813,0.00357,0.04698,0.991027
35.4833,0.024298,0.04698,0.990733
35.4853,0.024298,0.04698,0.99044
35.4873,0.024298,0.04698,0.990145
35.4893,0.00067,0.04698,0.989793
35.4913,0.009949,0.04698,0.989359
35.4933,0.007716,0.04698,0.98901
35.4953,0.0103,0.04698,0.988732
35.4973,0.0103,0.04698,0.988413
35.4997,0.0103,0.04698,0.987983
35.5013,0.036808,0.04698,0.987518
35.5033,0.021874,0.04698,0.987198
35.5053,0.021874,0.04698,0.986839
35.5073,0.021874,0.04698,0.986434
35.5093,0.003884,0.04698,0.986106
35.5113,0.029617,0.04698,0.985801
35.5133,0.008451,0.04698,0.985501
35.5153,0.008451,0.04698,0.98517
35.5173,0.012199,0.04698,0.984823
35.5193,0.02126,0.04698,0.984481
35.5213,0.012659,0.04698,0.98411
35.5233,0.012659,0.04698,0.983582
35.5253,0.02036,0.04698,0.983127
35.5273,0.02036,0.04698,0.982785
35.5293,0.02019,0.04698,0.982273
35.5313,0.011856,0.04698,0.981744
35.5337,0.03621,0.04698,0.981277
35.5353,0.001234,0.04698,0.980561
35.5373,0.001234,0.04698,0.98026
35.5393,7.9e-05,0.04698,0.979786
35.5413,0.018179,0.04698,0.979363
35.5433,0.00469,0.04698,0.978938
35.5453,0.014698,0.04698,0.978503
35.5473,0.012332,0.04698,0.978098
35.5493,0.012332,0.04698,0.97761
35.5513,0.012332,0.04698,0.977188
35.5533,0.012332,0.04698,0.976836
35.5553,0.010303,0.04698,0.976398
35.5573,0.000701,0.04698,0.975964
35.5593,0.007616,0.04698,0.9756
35.5613,0.007616,0.04698,0.975028
35.5633,0.011927,0.04698,0.974652
35.5653,0.012973,0.04698,0.974332
35.5677,0.012973,0.04698,0.973925
35.5703,0.012973,0.04698,0.973445
35.5723,0.015344,0.04698,0.973075
35.5743,0.015344,0.04698,0.972647
35.5761,0.015344,0.04698,0.972304
35.5783,0.012836,0.04698,0.971981
35.5803,0.012836,0.04698,0.971569
35.5823,0.012836,0.04698,0.971248
35.5841,0.012836,0.04698,0.970809
35.5863,0.012836,0.04698,0.97038
35.5883,0.012836,0.04698,0.969801
35.5903,0.002877,0.04698,0.969451
35.5921,0.002877,0.04698,0.968904
35.5943,0.002877,0.04698,0.96836
35.5963,0.002877,0.04698,0.967832
35.5983,0.005611,0.04698,0.967346
35.6001,0.006736,0.04698,0.966826
35.6027,0.003483,0.04698,0.966356
35.6043,0.006206,0.04698,0.965647
35.6063,0.011051,0.04698,0.96522
35.6081,0.011051,0.04698,0.964729
35.6103,0.00119,0.04698,0.964193
35.6123,0.00356,0.04698,0.963643
35.6143,0.003809,0.04698,0.963159
35.6161,0.003809,0.04698,0.962625
35.6183,0.013974,0.04698,0.962114
35.6203,0.00447,0.04698,0.961552
35.6223,0.00447,0.04698,0.961074
35.6241,0.017741,0.04698,0.960608
35.6263,0.017741,0.04698,0.960174
35.6283,0.017741,0.04698,0.95967
35.6303,0.017741,0.04698,0.959147
35.6321,0.006944,0.04698,0.958584
35.6343,0.006944,0.04698,0.958215
35.6363,0.006944,0.04698,0.957576
35.6383,0.024548,0.04698,0.957142
35.6401,0.024548,0.04698,0.956612
35.6423,0.024548,0.04698,0.956034
35.6443,0.006827,0.04698,0.955546
35.6463,0.006827,0.04698,0.954944
35.6481,0.006827,0.04698,0.954382
35.6503,0.029264,0.04698,0.953901
35.6523,0.029264,0.04698,0.953277
35.6543,0.029264,0.04698,0.952792
35.6561,0.013227,0.04698,0.952131
35.6583,0.013227,0.04698,0.951642
35.6603,0.013227,0.04698,0.950891
35.6623,0.015216,0.04698,0.950396
35.6641,0.015216,0.04698,0.949779
35.6663,0.015216,0.04698,0.949198
35.6687,0.003368,0.04698,0.948657
35.6703,0.011767,0.04698,0.947907
35.6721,0.011767,0.04698,0.947472
35.6743,0.011767,0.04698,0.946833
35.6763,0.007002,0.04698,0.946245
35.6783,0.011185,0.04698,0.945565
35.6801,0.011185,0.04698,0.944935
35.6823,0.011185,0.04698,0.944372
35.6843,0.011185,0.04698,0.943662
35.6863,0.010057,0.04698,0.943049
35.6881,0.010057,0.04698,0.942279
35.6903,0.002139,0.04698,0.941732
35.6923,0.006035,0.04698,0.941005
35.6943,0.006035,0.04698,0.940219
35.6961,0.006035,0.04698,0.939444
35.6983,0.006035,0.04698,0.938676
35.7003,0.006278,0.04698,0.937821
35.7027,0.00034,0.04698,0.937045
35.7041,0.00034,0.04698,0.936016
35.7063,0.004298,0.04698,0.935551
35.7083,0.000959,0.04698,0.934741
35.7103,0.000959,0.04698,0.933921
35.7121,0.002816,0.04698,0.933185
35.7143,0.002816,0.04698,0.932437
35.7163,0.013216,0.04698,0.931702
35.7183,0.013216,0.04698,0.931001
35.7201,0.013216,0.04698,0.930295
35.7223,0.007947,0.04698,0.929747
35.7243,0.007947,0.04698,0.92896
35.7263,0.006647,0.04698,0.928138
35.7282,0.006647,0.04698,0.927525
35.7303,0.002835,0.04698,0.926891
35.7323,0.022262,0.04698,0.926133
35.7343,0.001427,0.04698,0.925584
35.7367,0.001427,0.04698,0.924812
35.7383,0.001427,0.04698,0.924074
35.7403,0.001427,0.04698,0.923705
35.7423,0.031349,0.04698,0.92299
35.7442,0.031349,0.04698,0.922452
35.7463,0.010399,0.04698,0.921891
35.7483,0.004207,0.04698,0.921276
35.7503,0.000799,0.04698,0.920641
35.7522,0.016068,0.04698,0.920125
35.7543,0.016068,0.04698,0.919664
35.7563,0.018293,0.04698,0.919159
35.7583,0.000821,0.04698,0.918701
35.7602,0.000821,0.04698,0.918266
35.7623,0.012405,0.04698,0.917892
35.7643,0.012405,0.04698,0.91746
35.7663,0.012405,0.04698,0.916905
35.7682,0.035106,0.04698,0.916488
35.7703,0.029637,0.04698,0.916063
35.7723,0.029637,0.04698,0.915708
35.7743,0.066742,0.04698,0.915277
35.7762,0.066742,0.04698,0.91499
35.7783,0.066742,0.04698,0.914685
35.7803,0.037695,0.04698,0.914174
35.7823,0.037695,0.04698,0.913846
35.7842,0.005838,0.04698,0.913528
35.7863,0.013824,0.04698,0.913341
35.7883,0.013824,0.04698,0.912996
35.7903,0.048478,0.04698,0.912808
35.7922,0.009134,0.04698,0.912519
35.7943,0.008583,0.04698,0.912334
35.7963,0.02895,0.04698,0.912
35.7983,0.032986,0.04698,0.911755
35.8002,0.032986,0.04698,0.911416
35.8023,0.012666,0.04698,0.911165
35.8043,0.012249,0.04698,0.91091
35.8063,0.012249,0.04698,0.910528
35.8082,0.012399,0.04698,0.910201
35.8103,0.005058,0.04698,0.909983
35.8123,0.008536,0.04698,0.909503
35.8143,0.008536,0.04698,0.909249
35.8162,0.002798,0.04698,0.909033
35.8177,0.002798,0.04698,0.908814
35.8193,0.002798,0.04698,0.908431
35.8213,0.01275,0.04698,0.908296
35.8233,0.000512,0.04698,0.90808
35.8253,0.020313,0.04698,0.907973
35.8273,0.027816,0.04698,0.90767
35.8293,0.027816,0.04698,0.907663
35.8313,0.027816,0.04698,0.90747
35.8333,0.027816,0.04698,0.907366
35.8357,0.027816,0.04698,0.907336
35.8373,0.002149,0.04698,0.907341
35.8393,0.040984,0.04698,0.907365
35.8413,0.011322,0.04698,0.907298
35.8433,0.011322,0.04698,0.907461
35.8453,0.017011,0.04698,0.907446
35.8473,0.017011,0.04698,0.907537
35.8493,0.016987,0.04698,0.90761
35.8513,0.015763,0.04698,0.907577
35.8533,0.015763,0.04698,0.907709
35.8553,0.015763,0.04698,0.907763
35.8573,0.015763,0.04698,0.90777
35.8593,0.015763,0.04698,0.907852
35.8613,0.015763,0.04698,0.907907
35.8633,0.017465,0.04698,0.908005
35.8653,0.017465,0.04698,0.908015
35.8673,0.002036,0.04698,0.908115
35.8693,0.010148,0.04698,0.908148
35.8717,0.021257,0.04698,0.908243
35.8743,0.021257,0.04698,0.908331
35.8763,0.021257,0.04698,0.90851
35.8783,0.02183,0.04698,0.908641
35.8802,0.02183,0.04698,0.908792
35.8817,0.02183,0.04698,0.90898
35.8833,0.02183,0.04698,0.909153
35.8853,0.02183,0.04698,0.909217
35.8873,0.011443,0.04698,0.909417
35.8893,0.020258,0.04698,0.909681
35.8913,0.020258,0.04698,0.909808
35.8933,0.027777,0.04698,0.910113
35.8953,0.027777,0.04698,0.910269
35.8973,0.020963,0.04698,0.91051
35.8993,0.036506,0.04698,0.910708
35.9013,0.036506,0.04698,0.910994
35.9033,0.012736,0.04698,0.911182
35.9063,0.008723,0.04698,0.911488
35.9083,0.024897,0.04698,0.911814
35.9103,0.000717,0.04698,0.912063
35.9122,0.028243,0.04698,0.912387
35.9138,0.004577,0.04698,0.912674
35.9153,0.004565,0.04698,0.912924
35.9173,0.03783,0.04698,0.913238
35.9193,0.03783,0.04698,0.913594
35.9213,0.073731,0.04698,0.914044
35.9233,0.053183,0.04698,0.914502
35.9253,0.022539,0.04698,0.914967
35.9273,0.022539,0.04698,0.915364
35.9293,0.000212,0.04698,0.915836
35.9313,0.000212,0.04698,0.916301
35.9333,0.000212,0.04698,0.916776
35.9353,0.007947,0.04698,0.917315
35.9373,0.007947,0.04698,0.917808
35.9398,0.007947,0.04698,0.918207
35.9413,0.040812,0.04698,0.918694
35.9433,0.040812,0.04698,0.918925
35.9453,0.002449,0.04698,0.919498
35.9473,0.002449,0.04698,0.920004
35.9493,0.004291,0.04698,0.920409
35.9513,0.004291,0.04698,0.920964
35.9533,0.004291,0.04698,0.921523
35.9553,0.004291,0.04698,0.921978
35.9573,0.004291,0.04698,0.92248
35.9593,0.017411,0.04698,0.923028
35.9613,0.000744,0.04698,0.923496
35.9633,0.000613,0.04698,0.924017
35.9653,0.007955,0.04698,0.924293
35.9673,0.007955,0.04698,0.924799
35.9693,0.007955,0.04698,0.925244
35.9713,0.011435,0.04698,0.925568
35.9733,0.011435,0.04698,0.92608
35.9758,0.011435,0.04698,0.926574
35.9774,0.011435,0.04698,0.926954
35.9794,0.011435,0.04698,0.927328
35.9814,0.005835,0.04698,0.927738
35.9834,0.005835,0.04698,0.928096
35.9853,0.005835,0.04698,0.928473
35.9874,0.005835,0.04698,0.928812
35.9894,0.005835,0.04698,0.929137
35.9914,0.004894,0.04698,0.929428
35.9933,0.004894,0.04698,0.929771
35.9954,0.004894,0.04698,0.930124
35.9974,0.005768,0.04698,0.930275
35.9994,0.005768,0.04698,0.93072
36.0013,0.005768,0.04698,0.93096
36.0034,0.002322,0.04698,0.931377
36.0053,0.008075,0.04698,0.931734
36.0074,0.008075,0.04698,0.932168
36.0093,0.008075,0.04698,0.932532
36.0114,0.008075,0.04698,0.932918
36.0134,0.008075,0.04698,0.9334
36.0154,0.008075,0.04698,0.933699
36.0174,0.008075,0.04698,0.934055
36.0194,0.008075,0.04698,0.934543
36.0214,0.008075,0.04698,0.934973
36.0234,0.000767,0.04698,0.935283
36.0254,0.000767,0.04698,0.93566
36.0274,0.000767,0.04698,0.936005
36.0294,0.000767,0.04698,0.936344
36.0314,0.000767,0.04698,0.936793
36.0334,0.000767,0.04698,0.937017
36.0354,0.000611,0.04698,0.937432
36.0374,0.009478,0.04698,0.93771
36.0394,0.004035,0.04698,0.938075
36.0414,0.001809,0.04698,0.938341
36.0434,0.001809,0.04698,0.938685
36.0454,0.005069,0.04698,0.939054
36.0474,0.005069,0.04698,0.939335
36.0494,0.00571,0.04698,0.939577
36.0514,0.002366,0.04698,0.939816
36.0534,0.002366,0.04698,0.94013
36.0548,0.002366,0.04698,0.940199
36.0562,0.002366,0.04698,0.940322
36.0578,0.002366,0.04698,0.940517
36.0594,0.002366,0.04698,0.940597
36.0608,0.006833,0.04698,0.940737
36.0624,0.013943,0.04698,0.940861
36.0638,0.01393,0.04698,0.941121
36.0654,0.01393,0.04698,0.941087
36.0668,0.032831,0.04698,0.94123
36.0684,0.019218,0.04698,0.941279
36.0698,0.019218,0.04698,0.941524
36.0714,0.022108,0.04698,0.941616
36.0728,0.022108,0.04698,0.941736
36.0744,0.01035,0.04698,0.941929
36.0758,0.005136,0.04698,0.942178
36.0774,0.034329,0.04698,0.942404
36.0788,0.019867,0.04698,0.942519
36.0802,0.01361,0.04698,0.942837
36.0824,0.01361,0.04698,0.943113
36.0838,0.01361,0.04698,0.943354
36.0854,0.01361,0.04698,0.943609
36.0874,0.01361,0.04698,0.944013
36.0888,0.01361,0.04698,0.94443
36.0904,0.004751,0.04698,0.944649
36.0918,0.004751,0.04698,0.94484
36.0934,0.004751,0.04698,0.945138
36.0948,0.004751,0.04698,0.945516
36.0962,0.004751,0.04698,0.945805
36.0984,0.028113,0.04698,0.946076
36.1004,0.028113,0.04698,0.946381
36.1018,0.028113,0.04698,0.946719
36.1034,0.028113,0.04698,0.946834
36.1048,0.028113,0.04698,0.947077
36.1064,0.028113,0.04698,0.947093
36.1078,0.028113,0.04698,0.947221
36.1094,0.004124,0.04698,0.94741
36.1108,0.028358,0.04698,0.947449
36.1122,0.020252,0.04698,0.947491
36.1138,0.016335,0.04698,0.947704
36.1154,0.004191,0.04698,0.947576
36.1168,0.012126,0.04698,0.947627
36.1184,0.036411,0.04698,0.947699
36.1202,0.036411,0.04698,0.94775
36.1218,0.036411,0.04698,0.947668
36.1234,0.036411,0.04698,0.947592
36.1254,0.036411,0.04698,0.947608
36.1278,0.036411,0.04698,0.947592
36.1294,0.016023,0.04698,0.947549
36.1314,0.016023,0.04698,0.947534
36.1334,0.008033,0.04698,0.947508
36.1354,0.008033,0.04698,0.947445
36.1374,0.008033,0.04698,0.947507
36.1394,0.003963,0.04698,0.947514
36.1414,0.003963,0.04698,0.947599
36.1434,0.003963,0.04698,0.947657
36.1454,0.003963,0.04698,0.947651
36.1474,0.003963,0.04698,0.947856
36.1494,0.040241,0.04698,0.947928
36.1514,0.008191,0.04698,0.948049
36.1534,0.036488,0.04698,0.948263
36.1554,0.028524,0.04698,0.948456
36.1574,0.013259,0.04698,0.948816
36.1594,0.013259,0.04698,0.949158
36.1614,0.000552,0.04698,0.94947
36.1634,0.008503,0.04698,0.950034
36.1654,0.008503,0.04698,0.950461
36.1674,0.04942,0.04698,0.951008
36.1694,0.04942,0.04698,0.951569
36.1714,0.04942,0.04698,0.952175
36.1734,0.04942,0.04698,0.952734
36.1754,0.04942,0.04698,0.953257
36.1774,0.04942,0.04698,0.953792
36.1794,0.04942,0.04698,0.954266
36.1814,0.006769,0.04698,0.954789
36.1834,0.01124,0.04698,0.955288
36.1854,0.027174,0.04698,0.955745
36.1874,0.013782,0.04698,0.956139
36.1894,0.019981,0.04698,0.956632
36.1914,0.019981,0.04698,0.956951
36.1934,0.008297,0.04698,0.957465
36.1954,0.031667,0.04698,0.957855
36.1978,0.012013,0.04698,0.958233
36.1994,0.012013,0.04698,0.958597
36.2014,0.012013,0.04698,0.95891
36.2034,0.012013,0.04698,0.959288
36.2054,0.021151,0.04698,0.959548
36.2074,0.021151,0.04698,0.959852
36.2094,0.006588,0.04698,0.960119
36.2114,0.012331,0.04698,0.960191
36.2134,0.016934,0.04698,0.960612
36.2154,0.016934,0.04698,0.960786
36.2174,0.008972,0.04698,0.960867
36.2194,0.007796,0.04698,0.961088
36.2214,0.007796,0.04698,0.96139
36.2234,0.007796,0.04698,0.961615
36.2254,0.013561,0.04698,0.961793
36.2274,0.013561,0.04698,0.962085
36.2294,0.000259,0.04698,0.962306
36.2318,0.000259,0.04698,0.962451
36.2338,0.006703,0.04698,0.962747
36.2354,0.002025,0.04698,0.963149
36.2374,0.000773,0.04698,0.963395
36.2394,0.000773,0.04698,0.963586
36.2414,0.002583,0.04698,0.963822
36.2434,0.002346,0.04698,0.964114
36.2454,0.002346,0.04698,0.964361
36.2474,0.002346,0.04698,0.964655
36.2494,0.002346,0.04698,0.964924
36.2514,0.001702,0.04698,0.965087
36.2534,0.001702,0.04698,0.965425
36.2554,0.006035,0.04698,0.965609
36.2574,0.000661,0.04698,0.965816
36.2594,0.000189,0.04698,0.966188
36.2614,0.004884,0.04698,0.966479
36.2634,0.000571,0.04698,0.966772
36.2658,0.00261,0.04698,0.966922
36.2674,0.00261,0.04698,0.967397
36.2694,0.00275,0.04698,0.967551
36.2714,0.00275,0.04698,0.967888
36.2734,0.00275,0.04698,0.968209
36.2754,0.00275,0.04698,0.968402
36.2774,0.004151,0.04698,0.968758
36.2794,0.004151,0.04698,0.968946
36.2814,0.004151,0.04698,0.969197
36.2834,0.004151,0.04698,0.969468
36.2854,0.004761,0.04698,0.969575
36.2874,0.004761,0.04698,0.969888
36.2894,0.014617,0.04698,0.970103
36.2914,0.002516,0.04698,0.970292
36.2934,0.002516,0.04698,0.970468
36.2954,0.002516,0.04698,0.9707
36.2974,0.002516,0.04698,0.970863
36.2994,0.002516,0.04698,0.970997
36.3018,0.002516,0.04698,0.971122
36.3034,0.002516,0.04698,0.971192
36.3054,0.004157,0.04698,0.97134
36.3074,0.004157,0.04698,0.97141
36.3088,0.004157,0.04698,0.97142
36.3104,0.003525,0.04698,0.971597
36.3122,0.003525,0.04698,0.971548
36.3138,0.000616,0.04698,0.971723
36.3154,0.000616,0.04698,0.971734
36.3174,0.009526,0.04698,0.971721
36.3188,0.009526,0.04698,0.971709
36.3202,0.013797,0.04698,0.971737
36.3224,0.013797,0.04698,0.971728
36.3238,0.013797,0.04698,0.971695
36.3254,0.013797,0.04698,0.971682
36.3274,0.003877,0.04698,0.971665
36.3294,0.003877,0.04698,0.971677
36.3318,0.003877,0.04698,0.971625
36.3334,0.003877,0.04698,0.971585
36.3354,0.003877,0.04698,0.971564
36.3374,0.003877,0.04698,0.971501
36.3394,0.003877,0.04698,0.971469
36.3414,0.00376,0.04698,0.971595
36.3434,0.008309,0.04698,0.971583
36.3454,0.008309,0.04698,0.971485
36.3474,0.008309,0.04698,0.971461
36.3494,0.008309,0.04698,0.971472
36.3514,0.008309,0.04698,0.971432
36.3534,0.008309,0.04698,0.971499
36.3554,0.008309,0.04698,0.971509
36.3574,0.008309,0.04698,0.971563
36.3594,3e-05,0.04698,0.971475
36.3614,3e-05,0.04698,0.971483
36.3634,3e-05,0.04698,0.971535
36.3658,3e-05,0.04698,0.971575
36.3674,0.004428,0.04698,0.971523
36.3694,0.004428,0.04698,0.971548
36.3714,0.004428,0.04698,0.971552
36.3728,0.012943,0.04698,0.971498
36.3744,0.003733,0.04698,0.971498
36.3762,0.007999,0.04698,0.971563
36.3778,0.003967,0.04698,0.971508
36.3794,0.003667,0.04698,0.971482
36.3814,0.013304,0.04698,0.971561
36.3834,0.003108,0.04698,0.971535
36.3854,0.008136,0.04698,0.971595
36.3874,0.012549,0.04698,0.971525
36.3888,0.012549,0.04698,0.971536
36.3908,0.003669,0.04698,0.971502
36.3922,0.003687,0.04698,0.971545
36.3938,0.021115,0.04698,0.971597
36.3964,0.008758,0.04698,0.971645
36.3984,0.003813,0.04698,0.971647
36.4003,0.003813,0.04698,0.971575
36.4024,0.003813,0.04698,0.971635
36.4044,0.004618,0.04698,0.971601
36.4064,0.004618,0.04698,0.97163
36.4083,0.003173,0.04698,0.971669
36.4098,0.01376,0.04698,0.971748
36.4114,0.003744,0.04698,0.971797
36.4134,0.003744,0.04698,0.971898
36.4154,0.003744,0.04698,0.97195
36.4174,0.013556,0.04698,0.972051
36.4194,0.004723,0.04698,0.972172
36.4214,0.00379,0.04698,0.97218
36.4234,0.007527,0.04698,0.972368
36.4254,0.011101,0.04698,0.972546
36.4274,0.01183,0.04698,0.972862
36.4298,0.000547,0.04698,0.97323
36.4318,0.006276,0.04698,0.973489
36.4344,0.0277,0.04698,0.973903
36.4364,0.004205,0.04698,0.974603
36.4384,0.004205,0.04698,0.975122
36.4403,0.000379,0.04698,0.975675
36.4418,0.019529,0.04698,0.976214
36.4438,0.019529,0.04698,0.97663
36.4458,0.009001,0.04698,0.977245
36.4474,0.009001,0.04698,0.977786
36.4494,0.003769,0.04698,0.978275
36.4514,0.028818,0.04698,0.978802
36.4534,0.028818,0.04698,0.979485
36.4554,0.028818,0.04698,0.980069
36.4574,0.028818,0.04698,0.980674
36.4594,0.028818,0.04698,0.981332
36.4614,0.028818,0.04698,0.981996
36.4634,0.01625,0.04698,0.982592
36.4658,0.008247,0.04698,0.983207
36.4674,0.008247,0.04698,0.983914
36.4694,0.008247,0.04698,0.984551
36.4714,0.012677,0.04698,0.985013
36.4734,0.003698,0.04698,0.985583
36.4754,0.003698,0.04698,0.986238
36.4774,0.014194,0.04698,0.986832
36.4794,0.01251,0.04698,0.987553
36.4814,0.00732,0.04698,0.988198
36.4834,0.00732,0.04698,0.988899
36.4854,0.02516,0.04698,0.989534
36.4874,0.02516,0.04698,0.990133
36.4894,0.008181,0.04698,0.990672
36.4914,0.042059,0.04698,0.991288
36.4934,0.042059,0.04698,0.991923
36.4954,0.042059,0.04698,0.992459
36.4974,0.042059,0.04698,0.993035
36.4998,0.017582,0.04698,0.993642
36.5014,0.017582,0.04698,0.994424
36.5034,0.000543,0.04698,0.994748
36.5054,0.000543,0.04698,0.995285
36.5074,0.000543,0.04698,0.995741
36.5094,0.028259,0.04698,0.996227
36.5114,0.028259,0.04698,0.996607
36.5134,0.011672,0.04698,0.997084
36.5154,0.014769,0.04698,0.997467
36.5174,0.014769,0.04698,0.998065
36.5194,0.014769,0.04698,0.998444
36.5214,0.014769,0.04698,0.998803
36.5234,0.014769,0.04698,0.999218
36.5254,0.014769,0.04698,0.999606
36.5274,5.3e-05,0.00414,1.00007
36.5294,0.002963,0.03192,1.00053
36.5314,0.042589,0.0447,1.00075
36.5338,0.091518,0.0654,1.00109
36.5359,0.124512,0.07248,1.00121
36.5379,0.154406,0.06354,1.00106
36.5399,0.166332,0.04446,1.00074
36.5418,0.135847,0.0189,1.00032
36.5439,0.101126,0.0189,0.999846
36.5458,0.029624,0.0189,0.999062
36.5478,0.02966,0.0189,0.998556
36.5494,0.0085,0.0189,0.997894
36.5514,0.02439,0.0189,0.997527
36.5534,0.018483,0.0189,0.997046
36.5554,0.012969,0.0189,0.99663
36.5574,0.012969,0.0189,0.99641
36.5594,0.014006,0.0189,0.996227
36.5614,0.003139,0.0189,0.996113
36.5634,0.001588,0.0189,0.995931
36.5654,0.02314,0.0189,0.995962
36.5678,0.02314,0.0189,0.995865
36.5699,0.001149,0.0189,0.995872
36.5719,0.008274,0.0189,0.99595
36.5739,0.022698,0.0189,0.99608
36.5759,0.022698,0.0189,0.996157
36.5779,0.000771,0.0189,0.996385
36.5799,0.018202,0.0189,0.996557
36.5819,0.018202,0.0189,0.996805
36.5834,0.016885,0.0189,0.996951
36.5854,0.016885,0.0189,0.997115
36.5874,0.016885,0.0189,0.997403
36.5894,0.008411,0.0189,0.997645
36.5914,0.008411,0.0189,0.997858
36.5934,0.017285,0.0189,0.998218
36.5954,0.009906,0.0189,0.9986
36.5974,0.009906,0.0189,0.998901
36.5994,0.009906,0.0189,0.999176
36.6014,0.009906,0.0189,0.999465
36.6039,0.004768,0.0189,0.999867
36.6054,0.004768,0.0078,1.00013
36.6074,0.017588,0.0258,1.00043
36.6094,0.040262,0.0393,1.00066
36.6114,0.072684,0.0597,1.001
36.6134,0.123827,0.06258,1.00104
36.6154,0.135814,0.06816,1.00114
36.6174,0.163788,0.05304,1.00088
36.6194,0.164025,0.02892,1.00048
36.6214,0.112417,0.00492,1.00008
36.6235,0.07405,0.00492,0.999628
36.6254,0.027631,0.00492,0.999207
36.6274,0.031106,0.00492,0.998942
36.6294,0.035479,0.00492,0.998815
36.6314,0.015384,0.00492,0.998812
36.6334,0.042332,0.00492,0.999015
36.6354,0.011776,0.00492,0.99923
36.6379,0.006154,0.00492,0.999539
36.6394,0.006154,0.00492,0.99988
36.6415,0.006886,0.00492,1.00008
36.6435,0.007723,0.0285,1.00048
36.6455,0.054547,0.05442,1.00091
36.6475,0.109183,0.08064,1.00134
36.6495,0.158977,0.0999,1.00167
36.6515,0.214031,0.10758,1.00179
36.6535,0.262162,0.10806,1.0018
36.6555,0.26859,0.08868,1.00148
36.6575,0.268476,0.06072,1.00101
36.6595,0.226697,0.01332,1.00022
36.6615,0.126596,0.01332,0.999551
36.6634,0.063142,0.01332,0.99873
36.6655,0.039285,0.01332,0.998401
36.6675,0.035445,0.01332,0.997974
36.6695,0.039457,0.01332,0.997959
36.6719,0.041035,0.01332,0.998114
36.6739,0.011331,0.01332,0.998519
36.6759,0.011331,0.01332,0.998878
36.6779,0.008146,0.01332,0.999294
36.6799,0.016583,0.01332,0.999774
36.6819,0.012429,0.02052,1.00034
36.6839,0.035634,0.05976,1.001
36.6859,0.110555,0.10098,1.00168
36.6879,0.208213,0.14106,1.00235
36.6899,0.301998,0.17532,1.00292
36.6919,0.389007,0.18654,1.00311
36.6939,0.460506,0.1797,1.003
36.6959,0.47374,0.1434,1.00239
36.6979,0.435845,0.08832,1.00147
36.6999,0.339332,0.02292,1.00038
36.7019,0.193218,0.02292,0.999186
36.7039,0.096506,0.02292,0.997861
36.7059,0.075139,0.02292,0.996869
36.7085,0.045187,0.02292,0.996241
36.7105,0.033562,0.02292,0.995742
36.7123,0.059937,0.02292,0.995588
36.7139,0.033356,0.02292,0.995657
36.7159,0.030489,0.02292,0.995847
36.7179,0.018806,0.02292,0.996194
36.7199,0.034273,0.02292,0.996746
36.7219,0.020052,0.02292,0.997425
36.7239,0.020579,0.02292,0.998289
36.7259,0.025144,0.02292,0.999211
36.7279,0.0192,0.02316,1.00039
36.7299,0.045537,0.0978,1.00163
36.7319,0.174782,0.1704,1.00284
36.7339,0.337726,0.25026,1.00417
36.7359,0.514999,0.3006,1.00501
36.7379,0.66748,0.32346,1.00539
36.7399,0.768184,0.29814,1.00497
36.7425,0.77609,0.22884,1.00381
36.7443,0.713428,0.06858,1.00114
36.7465,0.397411,0.06858,0.99885
36.7485,0.200085,0.06858,0.995663
36.7505,0.108323,0.06858,0.993585
36.7523,0.071049,0.06858,0.991242
36.7545,0.089528,0.06858,0.989442
36.7565,0.111239,0.06858,0.988102
36.7585,0.07537,0.06858,0.986957
36.7603,0.085064,0.06858,0.986545
36.7619,0.060786,0.06858,0.986127
36.7639,0.050157,0.06858,0.986273
36.7659,0.050748,0.06858,0.986612
36.7679,0.029432,0.06858,0.987164
36.7699,0.033644,0.06858,0.987849
36.7719,0.035828,0.06858,0.988815
36.7739,0.023737,0.06858,0.9899
36.7759,0.033253,0.06858,0.991271
36.7785,0.01582,0.06858,0.992708
36.7805,0.020341,0.06858,0.994667
36.7825,0.025377,0.06858,0.996506
36.7843,0.027214,0.06858,0.9983
36.7865,0.012732,0.0048,1.00008
36.7885,0.0129,0.1401,1.00233
36.7905,0.187966,0.2631,1.00439
36.7923,0.467372,0.37482,1.00625
36.7945,0.759419,0.4578,1.00763
36.7965,0.995439,0.49236,1.00821
36.7985,1.1642,0.4512,1.00752
36.8003,1.1627,0.33726,1.00562
36.8025,1.0134,0.16872,1.00281
36.8045,0.702149,0.16872,0.998618
36.8065,0.288093,0.16872,0.994174
36.8083,0.160288,0.16872,0.990162
36.8099,0.152946,0.16872,0.986244
36.8119,0.081286,0.16872,0.98371
36.8135,0.143101,0.16872,0.980718
36.8155,0.099658,0.16872,0.979024
36.8175,0.109346,0.16872,0.977308
36.8195,0.114309,0.16872,0.97606
36.8215,0.097522,0.16872,0.975531
36.8235,0.081337,0.16872,0.975358
36.8255,0.062197,0.16872,0.975678
36.8275,0.062752,0.16872,0.976354
36.8295,0.033188,0.16872,0.977313
36.8315,0.022745,0.16872,0.978546
36.8335,0.023082,0.16872,0.979906
36.8349,0.024922,0.16872,0.981375
36.8365,0.004136,0.16872,0.9828
36.8379,0.036383,0.16872,0.984206
36.8395,0.009809,0.16872,0.985643
36.8409,0.014353,0.16872,0.987309
36.8429,0.050999,0.16872,0.988932
36.8445,0.015256,0.16872,0.991191
36.8459,0.021981,0.16872,0.992971
36.8475,0.021981,0.16872,0.99472
36.8489,0.01597,0.16872,0.99643
36.8515,0.009462,0.16872,0.998809
36.8529,0.003413,0.07092,1.00118
36.8549,0.102436,0.18696,1.00312
36.8569,0.319321,0.31116,1.00519
36.8589,0.600835,0.426,1.0071
36.8609,0.899277,0.49428,1.00824
36.8629,1.12761,0.48768,1.00813
36.8649,1.20509,0.41508,1.00692
36.8675,1.13542,0.1863,1.00311
36.8695,0.776686,0.1863,0.998837
36.8715,0.318936,0.1863,0.993957
36.8735,0.153836,0.1863,0.989862
36.8755,0.131943,0.1863,0.9854
36.8775,0.108397,0.1863,0.981623
36.8789,0.136619,0.1863,0.978419
36.8803,0.1548,0.1863,0.9765
36.8825,0.111657,0.1863,0.974913
36.8845,0.121513,0.1863,0.973556
36.8859,0.112675,0.1863,0.972702
36.8875,0.123279,0.1863,0.972371
36.8895,0.116619,0.1863,0.972434
36.8909,0.125504,0.1863,0.972911
36.8925,0.083111,0.1863,0.973597
36.8945,0.068077,0.1863,0.974518
36.8963,0.073807,0.1863,0.976046
36.8985,0.039967,0.1863,0.977549
36.9005,0.045631,0.1863,0.979562
36.9025,0.048347,0.1863,0.981637
36.9043,0.022272,0.1863,0.983868
36.9059,0.061141,0.1863,0.985933
36.9079,0.000169,0.1863,0.987867
36.9095,0.05941,0.1863,0.990545
36.9115,0.05941,0.1863,0.992608
36.9135,0.0187,0.1863,0.995337
36.9155,0.008938,0.1863,0.998111
36.9175,0.008938,0.05964,1.00099
36.9195,0.065519,0.23448,1.00391
36.9215,0.326896,0.39876,1.00665
36.9235,0.726625,0.5,1.00894
36.9255,1.04995,0.5,1.01058
36.9275,1.18294,0.5,1.01096
36.9295,1.23867,0.5,1.00987
36.9315,1.25306,0.44862,1.00748
36.9335,1.20769,0.21258,1.00354
36.9355,0.880353,0.21258,0.998741
36.9375,0.407651,0.21258,0.993256
36.9395,0.186561,0.21258,0.988429
36.9415,0.184172,0.21258,0.983773
36.9439,0.123279,0.21258,0.979803
36.9465,0.200806,0.21258,0.976133
36.9485,0.194465,0.21258,0.9738
36.9505,0.128128,0.21258,0.973104
36.9523,0.156193,0.21258,0.97304
36.9539,0.127467,0.21258,0.973637
36.9555,0.144663,0.21258,0.974496
36.9575,0.13256,0.21258,0.97601
36.9595,0.07189,0.21258,0.978245
36.9615,0.072677,0.21258,0.980737
36.9635,0.059959,0.21258,0.983811
36.9655,0.077429,0.21258,0.986915
36.9675,0.026327,0.21258,0.990593
36.9695,0.04735,0.21258,0.994224
36.9715,0.04124,0.21258,0.998127
36.9735,0.026475,0.12756,1.00213
36.9755,0.17423,0.38046,1.00634
36.9775,0.700274,0.5,1.01049
36.9795,0.971419,0.5,1.01418
36.9815,1.16786,0.5,1.01592
36.9835,1.21995,0.5,1.01662
36.9855,1.1995,0.5,1.01564
36.9875,1.28697,0.5,1.01344
36.9895,1.25519,0.5,1.00996
36.9915,1.25784,0.32058,1.00534
36.9935,1.08416,0.32058,0.99925
36.9955,0.551474,0.32058,0.992681
36.9975,0.23064,0.32058,0.986757
36.9995,0.187543,0.32058,0.980851
37.0015,0.156955,0.32058,0.976007
37.0035,0.183458,0.32058,0.971729
37.0055,0.160598,0.32058,0.968455
37.0075,0.134342,0.32058,0.966158
37.0095,0.160267,0.32058,0.964459
37.0119,0.125227,0.32058,0.963715
37.0135,0.118528,0.32058,0.963567
37.0155,0.116798,0.32058,0.96404
37.0175,0.099066,0.32058,0.965093
37.0195,0.085252,0.32058,0.966418
37.0215,0.056752,0.32058,0.968326
37.0235,0.05646,0.32058,0.970582
37.0255,0.042101,0.32058,0.972909
37.0275,0.020747,0.32058,0.975532
37.0295,0.015685,0.32058,0.978459
37.0315,0.008635,0.32058,0.981295
37.0335,0.002856,0.32058,0.984374
37.0355,0.035806,0.32058,0.987564
37.0375,0.019453,0.32058,0.990855
37.0395,0.019453,0.32058,0.99422
37.0409,0.016475,0.32058,0.997499
37.0425,0.008181,0.32058,0.999605
37.0445,0.008181,0.15108,1.00252
37.0469,0.256403,0.36618,1.0061
37.0489,0.592018,0.5,1.01001
37.0509,0.990891,0.5,1.01247
37.0529,1.1897,0.5,1.0133
37.0549,1.21308,0.5,1.01277
37.0569,1.24779,0.5,1.01055
37.0595,1.23514,0.37686,1.00628
37.0615,1.11568,0.09696,1.00162
37.0635,0.611745,0.09696,0.995923
37.0655,0.287654,0.09696,0.989318
37.0675,0.143082,0.09696,0.98342
37.0695,0.11163,0.09696,0.977809
37.0715,0.060735,0.09696,0.972711
37.0729,0.074302,0.09696,0.968189
37.0745,0.129452,0.09696,0.965197
37.0765,0.10938,0.09696,0.962233
37.0785,0.095644,0.09696,0.958913
37.0809,0.095925,0.09696,0.956294
37.0829,0.055811,0.09696,0.953671
37.0845,0.072243,0.09696,0.952005
37.0865,0.1085,0.09696,0.951095
37.0884,0.066845,0.09696,0.9503
37.0905,0.092446,0.09696,0.949952
37.0925,0.104461,0.09696,0.949848
37.0945,0.019527,0.09696,0.95038
37.0964,0.045,0.09696,0.951041
37.0979,0.054482,0.09696,0.951833
37.0995,0.039029,0.09696,0.952697
37.1015,0.010278,0.09696,0.953631
37.1035,0.038523,0.09696,0.954791
37.1055,0.018739,0.09696,0.956195
37.1075,0.028694,0.09696,0.957662
37.1095,0.011137,0.09696,0.959168
37.1115,0.011137,0.09696,0.960684
37.1139,0.011137,0.09696,0.962246
37.1159,0.011137,0.09696,0.96409
37.1175,0.011137,0.09696,0.965592
37.1195,0.011137,0.09696,0.96682
37.1215,0.011137,0.09696,0.968144
37.1235,0.011137,0.09696,0.969529
37.1255,0.011137,0.09696,0.970858
37.1275,0.011137,0.09696,0.972114
37.1295,0.009128,0.09696,0.973343
37.1315,0.009128,0.09696,0.974455
37.1335,0.009128,0.09696,0.975622
37.1355,0.004811,0.09696,0.976369
37.1375,0.004811,0.09696,0.977334
37.1395,0.009087,0.09696,0.978135
37.1415,0.009087,0.09696,0.978871
37.1435,0.009087,0.09696,0.979604
37.1455,0.004027,0.09696,0.980266
37.1475,0.004027,0.09696,0.980862
37.1499,0.028025,0.09696,0.981418
37.1515,0.012267,0.09696,0.981933
37.1535,0.012267,0.09696,0.982306
37.1555,0.00858,0.09696,0.982639
37.1575,0.00858,0.09696,0.982865
37.1595,0.00858,0.09696,0.982971
37.1615,0.020954,0.09696,0.983222
37.1635,0.020954,0.09696,0.983163
37.1655,0.008632,0.09696,0.983131
37.1675,0.008632,0.09696,0.983118
37.1695,0.008632,0.09696,0.982983
37.1715,0.008632,0.09696,0.982815
37.1735,0.008632,0.09696,0.982646
37.1755,0.008632,0.09696,0.982544
37.1775,0.019988,0.09696,0.982292
37.1795,0.019988,0.09696,0.982099
37.1815,0.019988,0.09696,0.98201
37.1835,0.019597,0.09696,0.981819
37.1855,0.008419,0.09696,0.98164
37.1875,0.008419,0.09696,0.981424
37.1895,0.010505,0.09696,0.981203
37.1915,0.010505,0.09696,0.98114
37.1935,0.010505,0.09696,0.980964
37.1955,0.018777,0.09696,0.980804
37.1975,0.018777,0.09696,0.980759
37.1995,0.008222,0.09696,0.980613
37.2015,0.036208,0.09696,0.980467
37.2035,0.000446,0.09696,0.98036
37.2055,0.025856,0.09696,0.980253
37.2075,0.025856,0.09696,0.980111
37.2095,0.006045,0.09696,0.979956
37.2115,0.025501,0.09696,0.97998
37.2135,0.025501,0.09696,0.979811
37.216,0.025501,0.09696,0.97971
37.2185,0.025501,0.09696,0.979662
37.2205,0.025501,0.09696,0.979548
37.2225,0.025501,0.09696,0.979422
37.2244,0.025501,0.09696,0.979321
37.226,0.000236,0.09696,0.979085
37.2275,0.000236,0.09696,0.979011
37.2295,0.000236,0.09696,0.978889
37.2315,0.000236,0.09696,0.978651
37.2335,0.000236,0.09696,0.978468
37.2355,0.001005,0.09696,0.978375
37.2375,0.001005,0.09696,0.978146
37.2395,0.001005,0.09696,0.977861
37.2415,0.001005,0.09696,0.977597
37.2435,0.001005,0.09696,0.977267
37.2455,0.001005,0.09696,0.976902
37.2475,0.016486,0.09696,0.976526
37.2505,0.016486,0.09696,0.976169
37.2525,0.016486,0.09696,0.975455
37.2545,0.016486,0.09696,0.97492
37.2564,0.016486,0.09696,0.974407
37.258,0.016486,0.09696,0.973936
37.26,0.016486,0.09696,0.973457
37.262,0.016486,0.09696,0.972862
37.2635,0.016486,0.09696,0.972359
37.2655,0.016486,0.09696,0.971859
37.2675,0.016486,0.09696,0.971162
37.2695,0.016486,0.09696,0.970465
37.2715,0.003473,0.09696,0.969782
37.2735,0.003473,0.09696,0.968909
37.2755,0.003473,0.09696,0.968105
37.2775,0.003473,0.09696,0.967312
37.2795,0.003473,0.09696,0.966489
37.2815,0.006354,0.09696,0.965686
37.284,0.003928,0.09696,0.964854
37.286,0.003928,0.09696,0.963826
37.288,0.00435,0.09696,0.963036
37.2895,0.00435,0.09696,0.96223
37.2915,0.010278,0.09696,0.961595
37.2935,0.007467,0.09696,0.960737
37.2955,0.007467,0.09696,0.959936
37.2975,0.003636,0.09696,0.959227
37.2995,0.02706,0.09696,0.958479
37.3015,0.02706,0.09696,0.957761
37.3035,0.010291,0.09696,0.957115
37.3055,0.011034,0.09696,0.956489
37.3076,0.011034,0.09696,0.955789
37.3095,0.011034,0.09696,0.955202
37.3116,0.026733,0.09696,0.954596
37.3135,0.026733,0.09696,0.954075
37.316,0.026733,0.09696,0.953512
37.3175,0.047347,0.09696,0.952919
37.3195,0.011845,0.09696,0.952467
37.3216,0.045393,0.09696,0.951859
37.3236,0.057745,0.09696,0.951304
37.3256,0.026331,0.09696,0.950926
37.3275,0.00329,0.09696,0.950374
37.3295,0.00329,0.09696,0.949942
37.3316,0.028948,0.09696,0.949531
37.3335,0.028218,0.09696,0.949098
37.3356,0.028218,0.09696,0.948713
37.3376,0.028218,0.09696,0.948394
37.3396,0.012074,0.09696,0.947944
37.3416,0.012074,0.09696,0.947451
37.3436,0.012074,0.09696,0.947181
37.3456,0.012074,0.09696,0.946631
37.3476,0.003812,0.09696,0.946181
37.35,0.003812,0.09696,0.945806
37.3516,0.015092,0.09696,0.945342
37.3536,0.015092,0.09696,0.944965
37.3556,0.015092,0.09696,0.944527
37.3576,0.035824,0.09696,0.944117
37.3596,0.039728,0.09696,0.943687
37.3616,0.030132,0.09696,0.94322
37.3636,0.030558,0.09696,0.942884
37.3656,0.002935,0.09696,0.942508
37.3676,0.002935,0.09696,0.942131
37.3696,0.002935,0.09696,0.94168
37.3716,0.002935,0.09696,0.94128
37.3736,0.002935,0.09696,0.940772
37.3756,0.002935,0.09696,0.940253
37.3776,0.002935,0.09696,0.939754
37.3796,0.002935,0.09696,0.93919
37.3816,0.017223,0.09696,0.93864
37.384,0.017223,0.09696,0.938256
37.3856,0.017223,0.09696,0.937591
37.3876,0.017223,0.09696,0.937168
37.3896,0.013174,0.09696,0.936772
37.3916,0.009061,0.09696,0.936187
37.3936,0.004713,0.09696,0.935746
37.3956,0.001213,0.09696,0.935454
37.3976,0.007081,0.09696,0.934961
37.3996,0.014957,0.09696,0.934521
37.4016,0.014957,0.09696,0.934104
37.4036,0.011816,0.09696,0.933703
37.4056,0.006083,0.09696,0.933378
37.4076,0.008346,0.09696,0.93293
37.4096,0.010359,0.09696,0.932571
37.4116,0.013495,0.09696,0.932246
37.4136,0.005227,0.09696,0.931892
37.4156,0.011071,0.09696,0.931631
37.4176,0.003753,0.09696,0.931459
37.4196,0.015364,0.09696,0.931218
37.4216,0.00366,0.09696,0.931039
37.4236,0.008096,0.09696,0.930818
37.4256,0.000369,0.09696,0.930653
37.4276,0.000369,0.09696,0.930408
37.4296,0.006632,0.09696,0.930252
37.4316,0.006632,0.09696,0.93004
37.4336,0.009526,0.09696,0.929797
37.4356,0.007154,0.09696,0.929644
37.4376,0.007154,0.09696,0.929494
37.4396,0.007154,0.09696,0.929305
37.4416,0.007154,0.09696,0.929134
37.4436,0.009282,0.09696,0.928915
37.4456,0.009282,0.09696,0.928771
37.4476,0.009282,0.09696,0.928526
37.4496,0.009282,0.09696,0.928303
37.452,0.009282,0.09696,0.928104
37.454,0.001718,0.09696,0.927944
37.456,0.011221,0.09696,0.927654
37.458,0.011219,0.09696,0.927453
37.46,0.011219,0.09696,0.927222
37.462,0.011219,0.09696,0.927027
37.464,0.008438,0.09696,0.926946
37.466,0.008438,0.09696,0.926848
37.468,0.008438,0.09696,0.926654
37.47,0.011135,0.09696,0.926432
37.472,0.002872,0.09696,0.926326
37.474,0.002872,0.09696,0.926124
37.476,0.0147,0.09696,0.926089
37.478,0.0147,0.09696,0.92598
37.48,0.01303,0.09696,0.925733
37.482,0.005191,0.09696,0.925632
37.484,0.000581,0.09696,0.925606
37.486,0.000581,0.09696,0.925354
37.488,0.012953,0.09696,0.925202
37.49,0.021055,0.09696,0.925005
37.492,0.021055,0.09696,0.924823
37.494,0.012358,0.09696,0.924602
37.496,0.012358,0.09696,0.924374
37.498,0.012358,0.09696,0.924163
37.5,0.016824,0.09696,0.92389
37.502,0.005141,0.09696,0.923628
37.504,0.001014,0.09696,0.923274
37.506,0.001014,0.09696,0.923074
37.508,0.037847,0.09696,0.92266
37.51,0.037847,0.09696,0.922374
37.512,0.037847,0.09696,0.921919
37.514,0.019471,0.09696,0.921643
37.516,0.019471,0.09696,0.921282
37.5186,4.6e-05,0.09696,0.920884
37.5204,4.6e-05,0.09696,0.920562
37.5226,4.6e-05,0.09696,0.920293
37.5246,0.036094,0.09696,0.920054
37.5266,0.036094,0.09696,0.919765
37.5284,0.005843,0.09696,0.919559
37.53,0.005843,0.09696,0.919275
37.532,0.014086,0.09696,0.919094
37.534,0.019708,0.09696,0.918922
37.536,0.007886,0.09696,0.918635
37.538,0.007886,0.09696,0.918431
37.54,0.007886,0.09696,0.918204
37.542,0.001234,0.09696,0.918114
37.544,0.024274,0.09696,0.917925
37.546,0.061058,0.09696,0.917683
37.548,0.003571,0.09696,0.91759
37.55,0.024648,0.09696,0.917401
37.5516,0.026823,0.09696,0.91731
37.553,0.003678,0.09696,0.917242
37.555,0.003678,0.09696,0.917222
37.557,0.003693,0.09696,0.917185
37.5586,0.003693,0.09696,0.917118
37.5604,0.008292,0.09696,0.917121
37.5626,0.008037,0.09696,0.917307
37.5646,0.00812,0.09696,0.917314
37.5666,0.017526,0.09696,0.917418
37.5684,0.017526,0.09696,0.917499
37.5706,0.031363,0.09696,0.917568
37.5726,0.031363,0.09696,0.917707
37.5746,0.038071,0.09696,0.917874
37.5764,0.038071,0.09696,0.917952
37.5786,0.03115,0.09696,0.918173
37.5806,0.003947,0.09696,0.918314
37.5826,0.003947,0.09696,0.918464
37.5845,0.003947,0.09696,0.918774
37.586,0.003947,0.09696,0.919103
37.5876,0.003947,0.09696,0.9192
37.5896,0.013475,0.09696,0.9194
37.5916,0.027143,0.09696,0.919805
37.593,0.027143,0.09696,0.920206
37.595,0.005843,0.09696,0.920556
37.5966,0.005843,0.09696,0.921039
37.5986,0.00566,0.09696,0.921363
37.6004,0.017839,0.09696,0.921795
37.602,0.017839,0.09696,0.922217
37.6036,0.016695,0.09696,0.922652
37.6056,0.016695,0.09696,0.92292
37.607,0.017194,0.09696,0.923432
37.6084,0.017194,0.09696,0.923892
37.61,0.008373,0.09696,0.924205
37.6116,0.008373,0.09696,0.924591
37.613,0.007602,0.09696,0.924935
37.615,0.008085,0.09696,0.925402
37.6164,0.008085,0.09696,0.925906
37.6186,0.012828,0.09696,0.926229
37.62,0.012828,0.09696,0.926855
37.6216,0.014425,0.09696,0.927156
37.623,0.014425,0.09696,0.927678
37.6244,0.015981,0.09696,0.927977
37.6266,0.015981,0.09696,0.928285
37.628,0.003952,0.09696,0.928799
37.6296,0.003952,0.09696,0.929268
37.631,0.003952,0.09696,0.929579
37.6324,2.4e-05,0.09696,0.929972
37.634,0.001795,0.09696,0.930295
37.6356,0.002141,0.09696,0.930736
37.637,0.007507,0.09696,0.931162
37.6386,0.000568,0.09696,0.931456
37.64,0.001971,0.09696,0.931889
37.642,0.009863,0.09696,0.93228
37.6436,0.010712,0.09696,0.932876
37.6456,0.010712,0.09696,0.933373
37.647,0.002554,0.09696,0.933889
37.6484,0.002554,0.09696,0.934344
37.65,0.003785,0.09696,0.934647
37.6516,0.000298,0.09696,0.935168
37.653,0.004967,0.09696,0.935521
37.6546,0.016958,0.09696,0.936026
37.656,0.006627,0.09696,0.936381
37.6576,0.006627,0.09696,0.936843
37.6596,0.025014,0.09696,0.937302
37.661,0.001211,0.09696,0.93788
37.6626,0.020477,0.09696,0.938229
37.6644,0.020477,0.09696,0.938698
37.6666,0.020477,0.09696,0.93923
37.6686,0.020477,0.09696,0.939789
37.6706,0.004031,0.09696,0.940274
37.673,0.00918,0.09696,0.940858
37.6746,0.00918,0.09696,0.941426
37.6766,0.013752,0.09696,0.94184
37.6786,0.034023,0.09696,0.942333
37.6804,0.034023,0.09696,0.942793
37.6826,0.034023,0.09696,0.943249
37.6846,0.035097,0.09696,0.943833
37.6866,0.001894,0.09696,0.944425
37.6884,0.001894,0.09696,0.944891
37.69,0.002454,0.09696,0.945463
37.6916,0.002454,0.09696,0.945917
37.6936,0.023242,0.09696,0.946436
37.6956,0.011615,0.09696,0.94698
37.697,0.035738,0.09696,0.947508
37.699,0.01567,0.09696,0.947762
37.7006,0.01567,0.09696,0.948359
37.7026,0.01567,0.09696,0.948879
37.705,0.031559,0.09696,0.949339
37.7066,0.036998,0.09696,0.949951
37.7086,0.036998,0.09696,0.950378
37.7106,0.029367,0.09696,0.95101
37.7124,0.029367,0.09696,0.951548
37.7146,0.029367,0.09696,0.951934
37.7166,0.029367,0.09696,0.952554
37.7186,0.029367,0.09696,0.953056
37.7204,0.029367,0.09696,0.953404
37.722,0.016814,0.09696,0.95371
37.7236,0.016814,0.09696,0.9541
37.7256,0.022859,0.09696,0.954392
37.7276,0.00234,0.09696,0.954788
37.7296,0.00234,0.09696,0.955003
37.7316,0.001666,0.09696,0.955272
37.7336,0.002947,0.09696,0.955596
37.7356,0.002947,0.09696,0.955942
37.738,0.016932,0.09696,0.956126
37.7396,0.016932,0.09696,0.956416
37.7416,0.016932,0.09696,0.956651
37.7436,0.003967,0.09696,0.956948
37.7456,0.013202,0.09696,0.957135
37.7476,0.031698,0.09696,0.957455
37.7496,0.004741,0.09696,0.957715
37.7516,0.004741,0.09696,0.957964
37.7536,0.004741,0.09696,0.958207
37.7556,0.004741,0.09696,0.958352
37.7576,0.004741,0.09696,0.958597
37.7596,0.011278,0.09696,0.958818
37.7616,0.011264,0.09696,0.958953
37.7636,0.00267,0.09696,0.959054
37.7656,0.00267,0.09696,0.959213
37.7676,0.014249,0.09696,0.959405
37.7696,0.014249,0.09696,0.959583
37.7716,0.014249,0.09696,0.959628
37.774,0.006325,0.09696,0.959757
37.7756,0.009845,0.09696,0.959976
37.7776,0.009675,0.09696,0.960132
37.7796,0.009675,0.09696,0.960313
37.7816,0.009675,0.09696,0.960466
37.7836,0.005315,0.09696,0.960555
37.785,0.005315,0.09696,0.960686
37.7866,0.005315,0.09696,0.960807
37.7886,0.005315,0.09696,0.960969
37.7906,0.004261,0.09696,0.961119
37.7925,0.004949,0.09696,0.961217
37.7946,0.004949,0.09696,0.961435
37.7966,0.011236,0.09696,0.961703
37.7986,0.011236,0.09696,0.961829
37.8005,0.011236,0.09696,0.96198
37.802,0.011236,0.09696,0.962109
37.8036,0.011236,0.09696,0.962165
37.806,0.003798,0.09696,0.962451
37.8076,0.003798,0.09696,0.962644
37.809,0.000312,0.09696,0.962734
37.8106,0.003535,0.09696,0.962913
37.8126,0.003535,0.09696,0.963008
37.8146,0.003535,0.09696,0.9632
37.8165,0.003535,0.09696,0.963241
37.818,0.005878,0.09696,0.963393
37.8196,0.005878,0.09696,0.963478
37.8216,0.009783,0.09696,0.963406
37.8236,0.009783,0.09696,0.963544
37.825,0.000838,0.09696,0.963741
37.8266,0.004897,0.09696,0.963664
37.8286,0.004897,0.09696,0.963683
37.8306,0.002841,0.09696,0.963755
37.8325,0.000821,0.09696,0.963835
37.834,0.009273,0.09696,0.963729
37.836,0.008195,0.09696,0.963816
37.8376,0.003781,0.09696,0.963804
37.8396,0.003781,0.09696,0.963887
37.841,0.003623,0.09696,0.963907
37.8426,0.003623,0.09696,0.963801
37.844,0.003623,0.09696,0.963844
37.8456,0.003623,0.09696,0.963903
37.8476,0.016408,0.09696,0.963855
37.849,0.007307,0.09696,0.963925
37.8506,0.011071,0.09696,0.963911
37.8526,0.009642,0.09696,0.963999
37.8546,0.00103,0.09696,0.964101
37.8565,0.00103,0.09696,0.964278
37.8586,0.006886,0.09696,0.96434
37.86,0.004772,0.09696,0.964311
37.8616,0.003298,0.09696,0.964464
37.8636,0.000971,0.09696,0.964577
37.865,0.000971,0.09696,0.964718
37.867,0.009046,0.09696,0.964819
37.8686,0.011188,0.09696,0.965013
37.8706,0.006275,0.09696,0.965176
37.8725,0.001715,0.09696,0.96536
37.8746,0.00611,0.09696,0.96551
37.8766,0.00611,0.09696,0.965742
37.8786,0.006566,0.09696,0.966029
37.8805,0.005943,0.09696,0.966235
37.8821,0.005887,0.09696,0.96656
37.8836,0.001233,0.09696,0.966726
37.8856,0.001233,0.09696,0.966914
37.8876,0.001233,0.09696,0.96725
37.8896,0.009146,0.09696,0.967642
37.8916,0.000267,0.09696,0.967862
37.8936,0.005381,0.09696,0.968193
37.8956,0.005381,0.09696,0.968428
37.8976,0.005381,0.09696,0.96869
37.9001,0.005381,0.09696,0.968986
37.9016,0.005381,0.09696,0.969287
37.9036,0.000409,0.09696,0.969514
37.9056,0.000409,0.09696,0.969784
37.9076,0.000409,0.09696,0.969964
37.9096,0.000409,0.09696,0.970118
37.9116,0.000409,0.09696,0.97032
37.9136,0.01132,0.09696,0.970389
37.9156,0.01132,0.09696,0.970511
37.9176,0.01132,0.09696,0.970747
37.9196,0.004105,0.09696,0.970713
37.9216,0.00807,0.09696,0.970891
37.9236,0.004273,0.09696,0.97092
37.9256,0.008306,0.09696,0.971013
37.9276,0.008217,0.09696,0.97115
37.9296,0.008217,0.09696,0.971191
37.9316,0.008528,0.09696,0.971204
37.9336,0.004593,0.09696,0.971361
37.9361,0.000197,0.09696,0.97153
37.9386,0.004852,0.09696,0.971606
37.9406,0.008507,0.09696,0.971716
37.9426,0.005267,0.09696,0.971815
37.9445,0.005267,0.09696,0.97192
37.9461,0.003185,0.09696,0.971997
37.9476,0.003627,0.09696,0.972177
37.9496,0.004561,0.09696,0.97225
37.9516,0.014249,0.09696,0.972566
37.9536,0.014249,0.09696,0.972628
37.9556,0.003133,0.09696,0.972857
37.9576,0.010778,0.09696,0.973154
37.9596,0.010778,0.09696,0.973344
37.9616,0.004924,0.09696,0.97362
37.9636,0.014385,0.09696,0.973884
37.9656,0.025498,0.09696,0.974179
37.9676,0.025498,0.09696,0.974492
37.9696,0.025498,0.09696,0.974816
37.9716,0.025498,0.09696,0.975134
37.9736,0.025498,0.09696,0.975447
37.9756,0.006155,0.09696,0.975752
37.9776,0.007188,0.09696,0.975924
37.9797,0.007188,0.09696,0.976212
37.9816,0.020608,0.09696,0.976477
37.9836,0.020608,0.09696,0.976679
37.9857,0.000845,0.09696,0.976823
37.9877,0.021733,0.09696,0.976913
37.9896,0.000541,0.09696,0.977257
37.9916,0.000371,0.09696,0.977308
37.9936,0.007758,0.09696,0.977549
37.9957,0.000225,0.09696,0.977635
37.9976,0.000225,0.09696,0.977961
37.9996,0.002357,0.09696,0.978041
38.0017,0.000655,0.09696,0.978285
38.0037,0.020156,0.09696,0.978516
38.0061,0.020156,0.09696,0.978697
38.0077,0.020156,0.09696,0.978998
38.0097,0.020156,0.09696,0.979093
38.0117,0.000688,0.09696,0.979412
38.0137,0.000688,0.09696,0.979704
38.0157,0.008392,0.09696,0.980013
38.0177,0.026522,0.09696,0.980316
38.0197,0.026522,0.09696,0.980633
38.0217,0.000705,0.09696,0.980896
38.0237,0.063897,0.09696,0.981235
38.0257,0.000726,0.09696,0.981542
38.0277,0.000726,0.09696,0.981827
38.0297,0.036497,0.09696,0.982196
38.0317,0.036497,0.09696,0.982311
38.0337,0.036497,0.09696,0.982654
38.0357,0.028951,0.09696,0.982812
38.0377,0.028951,0.09696,0.982993
38.0401,0.000859,0.09696,0.983088
38.0417,0.000859,0.09696,0.983336
38.0437,0.000859,0.09696,0.983449
38.0457,0.000859,0.09696,0.983494
38.0477,0.028963,0.09696,0.983756
38.0497,0.028963,0.09696,0.983677
38.0517,0.028963,0.09696,0.983846
38.0537,0.000611,0.09696,0.983981
38.0557,0.03694,0.09696,0.98413
38.0577,0.012371,0.09696,0.984273
38.0597,0.007996,0.09696,0.984352
38.0617,0.025228,0.09696,0.984591
38.0637,0.025228,0.09696,0.984655
38.0657,0.03039,0.09696,0.984809
38.0677,0.020886,0.09696,0.985139
38.0697,0.021816,0.09696,0.985252
38.0717,0.021816,0.09696,0.985444
38.0741,0.006356,0.09696,0.985711
38.0757,0.037509,0.09696,0.986039
38.0777,0.037509,0.09696,0.986334
38.0797,0.037509,0.09696,0.986736
38.0817,0.037509,0.09696,0.987023
38.0837,0.003578,0.09696,0.98736
38.0857,0.003578,0.09696,0.987711
38.0877,0.000793,0.09696,0.988018
38.0897,0.000793,0.09696,0.988424
38.0917,0.000793,0.09696,0.988876
38.0937,0.012015,0.09696,0.98914
38.0957,0.01228,0.09696,0.989421
38.0977,0.01228,0.09696,0.989669
38.0997,0.01228,0.09696,0.989871
38.1017,0.034009,0.09696,0.990254
38.1037,0.034009,0.09696,0.990557
38.1057,0.014686,0.09696,0.990763
38.1077,0.048129,0.09696,0.990894
38.1101,0.048129,0.09696,0.991197
38.1117,0.048129,0.09696,0.991558
38.1137,0.048129,0.09696,0.991639
38.1157,0.048129,0.09696,0.99195
38.1177,0.000882,0.09696,0.992207
38.1197,0.015903,0.09696,0.992443
38.1217,0.001783,0.09696,0.992739
38.1237,0.011745,0.09696,0.993103
38.1257,0.027754,0.09696,0.993462
38.1277,0.027754,0.09696,0.99365
38.1297,0.004509,0.09696,0.993975
38.1317,0.022113,0.09696,0.994172
38.1337,0.022113,0.09696,0.994521
38.1357,0.022113,0.09696,0.994718
38.1377,0.022113,0.09696,0.994971
38.1397,0.022113,0.09696,0.995158
38.1417,0.022113,0.09696,0.995319
38.1441,0.022113,0.09696,0.995637
38.1467,0.022113,0.09696,0.995801
38.1487,0.015883,0.09696,0.995966
38.1507,0.015883,0.09696,0.996167
38.1525,0.015883,0.09696,0.996297
38.1541,0.015883,0.09696,0.996369
38.1557,0.015883,0.09696,0.996468
38.1577,0.003883,0.09696,0.996568
38.1597,0.003883,0.09696,0.996711
38.1617,0.018282,0.09696,0.996761
38.1637,0.009341,0.09696,0.996779
38.1657,0.010047,0.09696,0.996876
38.1677,0.010047,0.09696,0.996953
38.1697,0.008004,0.09696,0.997092
38.1717,0.019393,0.09696,0.997037
38.1737,0.019393,0.09696,0.997098
38.1757,6.5e-05,0.09696,0.997172
38.1781,6.5e-05,0.09696,0.997173
38.1797,6.5e-05,0.09696,0.997262
38.1817,6.5e-05,0.09696,0.997238
38.1837,0.016351,0.09696,0.997259
38.1857,0.016351,0.09696,0.997346
38.1877,0.016351,0.09696,0.997353
38.1897,0.00193,0.09696,0.99729
38.1917,0.017084,0.09696,0.997371
38.1937,0.003397,0.09696,0.997411
38.1957,0.003397,0.09696,0.99737
38.1977,0.008773,0.09696,0.997508
38.1997,0.008773,0.09696,0.997463
38.2017,0.005116,0.09696,0.997499
38.2037,0.005116,0.09696,0.997585
38.2057,0.009819,0.09696,0.997667
38.2077,0.009819,0.09696,0.99778
38.2097,0.015209,0.09696,0.997787
38.2117,0.016657,0.09696,0.997978
38.2141,0.016657,0.09696,0.998088
38.2161,0.015382,0.09696,0.998241
38.2181,0.003916,0.09696,0.99842
38.2201,0.003916,0.09696,0.998649
38.2221,0.004186,0.09696,0.998818
38.2241,0.011781,0.09696,0.999072
38.2261,0.011781,0.09696,0.999247
38.2281,0.00456,0.09696,0.999583
38.2301,0.00456,0.09696,0.999748
38.2321,0.00456,0.09696,0.999948
38.2341,0.002144,0.01362,1.00023
38.2367,0.018952,0.0276,1.00046
38.2387,0.040464,0.03456,1.00058
38.2405,0.078542,0.04506,1.00075
38.2427,0.091458,0.04752,1.00079
38.2447,0.112129,0.039,1.00065
38.2467,0.122913,0.03378,1.00056
38.2491,0.100302,0.0183,1.0003
38.2517,0.072276,0.00324,1.00005
38.2537,0.05608,0.00324,0.999739
38.2557,0.036007,0.00324,0.999663
38.2571,0.032228,0.00324,0.999697
38.2591,0.004379,0.00324,0.999868
38.2611,0.008562,0.00432,1.00007
38.2637,0.002634,0.01068,1.00018
38.2651,0.03343,0.02262,1.00038
38.2671,0.035802,0.04056,1.00068
38.2697,0.079965,0.0423,1.0007
38.2717,0.099919,0.05328,1.00089
38.2737,0.124088,0.05298,1.00088
38.2757,0.142966,0.04164,1.00069
38.2777,0.123301,0.03138,1.00052
38.2797,0.112174,0.01038,1.00017
38.2817,0.087941,0.01038,0.999966
38.2841,0.041657,0.01038,0.999721
38.2861,0.038531,0.01038,0.999626
38.2881,0.013257,0.01038,0.999737
38.2901,0.01272,0.01038,0.999938
38.2921,0.005849,0.00888,1.00015
38.2947,0.021156,0.02148,1.00036
38.2965,0.035646,0.04062,1.00068
38.2987,0.082123,0.04782,1.0008
38.3007,0.100798,0.05484,1.00091
38.3027,0.128744,0.05328,1.00089
38.3045,0.138346,0.04584,1.00076
38.3067,0.138944,0.03186,1.00053
38.3087,0.112264,0.0057,1.00009
38.3107,0.080238,0.0057,0.999835
38.3125,0.037777,0.0057,0.999615
38.3141,0.0377,0.0057,0.999531
38.3161,0.015656,0.0057,0.999584
38.3181,0.017382,0.0057,0.999731
38.3205,0.004879,0.0057,0.999912
38.3227,0.004879,0.00888,1.00015
38.3247,0.017127,0.03192,1.00053
38.3267,0.061111,0.0513,1.00086
38.3285,0.089401,0.06126,1.00102
38.3307,0.133247,0.07254,1.00121
38.3327,0.179719,0.06672,1.00111
38.3347,0.172669,0.06018,1.001
38.3365,0.165195,0.03708,1.00062
38.3387,0.154434,0.0153,1.00026
38.3407,0.089603,0.0153,0.999822
38.3427,0.058055,0.0153,0.999483
38.3445,0.041036,0.0153,0.999466
38.3461,0.035857,0.0153,0.999395
38.3477,0.032229,0.0153,0.999447
38.3497,0.011986,0.0153,0.999617
38.3517,0.002113,0.0153,0.999905
38.3537,0.013697,0.00924,1.00015
38.3557,0.002675,0.03378,1.00056
38.3577,0.049751,0.04974,1.00083
38.3597,0.095769,0.06138,1.00102
38.3617,0.124072,0.07008,1.00117
38.3637,0.158889,0.05904,1.00098
38.3657,0.165691,0.05148,1.00086
38.3677,0.14917,0.03264,1.00054
38.3697,0.140898,0.0048,1.00008
38.3717,0.078378,0.0048,0.999609
38.3737,0.057609,0.0048,0.999315
38.3757,0.032886,0.0048,0.999216
38.3777,0.013899,0.0048,0.99916
38.3791,0.036206,0.0048,0.999219
38.3807,0.023298,0.0048,0.999398
38.3827,0.004502,0.0048,0.999478
38.3845,0.004502,0.0048,0.99975
38.3871,0.004502,0.00138,1.00002
38.3891,0.004502,0.0096,1.00016
38.3911,0.007504,0.0168,1.00028
38.3931,0.034461,0.02154,1.00036
38.3957,0.042092,0.01716,1.00029
38.3977,0.051276,0.02238,1.00037
38.3997,0.046016,0.00384,1.00006
38.4017,0.046488,0.00384,0.999927
38.4037,0.025752,0.00384,0.999736
38.4051,0.014569,0.00384,0.999647
38.4067,0.025437,0.00384,0.999576
38.4081,0.021545,0.00384,0.999564
38.4097,0.02118,0.00384,0.999455
38.4111,0.014717,0.00384,0.99945
38.4127,0.016748,0.00384,0.999532
38.4141,0.012835,0.00384,0.999495
38.4157,0.015546,0.00384,0.999492
38.4171,0.011293,0.00384,0.999487
38.4201,0.010767,0.00384,0.999504
38.4217,0.011296,0.00384,0.999468
38.4231,0.000446,0.00384,0.999504
38.4246,0.012141,0.00384,0.999513
38.4261,0.010171,0.00384,0.999457
38.4277,0.007542,0.00384,0.999523
38.4291,0.0143,0.00384,0.999332
38.4307,0.01489,0.00384,0.999367
38.4326,0.01489,0.00384,0.999337
38.4347,0.01489,0.00384,0.99929
38.4367,0.013071,0.00384,0.999195
38.4387,0.013071,0.00384,0.999066
38.4406,0.013071,0.00384,0.998973
38.4421,0.013071,0.00384,0.998902
38.4437,0.013071,0.00384,0.998768
38.4457,0.007031,0.00384,0.99866
38.4477,0.007031,0.00384,0.998574
38.4497,0.007031,0.00384,0.998253
38.4517,0.007031,0.00384,0.998055
38.4537,0.007532,0.00384,0.997822
38.4557,0.007532,0.00384,0.997531
38.4571,0.009576,0.00384,0.99727
38.4587,0.009576,0.00384,0.997105
38.4607,0.009576,0.00384,0.996887
38.4627,0.003767,0.00384,0.996459
38.4646,0.019035,0.00384,0.996172
38.4667,0.019035,0.00384,0.995777
38.4687,0.019035,0.00384,0.995208
38.4707,0.013758,0.00384,0.994737
38.4726,0.001437,0.00384,0.994325
38.4741,0.018741,0.00384,0.993956
38.4757,0.004098,0.00384,0.993527
38.4777,0.004098,0.00384,0.993136
38.4801,0.004098,0.00384,0.992592
38.4827,0.004098,0.00384,0.992025
38.4847,0.011821,0.00384,0.991354
38.4867,0.011821,0.00384,0.990948
38.4886,0.007655,0.00384,0.990335
38.4901,0.009898,0.00384,0.989909
38.4917,0.00298,0.00384,0.989561
38.4937,0.031566,0.00384,0.989039
38.4957,0.031566,0.00384,0.988439
38.4977,0.0149,0.00384,0.987931
38.4997,0.0149,0.00384,0.987341
38.5017,0.0149,0.00384,0.986782
38.5037,0.0149,0.00384,0.98626
38.5057,0.0149,0.00384,0.985696
38.5077,0.0149,0.00384,0.985202
38.5097,0.041468,0.00384,0.984677
38.5117,0.041468,0.00384,0.984215
38.5131,0.021191,0.00384,0.983686
38.5147,0.000808,0.00384,0.983331
38.5167,0.000808,0.00384,0.98283
38.5187,0.004965,0.00384,0.982159
38.5206,0.034681,0.00384,0.981658
38.5221,0.011149,0.00384,0.981103
38.5237,0.034316,0.00384,0.980548
38.5257,0.034316,0.00384,0.980137
38.5277,0.023487,0.00384,0.979484
38.5291,0.000561,0.00384,0.978909
38.5307,0.010559,0.00384,0.978468
38.5327,0.007734,0.00384,0.978086
38.5347,0.007734,0.00384,0.977474
38.5366,0.027303,0.00384,0.976925
38.5381,0.026456,0.00384,0.97641
38.5397,0.007682,0.00384,0.975887
38.5417,0.007682,0.00384,0.975436
38.5441,0.016232,0.00384,0.974713
38.5467,0.016232,0.00384,0.973821
38.5487,0.001812,0.00384,0.973007
38.5507,0.003502,0.00384,0.972361
38.5526,0.003502,0.00384,0.97155
38.5541,0.003502,0.00384,0.970873
38.5557,0.003502,0.00384,0.97021
38.5577,0.003502,0.00384,0.96951
38.5597,0.003502,0.00384,0.968675
38.5617,0.003502,0.00384,0.967801
38.5637,0.003502,0.00384,0.966881
38.5657,0.003502,0.00384,0.966023
38.5677,0.001425,0.00384,0.965135
38.5697,0.004931,0.00384,0.964174
38.5717,0.010251,0.00384,0.963198
38.5737,0.010251,0.00384,0.962311
38.5757,0.010251,0.00384,0.961343
38.5777,0.010725,0.00384,0.960533
38.5797,0.007272,0.00384,0.95954
38.5817,0.007272,0.00384,0.958622
38.5837,0.021757,0.00384,0.957552
38.5851,0.021757,0.00384,0.956764
38.5867,0.008184,0.00384,0.956057
38.5887,0.022559,0.00384,0.955479
38.5907,0.022559,0.00384,0.954514
38.5926,0.020096,0.00384,0.953723
38.5947,0.010462,0.00384,0.952925
38.5967,0.010462,0.00384,0.951954
38.5987,0.020469,0.00384,0.951054
38.6006,0.011485,0.00384,0.950232
38.6022,0.004359,0.00384,0.949467
38.6037,0.015705,0.00384,0.948921
38.6057,0.015705,0.00384,0.948318
38.6077,0.031481,0.00384,0.947512
38.6097,0.019199,0.00384,0.946713
38.6117,0.018976,0.00384,0.945928
38.6137,0.018976,0.00384,0.945297
38.6157,0.024719,0.00384,0.944507
38.6172,0.024719,0.00384,0.943898
38.6187,0.020548,0.00384,0.943472
38.6207,0.004354,0.00384,0.942945
38.6227,0.004354,0.00384,0.94223
38.6246,0.011451,0.00384,0.941548
38.6267,0.011451,0.00384,0.941023
38.6287,0.001107,0.00384,0.940221
38.6307,0.001107,0.00384,0.939567
38.6326,0.007166,0.00384,0.938881
38.6342,0.007166,0.00384,0.938286
38.6357,0.007179,0.00384,0.937758
38.6377,0.004646,0.00384,0.937249
38.6397,0.007678,0.00384,0.936729
38.6417,0.021239,0.00384,0.93606
38.6437,0.021239,0.00384,0.935515
38.6458,0.021239,0.00384,0.935088
38.6478,0.000129,0.00384,0.934555
38.6497,0.009903,0.00384,0.934137
38.6518,0.001904,0.00384,0.933695
38.6538,0.002229,0.00384,0.933327
38.6558,0.0155,0.00384,0.932962
38.6577,0.009783,0.00384,0.932558
38.6598,0.007147,0.00384,0.932399
38.6618,0.008451,0.00384,0.932089
38.6638,0.008451,0.00384,0.93195
38.6658,0.003885,0.00384,0.931873
38.6677,0.012724,0.00384,0.931765
38.6698,0.008815,0.00384,0.931672
38.6718,0.005371,0.00384,0.931682
38.6737,0.009954,0.00384,0.931783
38.6762,0.002525,0.00384,0.931645
38.6778,0.002364,0.00384,0.931738
38.6798,0.002364,0.00384,0.93164
38.6818,0.002364,0.00384,0.931724
38.6838,0.003769,0.00384,0.93171
38.6858,0.003769,0.00384,0.931761
38.6872,0.003769,0.00384,0.931743
38.6886,0.003769,0.00384,0.931733
38.6908,0.003769,0.00384,0.931688
38.6928,0.002185,0.00384,0.931726
38.6948,0.002185,0.00384,0.931703
38.6966,0.002185,0.00384,0.931752
38.6982,0.000993,0.00384,0.93166
38.6998,0.009671,0.00384,0.931669
38.7018,0.004326,0.00384,0.931809
38.7038,0.004326,0.00384,0.931827
38.7058,0.008526,0.00384,0.931967
38.7082,0.001741,0.00384,0.931956
38.7098,0.001741,0.00384,0.932128
38.7118,0.001741,0.00384,0.932164
38.7138,0.002423,0.00384,0.93221
38.7158,0.002423,0.00384,0.932396
38.7178,0.002423,0.00384,0.932496
38.7198,0.002423,0.00384,0.932472
38.7218,0.002423,0.00384,0.932521
38.7232,0.002423,0.00384,0.932444
38.7248,0.002423,0.00384,0.932494
38.7268,0.002423,0.00384,0.932452
38.7286,0.002423,0.00384,0.932417
38.7302,0.00041,0.00384,0.932376
38.7318,0.00041,0.00384,0.932351
38.7338,0.001492,0.00384,0.932394
38.7358,0.001839,0.00384,0.932261
38.7372,0.006689,0.00384,0.932332
38.7402,0.006689,0.00384,0.932251
38.7418,0.006689,0.00384,0.932294
38.7438,0.006689,0.00384,0.932254
38.7458,0.006667,0.00384,0.932329
38.7478,0.006667,0.00384,0.932393
38.7492,0.004928,0.00384,0.932328
38.7508,0.001676,0.00384,0.932393
38.7526,0.002375,0.00384,0.932315
38.7548,0.001774,0.00384,0.932372
38.7568,0.003828,0.00384,0.932351
38.7582,0.003828,0.00384,0.932376
38.7598,0.003828,0.00384,0.932331
38.7618,0.003828,0.00384,0.932388
38.7638,0.001475,0.00384,0.932339
38.7658,0.000925,0.00384,0.932353
38.7678,0.000925,0.00384,0.932387
38.7698,0.000925,0.00384,0.93233
38.7722,0.000925,0.00384,0.932397
38.7738,0.004721,0.00384,0.932376
38.7758,0.004148,0.00384,0.9323
38.7772,0.004148,0.00384,0.932331
38.7788,0.002963,0.00384,0.932386
38.7808,0.002963,0.00384,0.932379
38.7828,0.002963,0.00384,0.932333
38.7846,0.002963,0.00384,0.932291
38.7868,0.002564,0.00384,0.932415
38.7888,0.002564,0.00384,0.932358
38.7908,0.004404,0.00384,0.932351
38.7926,0.004404,0.00384,0.932331
38.7942,0.002831,0.00384,0.93232
38.7958,0.000431,0.00384,0.932324
38.7978,0.001241,0.00384,0.932248
38.7998,0.001241,0.00384,0.932375
38.8018,0.001683,0.00384,0.9324
38.8042,0.001683,0.00384,0.932434
38.8058,0.001683,0.00384,0.932284
38.8078,0.001683,0.00384,0.932401
38.8098,0.001601,0.00384,0.932369
38.8118,0.001601,0.00384,0.932332
38.8138,0.001601,0.00384,0.93233
38.8158,0.001601,0.00384,0.932438
38.8178,0.001506,0.00384,0.932427
38.8198,0.001506,0.00384,0.932348
38.8218,0.001506,0.00384,0.932357
38.8238,0.003786,0.00384,0.932327
38.8258,0.006742,0.00384,0.932392
38.8278,0.006742,0.00384,0.932327
38.8298,0.003914,0.00384,0.932314
38.8318,0.003914,0.00384,0.932273
38.8338,0.003914,0.00384,0.932326
38.8358,0.002556,0.00384,0.932277
38.8382,0.008405,0.00384,0.93238
38.8398,0.008405,0.00384,0.932321
38.8418,0.008405,0.00384,0.932313
38.8438,0.008405,0.00384,0.932356
38.8458,0.000983,0.00384,0.932351
38.8478,0.000983,0.00384,0.93234
38.8498,0.00513,0.00384,0.932312
38.8518,0.00513,0.00384,0.932353
38.8538,0.000327,0.00384,0.932395
38.8558,0.001318,0.00384,0.932433
38.8578,0.002232,0.00384,0.932429
38.8598,0.000509,0.00384,0.932385
38.8618,0.009662,0.00384,0.932395
38.8638,0.009662,0.00384,0.932329
38.8658,0.009662,0.00384,0.932314
38.8678,0.009662,0.00384,0.932456
38.8698,0.009662,0.00384,0.932379
38.8722,0.009662,0.00384,0.932281
38.8738,0.004845,0.00384,0.932301
38.8758,0.004845,0.00384,0.932294
38.8778,0.003805,0.00384,0.932332
38.8798,0.003805,0.00384,0.932371
38.8818,0.003805,0.00384,0.932357
38.8838,0.003805,0.00384,0.93235
38.8858,0.003805,0.00384,0.932313
38.8878,0.003805,0.00384,0.932356
38.8898,0.007953,0.00384,0.932324
38.8918,0.007953,0.00384,0.932361
38.8938,0.007835,0.00384,0.932374
38.8958,0.007835,0.00384,0.932319
38.8978,0.007835,0.00384,0.93234
38.8998,0.007835,0.00384,0.932459
38.9018,0.00221,0.00384,0.932262
38.9038,0.009213,0.00384,0.932316
38.9058,0.009213,0.00384,0.932346
38.9078,0.009213,0.00384,0.932362
38.9098,0.000211,0.00384,0.932326
38.9118,0.000211,0.00384,0.932332
38.9138,0.000211,0.00384,0.932391
38.9158,0.000211,0.00384,0.932315
38.9178,0.004269,0.00384,0.932374
38.9198,0.001802,0.00384,0.932321
38.9218,0.000559,0.00384,0.932376
38.9238,0.002482,0.00384,0.932317
38.9258,0.002482,0.00384,0.932342
38.9278,0.002482,0.00384,0.932356
38.9298,0.001717,0.00384,0.932377
38.9318,0.001717,0.00384,0.932271
38.9338,0.002121,0.00384,0.932341
38.9358,0.000703,0.00384,0.932351
38.9378,0.000703,0.00384,0.932369
38.9402,0.000703,0.00384,0.932303
38.9418,0.001538,0.00384,0.932331
38.9438,0.001538,0.00384,0.932369
38.9458,0.007314,0.00384,0.932371
38.9478,0.007314,0.00384,0.932297
38.9498,0.001607,0.00384,0.932329
38.9518,0.002795,0.00384,0.93245
38.9538,0.000625,0.00384,0.932308
38.9558,0.000625,0.00384,0.932358
38.9578,0.000625,0.00384,0.932357
38.9598,0.003805,0.00384,0.932376
38.9618,0.006621,0.00384,0.932353
38.9638,0.006621,0.00384,0.932322
38.9658,0.006621,0.00384,0.93237
38.9678,0.006621,0.00384,0.932422
38.9698,0.001992,0.00384,0.932341
38.9718,0.000326,0.00384,0.932362
38.9742,0.000326,0.00384,0.932347
38.9758,0.000326,0.00384,0.932328
38.9772,0.000326,0.00384,0.932335
38.9792,0.010239,0.00384,0.932408
38.9808,0.010239,0.00384,0.932335
38.9828,0.001651,0.00384,0.932327
38.9846,0.001651,0.00384,0.932424
38.9862,0.001651,0.00384,0.932335
38.9878,0.001651,0.00384,0.932364
38.9898,0.000156,0.00384,0.932395
38.9918,0.003806,0.00384,0.932401
38.9938,0.003806,0.00384,0.932325
38.9958,0.000558,0.00384,0.932293
38.9972,0.000558,0.00384,0.932316
38.9988,0.000558,0.00384,0.932388
39.0006,0.000558,0.00384,0.932376
39.0022,0.00044,0.00384,0.932312
39.0038,0.00044,0.00384,0.932367
39.0058,0.00044,0.00384,0.932388
39.0078,0.00044,0.00384,0.9323
39.0098,0.003446,0.00384,0.932412
39.0118,0.003446,0.00384,0.932407
39.0138,0.009104,0.00384,0.932332
39.0158,0.009104,0.00384,0.932403
39.0178,0.009104,0.00384,0.932389
39.0198,0.004331,0.00384,0.932326
39.0218,0.001552,0.00384,0.932351
39.0238,0.001552,0.00384,0.932371
39.0258,0.001552,0.00384,0.932307
39.0278,0.003935,0.00384,0.932387
39.0298,0.000555,0.00384,0.932483
39.0318,0.000555,0.00384,0.932373
39.0332,0.000555,0.00384,0.932387
39.0348,0.00844,0.00384,0.932376
39.0372,0.00844,0.00384,0.932354
39.0388,0.004702,0.00384,0.932415
39.0406,0.007615,0.00384,0.932349
39.0428,0.001654,0.00384,0.932337
39.0442,0.001654,0.00384,0.932362
39.0458,0.00059,0.00384,0.932382
39.0478,0.00676,0.00384,0.932389
39.0498,0.006167,0.00384,0.932287
39.0518,0.00296,0.00384,0.932319
39.0538,0.000766,0.00384,0.932356
39.0552,0.000766,0.00384,0.932354
39.0566,0.000766,0.00384,0.932293
39.0588,0.000766,0.00384,0.93229
39.0608,0.000766,0.00384,0.932416
39.0628,0.000766,0.00384,0.932323
39.0642,0.000766,0.00384,0.932341
39.0658,0.000766,0.00384,0.932374
39.0682,0.006844,0.00384,0.932307
39.0698,0.00074,0.00384,0.932337
39.0718,0.0036,0.00384,0.932345
39.0738,0.00428,0.00384,0.932372
39.0758,0.004283,0.00384,0.932354
39.0778,0.005847,0.00384,0.932367
39.0792,0.005847,0.00384,0.932346
39.0807,0.005847,0.00384,0.932454
39.0822,0.005847,0.00384,0.93242
39.0838,0.005847,0.00384,0.93238
39.0858,0.005847,0.00384,0.932452
39.0878,0.002833,0.00384,0.93234
39.0898,0.002833,0.00384,0.932321
39.0912,0.003114,0.00384,0.93235
39.0928,0.003114,0.00384,0.932367
39.0942,0.003731,0.00384,0.932351
39.0958,0.003731,0.00384,0.932394
39.0978,0.003948,0.00384,0.932317
39.1002,0.003948,0.00384,0.932419
39.1018,0.003948,0.00384,0.932347
39.1038,0.005164,0.00384,0.932398
39.1058,0.003725,0.00384,0.932419
39.1078,0.004757,0.00384,0.932367
39.1098,0.00116,0.00384,0.932412
39.1112,0.00116,0.00384,0.932355
39.1127,0.00116,0.00384,0.932423
39.1142,0.001051,0.00384,0.932369
39.1158,0.001051,0.00384,0.932291
39.1178,0.001051,0.00384,0.932331
39.1192,0.001051,0.00384,0.93232
39.1207,0.001051,0.00384,0.932346
39.1228,0.001051,0.00384,0.932399
39.1248,0.001051,0.00384,0.932358
39.1268,0.001051,0.00384,0.932373
39.1287,0.001373,0.00384,0.932339
39.1308,0.001373,0.00384,0.932373
39.1328,0.003088,0.00384,0.932412
39.1342,0.001874,0.00384,0.932363
39.1358,0.001874,0.00384,0.932405
39.1372,0.001874,0.00384,0.932343
39.1392,0.001874,0.00384,0.932362
39.1408,0.007907,0.00384,0.932355
39.1422,0.007907,0.00384,0.932368
39.1438,0.007907,0.00384,0.932403
39.1458,0.007907,0.00384,0.932308
39.1478,0.007907,0.00384,0.932415
39.1498,0.007907,0.00384,0.932319
39.1518,0.004325,0.00384,0.932382
39.1538,0.004325,0.00384,0.932305
39.1558,0.004325,0.00384,0.93231
39.1578,0.004325,0.00384,0.93241
39.1598,0.001822,0.00384,0.932337
39.1618,0.001822,0.00384,0.932423
39.1638,0.001021,0.00384,0.932342
39.1652,0.001021,0.00384,0.932389
39.1668,0.001021,0.00384,0.932446
39.1682,0.001021,0.00384,0.932395
39.1708,0.001021,0.00384,0.932362
39.1722,0.001021,0.00384,0.932359
39.1738,0.001021,0.00384,0.932369
39.1752,0.001021,0.00384,0.932372
39.1767,0.001021,0.00384,0.932329
39.1782,0.001021,0.00384,0.932286
39.1798,0.001021,0.00384,0.93236
39.1812,0.00117,0.00384,0.932351
39.1828,0.000145,0.00384,0.932376
39.1842,0.000145,0.00384,0.932413
39.1858,0.000145,0.00384,0.932396
39.1872,0.000145,0.00384,0.93234
39.1892,0.004687,0.00384,0.932373
39.1908,0.000284,0.00384,0.932345
39.1922,0.00176,0.00384,0.932387
39.1938,0.00176,0.00384,0.932436
39.1952,0.00176,0.00384,0.932368
39.1968,0.00176,0.00384,0.932373
39.1982,0.00176,0.00384,0.932423
39.1998,0.003723,0.00384,0.932457
39.2018,0.006298,0.00384,0.932451
39.2038,0.009281,0.00384,0.932302
39.2052,0.002859,0.00384,0.932362
39.2068,0.001675,0.00384,0.932272
39.2087,0.002572,0.00384,0.93238
39.2102,0.007523,0.00384,0.932353
39.2118,0.007523,0.00384,0.932396
39.2138,0.004775,0.00384,0.932313
39.2158,0.004775,0.00384,0.932292
39.2178,0.004775,0.00384,0.932362
39.2198,0.004775,0.00384,0.932385
39.2218,0.010356,0.00384,0.932288
39.2238,0.010356,0.00384,0.932376
39.2258,0.010356,0.00384,0.932335
39.2278,0.010356,0.00384,0.932306
39.2298,0.010356,0.00384,0.932371
39.2318,0.010356,0.00384,0.932379
39.2338,0.000981,0.00384,0.932354
39.2358,0.003815,0.00384,0.932315
39.2378,0.003815,0.00384,0.932386
39.2398,7.4e-05,0.00384,0.932362
39.2412,0.000505,0.00384,0.932324
39.2433,0.001857,0.00384,0.932428
39.2448,0.016483,0.00384,0.932334
39.2468,0.016483,0.00384,0.932382
39.2478,0.016483,0.00384,0.932359
39.2498,0.016483,0.00384,0.932377
39.2518,0.003462,0.00384,0.932279
39.2538,0.003462,0.00384,0.932366
39.2548,0.003462,0.00384,0.932342
39.2567,0.002519,0.00384,0.932363
39.2583,0.002253,0.00384,0.932349
39.2598,0.003744,0.00384,0.932418
39.2618,0.003744,0.00384,0.932388
39.2638,0.003452,0.00384,0.932377
39.2658,0.00187,0.00384,0.932333
39.2678,0.001579,0.00384,0.932388
39.2698,0.001579,0.00384,0.932387
39.2718,0.000891,0.00384,0.932326
39.2738,0.000891,0.00384,0.932348
39.2758,0.000891,0.00384,0.932389
39.2778,0.000891,0.00384,0.932396
39.2798,0.000891,0.00384,0.932411
39.2823,0.000891,0.00384,0.932311
39.2838,0.000891,0.00384,0.932406
39.2858,0.001201,0.00384,0.932339
39.2868,0.000491,0.00384,0.932378
39.2887,0.004421,0.00384,0.932389
39.2898,0.004421,0.00384,0.932381
39.2918,0.003637,0.00384,0.932289
39.2928,0.002508,0.00384,0.93236
39.2948,0.002508,0.00384,0.932317
39.2967,0.002508,0.00384,0.932387
39.2988,0.007889,0.00384,0.932443
39.3008,0.007889,0.00384,0.932357
39.3028,0.007889,0.00384,0.932376
39.3047,0.007889,0.00384,0.93239
39.3063,0.007889,0.00384,0.932403
39.3078,5.1e-05,0.00384,0.932377
39.3088,0.00409,0.00384,0.932377
39.3113,0.00409,0.00384,0.932335
39.3127,0.007374,0.00384,0.932417
39.3149,0.007374,0.00384,0.932416
39.3168,0.003267,0.00384,0.932382
39.3178,0.004061,0.00384,0.932363
39.3199,0.004061,0.00384,0.932333
39.3208,0.004061,0.00384,0.932354
39.3229,8e-05,0.00384,0.932291
39.3249,0.002343,0.00384,0.932305
39.3268,0.002343,0.00384,0.932314
39.3287,0.001639,0.00384,0.93236
39.3308,0.002581,0.00384,0.932381
39.3329,0.002581,0.00384,0.932338
39.3338,0.002581,0.00384,0.932378
39.3359,0.002581,0.00384,0.932321
39.3379,0.0011,0.00384,0.932354
39.3399,0.0011,0.00384,0.932327
39.3423,0.001522,0.00384,0.932371
39.3439,0.002428,0.00384,0.932379
39.3459,0.002428,0.00384,0.932385
39.3479,0.002428,0.00384,0.932398
39.3499,0.002396,0.00384,0.932347
39.3519,0.000202,0.00384,0.932363
39.3539,0.003719,0.00384,0.932409
39.3549,0.009214,0.00384,0.932386
39.3569,0.009214,0.00384,0.932378
39.3578,0.002626,0.00384,0.932362
39.3599,0.002626,0.00384,0.932211
39.3619,0.003062,0.00384,0.932361
39.3629,0.003062,0.00384,0.932341
39.3649,0.000344,0.00384,0.932374
39.3658,0.000344,0.00384,0.932354
39.3679,0.002479,0.00384,0.932352
39.3693,0.000673,0.00384,0.932304
39.3709,0.000673,0.00384,0.932421
39.3733,0.001555,0.00384,0.932304
39.3749,0.001555,0.00384,0.932387
39.3767,0.004662,0.00384,0.932338
39.3789,0.004662,0.00384,0.932327
39.3809,0.004662,0.00384,0.932324
39.3829,0.004662,0.00384,0.932364
39.3847,0.004662,0.00384,0.932242
39.3869,0.004662,0.00384,0.932376
39.3889,0.004662,0.00384,0.932412
39.3909,0.004662,0.00384,0.93232
39.3927,0.004662,0.00384,0.932408
39.3949,0.004514,0.00384,0.932353
39.3969,0.004514,0.00384,0.932389
39.3989,0.004514,0.00384,0.932434
39.4007,0.004514,0.00384,0.932385
39.4029,0.004514,0.00384,0.932382
39.4049,0.000672,0.00384,0.932386
39.4073,0.001421,0.00384,0.932409
39.4087,0.001421,0.00384,0.932381
39.4109,0.001421,0.00384,0.932304
39.4119,0.001421,0.00384,0.932341
39.4139,0.000117,0.00384,0.932265
39.4159,0.000117,0.00384,0.932353
39.4173,0.01329,0.00384,0.932322
39.4193,0.01329,0.00384,0.932403
39.4209,0.001899,0.00384,0.93232
39.4229,0.000608,0.00384,0.932285
39.4247,0.000608,0.00384,0.932383
39.4269,0.00353,0.00384,0.932387
39.4289,0.001103,0.00384,0.932362
39.4299,0.008723,0.00384,0.93239
39.4319,7.4e-05,0.00384,0.932373
39.4339,7.4e-05,0.00384,0.93241
39.4359,7.4e-05,0.00384,0.932444
39.4383,7.4e-05,0.00384,0.932385
39.4399,7.4e-05,0.00384,0.932391
39.4409,7.4e-05,0.00384,0.932346
39.4439,0.004398,0.00384,0.932402
39.4459,0.000217,0.00384,0.932353
39.4479,0.002355,0.00384,0.932317
39.4489,0.002355,0.00384,0.932373
39.4509,0.002355,0.00384,0.932377
39.4529,0.002355,0.00384,0.932414
39.4549,9.5e-05,0.00384,0.932336
39.4567,9.5e-05,0.00384,0.932309
39.4589,9.5e-05,0.00384,0.932397
39.4609,9.5e-05,0.00384,0.932437
39.4619,9.5e-05,0.00384,0.932378
39.4639,9.5e-05,0.00384,0.932373
39.4659,9.5e-05,0.00384,0.932289
39.4679,9.5e-05,0.00384,0.932381
39.4703,0.003323,0.00384,0.932319
39.4719,0.003323,0.00384,0.932301
39.4739,0.003323,0.00384,0.932362
39.4759,0.003323,0.00384,0.932288
39.4779,0.003903,0.00384,0.932313
39.4799,0.003903,0.00384,0.932391
39.4809,0.000302,0.00384,0.932344
39.4829,0.000302,0.00384,0.932369
39.4843,0.001393,0.00384,0.932373
39.4859,0.00388,0.00384,0.932332
39.4879,0.001348,0.00384,0.932295
39.4899,0.002438,0.00384,0.9323
39.4913,0.002438,0.00384,0.932329
39.4929,0.001006,0.00384,0.932365
39.4949,0.004781,0.00384,0.932386
39.4959,0.005159,0.00384,0.932335
39.4979,0.005159,0.00384,0.932413
39.5003,0.005159,0.00384,0.932375
39.5019,0.002593,0.00384,0.932368
39.5039,0.001547,0.00384,0.932324
39.5059,0.00112,0.00384,0.932355
39.5079,0.00112,0.00384,0.93243
39.5099,0.00112,0.00384,0.932355
39.5119,0.005917,0.00384,0.932321
39.5133,0.006411,0.00384,0.932333
39.5149,0.006411,0.00384,0.932415
39.5169,0.002658,0.00384,0.932273
39.5189,0.002658,0.00384,0.932352
39.5203,0.006366,0.00384,0.932365
39.5229,0.00382,0.00384,0.932338
39.5249,0.000452,0.00384,0.932333
39.5263,0.000452,0.00384,0.932347
39.5279,0.000452,0.00384,0.93235
39.5293,0.000452,0.00384,0.932363
39.5313,0.000452,0.00384,0.932369
39.5329,0.000452,0.00384,0.932341
39.5349,0.00067,0.00384,0.9323
39.5367,0.002402,0.00384,0.932311
39.5389,0.002402,0.00384,0.932346
39.5409,0.006513,0.00384,0.932445
39.5429,0.001359,0.00384,0.932326
39.5447,0.001359,0.00384,0.932395
39.5459,0.0001,0.00384,0.932373
39.5479,0.0001,0.00384,0.932324
39.5499,0.003319,0.00384,0.93231
39.5519,0.003319,0.00384,0.932417
39.5539,0.00561,0.00384,0.932364
39.5559,0.002352,0.00384,0.932363
39.5579,0.004575,0.00384,0.932468
39.5599,0.004575,0.00384,0.93229
39.5619,0.004575,0.00384,0.93239
39.5643,0.003257,0.00384,0.932431
39.5659,1e-06,0.00384,0.932398
39.5679,0.00067,0.00384,0.93233
39.5699,0.00065,0.00384,0.932371
39.5719,0.006348,0.00384,0.932363
39.5739,0.006348,0.00384,0.932299
39.5759,0.006348,0.00384,0.932335
39.5779,0.002345,0.00384,0.932345
39.5799,0.002345,0.00384,0.932382
39.5819,0.00192,0.00384,0.932398
39.5839,0.00192,0.00384,0.932306
39.5859,0.00192,0.00384,0.932362
39.5879,0.00192,0.00384,0.932312
39.5899,0.001047,0.00384,0.932347
39.5919,0.001047,0.00384,0.932289
39.5939,0.001047,0.00384,0.93234
39.5959,0.001407,0.00384,0.932355
39.5983,0.003939,0.00384,0.932401
39.5999,0.003939,0.00384,0.932401
39.6019,0.003939,0.00384,0.932341
39.6039,0.003939,0.00384,0.932378
39.6059,0.003939,0.00384,0.93235
39.6079,0.002825,0.00384,0.932365
39.6099,0.002825,0.00384,0.93235
39.6119,0.002825,0.00384,0.9324
39.6139,0.000306,0.00384,0.932352
39.6159,0.00601,0.00384,0.932435
39.6179,0.00601,0.00384,0.932337
39.6199,0.00601,0.00384,0.932319
39.6219,0.00601,0.00384,0.932325
39.6239,0.002135,0.00384,0.932388
39.6259,0.00593,0.00384,0.932322
39.6279,0.003358,0.00384,0.932256
39.6299,0.003358,0.00384,0.932473
39.6323,0.003358,0.00384,0.932341
39.6349,0.003358,0.00384,0.932318
39.6369,0.003358,0.00384,0.932341
39.6389,0.003358,0.00384,0.932321
39.6407,0.003358,0.00384,0.932392
39.6423,0.003358,0.00384,0.932391
39.6439,0.003358,0.00384,0.932335
39.6459,0.001998,0.00384,0.932358
39.6479,0.001998,0.00384,0.932398
39.6499,0.002925,0.00384,0.932337
39.6519,0.001111,0.00384,0.932395
39.6539,0.001111,0.00384,0.932374
39.6559,0.007629,0.00384,0.932327
39.6579,0.007629,0.00384,0.932362
39.6599,0.007629,0.00384,0.932378
39.6619,0.007629,0.00384,0.932322
39.6639,0.007629,0.00384,0.932376
39.6663,0.000193,0.00384,0.932321
39.6679,0.000193,0.00384,0.932389
39.6699,0.000193,0.00384,0.932373
39.6719,0.00141,0.00384,0.932398
39.6739,0.001723,0.00384,0.93239
39.6759,0.001723,0.00384,0.932422
39.6779,0.001723,0.00384,0.932361
39.6799,0.004963,0.00384,0.932385
39.6819,0.004367,0.00384,0.932334
39.6839,0.004367,0.00384,0.932408
39.6859,0.004367,0.00384,0.932382
39.6879,0.004367,0.00384,0.932325
39.6899,0.001079,0.00384,0.932283
39.6919,0.004786,0.00384,0.932402
39.6939,0.004786,0.00384,0.932381
39.6959,0.002558,0.00384,0.9323
39.6979,0.00399,0.00384,0.932396
39.6999,0.00353,0.00384,0.932364
39.7023,0.00353,0.00384,0.932321
39.7039,0.00353,0.00384,0.932379
39.7059,0.00353,0.00384,0.932325
39.7079,0.00311,0.00384,0.932321
39.7099,0.00311,0.00384,0.932295
39.7119,0.00311,0.00384,0.932354
39.7139,0.00312,0.00384,0.932377
39.7159,0.00121,0.00384,0.932287
39.7179,0.008291,0.00384,0.932323
39.7199,0.00406,0.00384,0.932418
39.7219,0.005927,0.00384,0.932452
39.7239,0.010404,0.00384,0.932481
39.7259,0.010404,0.00384,0.932525
39.7279,0.010404,0.00384,0.932635
39.7299,0.010404,0.00384,0.932681
39.7319,0.010404,0.00384,0.932736
39.7339,0.010404,0.00384,0.932802
39.7363,0.010404,0.00384,0.932733
39.7379,0.001376,0.00384,0.932769
39.7399,0.001376,0.00384,0.932688
39.7419,0.001376,0.00384,0.93283
39.7439,0.001376,0.00384,0.93271
39.7459,0.001376,0.00384,0.932704
39.7479,0.001376,0.00384,0.932686
39.7499,0.001927,0.00384,0.932639
39.7519,0.001927,0.00384,0.932609
39.7539,0.00187,0.00384,0.93267
39.7559,0.00187,0.00384,0.932713
39.7579,0.00187,0.00384,0.932696
39.7599,0.000929,0.00384,0.93272
39.7619,0.006287,0.00384,0.932747
39.7639,0.006287,0.00384,0.932698
39.7659,0.006287,0.00384,0.932691
39.7679,0.001039,0.00384,0.932755
39.7709,0.001844,0.00384,0.932703
39.7729,0.000744,0.00384,0.932761
39.7749,0.004418,0.00384,0.932791
39.7768,0.007218,0.00384,0.932733
39.7789,0.007218,0.00384,0.932687
39.7809,0.007218,0.00384,0.932723
39.7829,0.004324,0.00384,0.932732
39.7848,0.006396,0.00384,0.932727
39.7869,0.006396,0.00384,0.932642
39.7889,0.010912,0.00384,0.932666
39.7909,0.010912,0.00384,0.93271
39.7928,0.010912,0.00384,0.932602
39.7949,0.008962,0.00384,0.932785
39.7969,0.000867,0.00384,0.93275
39.7989,0.000867,0.00384,0.932747
39.8008,0.000867,0.00384,0.932773
39.8029,0.000867,0.00384,0.932714
39.8053,0.004397,0.00384,0.932658
39.8069,0.004397,0.00384,0.932722
39.8088,0.000885,0.00384,0.932601
39.8109,0.000885,0.00384,0.932715
39.8129,0.000885,0.00384,0.932707
39.8149,0.002077,0.00384,0.932683
39.8168,0.004141,0.00384,0.932646
39.8189,0.004141,0.00384,0.932664
39.8209,0.004141,0.00384,0.932722
39.8229,0.004141,0.00384,0.93275
39.8248,0.003075,0.00384,0.932681
39.8269,0.003075,0.00384,0.932719
39.8289,0.003075,0.00384,0.932717
39.8309,0.003075,0.00384,0.932651
39.8328,0.003075,0.00384,0.932712
39.8343,0.002084,0.00384,0.932716
39.8359,0.002084,0.00384,0.932684
39.8383,0.002091,0.00384,0.932688
39.8399,0.002091,0.00384,0.932651
39.8419,0.002091,0.00384,0.932713
39.8439,0.000106,0.00384,0.932728
39.8459,0.00186,0.00384,0.932727
39.8479,0.000903,0.00384,0.932639
39.8499,0.000903,0.00384,0.932625
39.8519,0.000903,0.00384,0.932794
39.8539,0.006583,0.00384,0.932668
39.8559,0.001879,0.00384,0.932709
39.8579,0.001879,0.00384,0.932719
39.8599,0.00075,0.00384,0.932657
39.8619,0.007555,0.00384,0.932677
39.8639,0.007485,0.00384,0.932661
39.8659,0.00176,0.00384,0.932603
39.8679,0.00176,0.00384,0.932669
39.8699,0.00176,0.00384,0.932684
39.8723,0.004173,0.00384,0.932602
39.8749,0.00643,0.00384,0.932581
39.8769,0.00643,0.00384,0.932698
39.8789,0.00643,0.00384,0.932682
39.8808,0.00643,0.00384,0.932662
39.8829,0.004184,0.00384,0.932601
39.8849,0.002891,0.00384,0.93267
39.8869,0.002891,0.00384,0.932681
39.8888,0.002891,0.00384,0.932584
39.8909,0.002891,0.00384,0.932609
39.8929,0.002891,0.00384,0.932622
39.8949,0.002292,0.00384,0.932548
39.8968,0.002119,0.00384,0.932722
39.8984,0.002119,0.00384,0.932637
39.8999,0.008543,0.00384,0.932688
39.9019,0.008543,0.00384,0.932566
39.9039,0.001053,0.00384,0.932626
39.9059,0.001053,0.00384,0.932624
39.9079,0.001053,0.00384,0.932643
39.9099,0.001053,0.00384,0.932642
39.9119,0.001053,0.00384,0.932609
39.9139,0.001053,0.00384,0.932713
39.9159,0.001053,0.00384,0.932679
39.9179,0.001053,0.00384,0.932667
39.9199,0.001053,0.00384,0.932609
39.9219,0.001053,0.00384,0.932611
39.9239,0.001053,0.00384,0.932594
39.9259,0.001053,0.00384,0.93263
39.9279,0.001053,0.00384,0.932642
39.9299,0.004194,0.00384,0.932638
39.9319,0.004194,0.00384,0.932613
39.9339,0.004194,0.00384,0.932562
39.9359,0.004194,0.00384,0.932545
39.9379,0.006469,0.00384,0.932632
39.9404,0.006469,0.00384,0.932695
39.9419,0.003207,0.00384,0.93262
39.9439,0.006118,0.00384,0.932582
39.9459,0.006118,0.00384,0.932528
39.9479,0.00654,0.00384,0.932603
39.9499,0.00654,0.00384,0.932586
39.9519,0.00654,0.00384,0.932662
39.9539,0.001909,0.00384,0.932548
39.9559,0.001909,0.00384,0.932665
39.9579,0.001909,0.00384,0.932597
39.9599,0.001909,0.00384,0.93263
39.9619,0.004266,0.00384,0.932592
39.9639,0.001939,0.00384,0.932666
39.9659,0.002014,0.00384,0.932548
39.9679,0.002014,0.00384,0.932664
39.9699,0.000906,0.00384,0.932574
39.9719,0.000906,0.00384,0.932673
39.9744,0.000906,0.00384,0.932625
39.9759,0.000906,0.00384,0.932583
39.9779,0.002027,0.00384,0.932581
39.9799,0.002027,0.00384,0.932685
39.982,0.002027,0.00384,0.93259
39.9839,0.003086,0.00384,0.932595
39.9859,0.003086,0.00384,0.932624
39.988,0.003086,0.00384,0.932575
39.99,0.006864,0.00384,0.932608
39.992,0.004256,0.00384,0.932679
39.9939,0.003129,0.00384,0.932615
39.996,0.003129,0.00384,0.932589
39.998,0.002211,0.00384,0.932634
39.9999,0.002185,0.00384,0.932644
40.0019,0.002141,0.00384,0.932597
40.004,0.002141,0.00384,0.932677
40.006,0.001757,0.00384,0.932587
40.008,0.001757,0.00384,0.932551
40.01,0.006421,0.00384,0.932665
40.012,0.006421,0.00384,0.932596
40.014,0.008618,0.00384,0.932627
40.016,0.002145,0.00384,0.932604
40.0179,0.002145,0.00384,0.932625
40.02,0.002145,0.00384,0.932575
40.022,0.004483,0.00384,0.93265
40.024,0.003102,0.00384,0.932609
40.0259,0.003102,0.00384,0.932591
40.028,0.00438,0.00384,0.932642
40.03,0.00438,0.00384,0.9326
40.032,0.00438,0.00384,0.932607
40.034,0.00438,0.00384,0.932658
40.036,0.001994,0.00384,0.93265
40.038,0.001994,0.00384,0.932604
40.04,0.004285,0.00384,0.932603
40.0424,0.004285,0.00384,0.932598
40.044,0.004285,0.00384,0.932634
40.046,0.004285,0.00384,0.932583
40.048,0.004285,0.00384,0.932579
40.05,0.008595,0.00384,0.932535
40.052,0.008595,0.00384,0.932619
40.054,0.002302,0.00384,0.932609
40.056,0.003247,0.00384,0.93262
40.058,0.003181,0.00384,0.932572
40.06,0.003181,0.00384,0.932625
40.062,0.003181,0.00384,0.93257
40.064,0.003181,0.00384,0.932673
40.066,0.003181,0.00384,0.932589
40.068,0.008766,0.00384,0.932636
40.07,0.008766,0.00384,0.932549
40.072,0.000785,0.00384,0.932667
40.074,0.004318,0.00384,0.932629
40.0764,0.006602,0.00384,0.932618
40.078,0.004206,0.00384,0.932582
40.08,0.008733,0.00384,0.932628
40.082,0.008733,0.00384,0.932534
40.084,0.00203,0.00384,0.932615
40.086,0.00203,0.00384,0.932643
40.088,0.00203,0.00384,0.932614
40.09,0.00203,0.00384,0.932614
40.092,0.007595,0.00384,0.932684
40.094,0.007595,0.00384,0.932566
40.096,0.007595,0.00384,0.932619
40.098,0.007595,0.00384,0.932603
40.1,0.007595,0.00384,0.932623
40.102,0.007595,0.00384,0.932624
40.104,0.007595,0.00384,0.932548
40.106,0.000829,0.00384,0.932661
40.108,0.004376,0.00384,0.932665
40.1104,0.004376,0.00384,0.932634
40.112,0.004376,0.00384,0.932609
40.114,0.006405,0.00384,0.932574
40.116,0.006405,0.00384,0.932609
40.118,0.006405,0.00384,0.932643
40.12,0.006405,0.00384,0.93259
40.122,0.002007,0.00384,0.932662
40.124,0.002048,0.00384,0.932604
40.126,0.002081,0.00384,0.93269
40.128,0.006318,0.00384,0.932549
40.13,0.000878,0.00384,0.93256
40.132,0.000878,0.00384,0.932629
40.134,0.000878,0.00384,0.932579
40.136,0.000878,0.00384,0.932635
40.138,0.000878,0.00384,0.93263
40.14,0.000878,0.00384,0.932571
40.142,0.000878,0.00384,0.932562
40.1444,0.001892,0.00384,0.932559
40.147,0.001892,0.00384,0.932547
40.149,0.001892,0.00384,0.932608
40.151,0.001892,0.00384,0.932598
40.1528,0.006728,0.00384,0.932589
40.154,0.006728,0.00384,0.932625
40.156,0.006728,0.00384,0.932658
40.158,0.006728,0.00384,0.932717
40.16,0.004199,0.00384,0.932588
40.162,0.004199,0.00384,0.932596
40.164,0.001989,0.00384,0.932618
40.166,0.001989,0.00384,0.93267
40.168,0.001989,0.00384,0.932597
40.17,0.000863,0.00384,0.932615
40.172,0.000863,0.00384,0.932601
40.174,0.002089,0.00384,0.932625
40.176,0.002089,0.00384,0.932688
40.1784,0.002089,0.00384,0.932674
40.18,0.010204,0.00384,0.932568
40.182,0.000856,0.00384,0.932622
40.184,0.000856,0.00384,0.932611
40.186,0.000856,0.00384,0.932632
40.188,0.001633,0.00384,0.932635
40.19,0.001633,0.00384,0.932566
40.192,0.001633,0.00384,0.932574
40.194,0.001633,0.00384,0.9326
40.196,0.001633,0.00384,0.93253
40.198,0.001633,0.00384,0.932588
40.2,0.002001,0.00384,0.932635
40.202,0.002001,0.00384,0.93267
40.204,0.002001,0.00384,0.932578
40.206,0.006334,0.00384,0.932653
40.208,0.004113,0.00384,0.9326
40.21,0.004113,0.00384,0.932587
40.2124,0.004113,0.00384,0.932601
40.214,0.004113,0.00384,0.932629
40.216,0.004113,0.00384,0.932697
40.218,0.004113,0.00384,0.93267
40.22,0.002121,0.00384,0.932641
40.2222,0.003023,0.00384,0.932609
40.224,0.003023,0.00384,0.932685
40.226,0.003023,0.00384,0.932693
40.228,0.003023,0.00384,0.932568
40.23,0.003023,0.00384,0.932585
40.232,0.003023,0.00384,0.93263
40.234,0.001925,0.00384,0.932565
40.236,0.001925,0.00384,0.932573
40.238,0.001925,0.00384,0.932637
40.24,0.001883,0.00384,0.932601
40.242,0.001883,0.00384,0.932667
40.244,0.001883,0.00384,0.932572
40.2464,0.003054,0.00384,0.932681
40.248,0.003054,0.00384,0.932593
40.25,0.003054,0.00384,0.932629
40.252,0.003054,0.00384,0.93255
40.254,0.003054,0.00384,0.932616
40.256,0.003054,0.00384,0.932571
40.2583,0.003054,0.00384,0.932691
40.26,0.003054,0.00384,0.932616
40.262,0.005346,0.00384,0.93267
40.264,0.005346,0.00384,0.932596
40.266,0.005346,0.00384,0.9326
40.268,0.005346,0.00384,0.932593
40.27,0.005346,0.00384,0.932589
40.272,0.003091,0.00384,0.932628
40.274,0.00175,0.00384,0.932669
40.276,0.00175,0.00384,0.932579
40.278,0.00175,0.00384,0.932661
40.2807,0.00175,0.00384,0.932561
40.283,0.00175,0.00384,0.932608
40.285,0.00175,0.00384,0.932603
40.287,0.00175,0.00384,0.932564
40.2888,0.00175,0.00384,0.932566
40.291,0.00175,0.00384,0.932661
40.293,0.002992,0.00384,0.932596
40.295,0.002992,0.00384,0.932591
40.2968,0.002992,0.00384,0.932626
40.299,0.002992,0.00384,0.932636
40.301,0.002992,0.00384,0.932671
40.303,0.002067,0.00384,0.932682
40.3048,0.000814,0.00384,0.932621
40.307,0.00319,0.00384,0.932605
40.309,0.001615,0.00384,0.93259
40.311,0.000809,0.00384,0.932593
40.3128,0.004335,0.00384,0.932611
40.3154,0.003995,0.00384,0.932578
40.317,0.003995,0.00384,0.93252
40.319,0.005404,0.00384,0.932628
40.3208,0.000705,0.00384,0.93256
40.323,0.000705,0.00384,0.932613
40.325,0.000705,0.00384,0.932609
40.327,0.000705,0.00384,0.932595
40.3288,0.000705,0.00384,0.93253
40.331,0.000923,0.00384,0.93263
40.333,0.000923,0.00384,0.932638
40.335,0.000923,0.00384,0.932607
40.3368,0.000923,0.00384,0.932578
40.339,0.000923,0.00384,0.932621
40.341,0.000923,0.00384,0.932592
40.343,0.002145,0.00384,0.932597
40.3448,0.005457,0.00384,0.932555
40.347,0.007341,0.00384,0.932625
40.3494,0.007341,0.00384,0.932603
40.351,0.007341,0.00384,0.932596
40.3528,0.007341,0.00384,0.932588
40.355,0.001214,0.00384,0.932602
40.357,0.001214,0.00384,0.932609
40.359,0.001875,0.00384,0.932547
40.3608,0.001875,0.00384,0.932574
40.363,0.001875,0.00384,0.932563
40.365,0.000897,0.00384,0.932592
40.367,0.000897,0.00384,0.932612
40.3688,0.000897,0.00384,0.932584
40.371,0.000897,0.00384,0.932601
40.373,0.000897,0.00384,0.932664
40.375,0.007686,0.00384,0.93264
40.3768,0.00651,0.00384,0.93259
40.378,0.00651,0.00384,0.932603
40.38,0.00651,0.00384,0.932639
40.3824,0.001964,0.00384,0.932614
40.384,0.001964,0.00384,0.932599
40.386,0.004162,0.00384,0.9326
40.388,0.004162,0.00384,0.932659
40.39,0.004236,0.00384,0.932565
40.392,0.003105,0.00384,0.932585
40.394,0.007649,0.00384,0.93263
40.396,0.007412,0.00384,0.932652
40.398,0.007412,0.00384,0.932612
40.4,0.007635,0.00384,0.932618
40.402,0.007635,0.00384,0.932657
40.404,0.007635,0.00384,0.932643
40.406,0.007635,0.00384,0.932692
40.408,0.010721,0.00384,0.932608
40.41,0.006522,0.00384,0.932613
40.412,0.006522,0.00384,0.932657
40.414,0.006522,0.00384,0.932621
40.416,0.006522,0.00384,0.932649
40.418,0.004517,0.00384,0.932579
40.42,0.004517,0.00384,0.932598
40.422,0.004517,0.00384,0.932609
40.424,0.006548,0.00384,0.932613
40.426,0.006548,0.00384,0.932627
40.428,0.006548,0.00384,0.932593
40.43,0.006548,0.00384,0.932657
40.432,0.006548,0.00384,0.932615
40.434,0.007648,0.00384,0.932634
40.436,0.007648,0.00384,0.932652
40.438,0.007648,0.00384,0.93259
40.44,0.007648,0.00384,0.932613
40.442,0.007648,0.00384,0.932596
40.444,0.002154,0.00384,0.932621
40.446,0.006758,0.00384,0.932539
40.448,0.006758,0.00384,0.932597
40.4504,0.006758,0.00384,0.932531
40.452,0.006758,0.00384,0.932545
40.454,0.006758,0.00384,0.932564
40.456,0.006758,0.00384,0.932618
40.458,0.001926,0.00384,0.932557
40.46,0.001926,0.00384,0.932585
40.462,0.001926,0.00384,0.932585
40.464,0.001926,0.00384,0.932639
40.466,0.001926,0.00384,0.932562
40.468,0.001926,0.00384,0.932633
40.47,0.001926,0.00384,0.932678
40.472,0.001926,0.00384,0.932616
40.474,0.001926,0.00384,0.932661
40.476,0.002062,0.00384,0.932605
40.478,0.002062,0.00384,0.932633
40.48,0.002062,0.00384,0.932675
40.482,0.002062,0.00384,0.932634
40.4844,0.002062,0.00384,0.932663
40.486,0.002062,0.00384,0.932677
40.488,0.008642,0.00384,0.932599
40.49,0.002193,0.00384,0.932594
40.492,0.0131,0.00384,0.932574
40.494,0.006516,0.00384,0.932662
40.496,0.006516,0.00384,0.932644
40.498,0.001913,0.00384,0.932604
40.5,0.002015,0.00384,0.932599
40.502,0.002015,0.00384,0.932645
40.504,0.002015,0.00384,0.932685
40.506,0.002116,0.00384,0.932582
40.508,0.003031,0.00384,0.93262
40.51,0.003031,0.00384,0.93263
40.512,0.006516,0.00384,0.932671
40.514,0.006516,0.00384,0.932582
40.516,0.000761,0.00384,0.932652
40.518,0.003163,0.00384,0.93263
40.5204,0.000976,0.00384,0.932624
40.522,0.000976,0.00384,0.932632
40.524,0.000976,0.00384,0.932573
40.526,0.003137,0.00384,0.932596
40.528,0.003134,0.00384,0.932559
40.53,0.003134,0.00384,0.93265
40.532,0.007721,0.00384,0.932615
40.534,0.001574,0.00384,0.932573
40.536,0.00418,0.00384,0.932587
40.538,0.00418,0.00384,0.93261
40.54,0.001111,0.00384,0.932609
40.542,0.001111,0.00384,0.932551
40.544,0.003273,0.00384,0.93254
40.546,0.003273,0.00384,0.932619
40.548,0.003273,0.00384,0.932526
40.55,0.001854,0.00384,0.932599
40.552,0.003172,0.00384,0.932662
40.555,0.003172,0.00384,0.932568
40.557,0.003172,0.00384,0.932676
40.559,0.001879,0.00384,0.932643
40.5609,0.003083,0.00384,0.932593
40.563,0.00178,0.00384,0.932619
40.565,0.007815,0.00384,0.932636
40.567,0.008492,0.00384,0.932706
40.5689,0.008492,0.00384,0.93267
40.5705,0.002038,0.00384,0.932616
40.572,0.002038,0.00384,0.932609
40.574,0.002471,0.00384,0.93261
40.576,0.002471,0.00384,0.932656
40.578,0.007614,0.00384,0.932576
40.58,0.007614,0.00384,0.932609
40.582,0.007614,0.00384,0.932627
40.584,0.007614,0.00384,0.932587
40.586,0.007614,0.00384,0.932571
40.5885,3e-06,0.00384,0.93261
40.59,3e-06,0.00384,0.932614
40.592,3e-06,0.00384,0.932557
40.594,3e-06,0.00384,0.932633
40.596,3e-06,0.00384,0.93258
40.598,3e-06,0.00384,0.93264
40.6,3e-06,0.00384,0.932668
40.602,3e-06,0.00384,0.93256
40.604,3e-06,0.00384,0.932542
40.606,3e-06,0.00384,0.932686
40.608,3e-06,0.00384,0.932626
40.61,3e-06,0.00384,0.932617
40.612,3e-06,0.00384,0.932632
40.614,3e-06,0.00384,0.932617
40.616,3e-06,0.00384,0.932667
40.618,3e-06,0.00384,0.932657
40.62,3e-06,0.00384,0.932608
40.6225,3e-06,0.00384,0.93256
40.624,3e-06,0.00384,0.932521
40.626,3e-06,0.00384,0.932611
40.628,3e-06,0.00384,0.932588
40.63,3e-06,0.00384,0.932581
40.632,0.00415,0.00384,0.932541
40.634,0.00415,0.00384,0.932656
40.636,0.00415,0.00384,0.932591
40.638,0.011192,0.00384,0.932587
40.64,0.0019,0.00384,0.932579
40.642,0.001961,0.00384,0.93265
40.644,0.001961,0.00384,0.932573
40.6461,0.007372,0.00384,0.932622
40.648,0.003051,0.00384,0.93267
40.65,0.003051,0.00384,0.932634
40.6521,0.003051,0.00384,0.932592
40.6541,0.005467,0.00384,0.932565
40.6565,0.002036,0.00384,0.932579
40.659,0.007064,0.00384,0.932627
40.6611,0.007064,0.00384,0.932661
40.6631,0.004204,0.00384,0.932638
40.6649,0.001873,0.00384,0.932621
40.6671,0.007571,0.00384,0.932572
40.6691,0.004138,0.00384,0.932597
40.6711,0.004138,0.00384,0.932644
40.6729,0.008713,0.00384,0.932538
40.6751,0.001878,0.00384,0.932655
40.6771,0.001878,0.00384,0.932619
40.6791,0.001878,0.00384,0.932594
40.6809,0.004266,0.00384,0.932581
40.6825,0.006412,0.00384,0.932653
40.6841,0.006412,0.00384,0.932657
40.6861,0.000891,0.00384,0.932593
40.6881,0.005368,0.00384,0.932588
40.6905,0.005368,0.00384,0.932601
40.6921,0.005368,0.00384,0.932674
40.6941,0.002129,0.00384,0.932647
40.6961,0.005319,0.00384,0.932679
40.6981,0.005319,0.00384,0.932538
40.7001,0.000254,0.00384,0.932634
40.7021,0.00414,0.00384,0.932588
40.7041,0.000881,0.00384,0.93261
40.7061,0.000881,0.00384,0.93275
40.7081,0.004016,0.00384,0.93265
40.7101,0.00198,0.00384,0.932594
40.7121,0.002099,0.00384,0.932601
40.7141,0.002099,0.00384,0.932614
40.7161,0.002099,0.00384,0.932515
40.7181,0.002099,0.00384,0.932609
40.7195,0.004055,0.00384,0.932588
40.7209,0.004055,0.00384,0.932643
40.7235,0.004055,0.00384,0.932586
40.7251,0.002172,0.00384,0.932614
40.7271,0.002172,0.00384,0.93259
40.7289,0.002256,0.00384,0.932624
40.7305,0.002256,0.00384,0.932565
40.7321,0.002256,0.00384,0.932629
40.7341,0.002135,0.00384,0.932609
40.7361,0.002135,0.00384,0.932545
40.7381,0.002135,0.00384,0.932694
40.7401,0.002135,0.00384,0.932672
40.7421,0.002135,0.00384,0.932662
40.7441,0.002135,0.00384,0.932504
40.7461,0.001951,0.00384,0.932626
40.7481,0.001951,0.00384,0.932718
40.7501,0.001951,0.00384,0.932661
40.7521,0.001951,0.00384,0.932666
40.7541,0.001951,0.00384,0.932586
40.7565,0.001951,0.00384,0.932639
40.7581,0.004392,0.00384,0.932588
40.7601,0.004392,0.00384,0.932625
40.7621,0.004392,0.00384,0.932624
40.7641,0.004392,0.00384,0.932564
40.7661,0.004392,0.00384,0.932664
40.7681,0.004392,0.00384,0.93261
40.7701,0.004367,0.00384,0.932609
40.7721,0.004367,0.00384,0.932581
40.7741,0.004367,0.00384,0.932607
40.7761,0.004367,0.00384,0.93267
40.7781,0.004367,0.00384,0.932554
40.7801,0.004367,0.00384,0.932647
40.7821,0.004274,0.00384,0.932617
40.7841,0.004274,0.00384,0.932602
40.7861,0.004274,0.00384,0.932629
40.7881,0.005971,0.00384,0.932536
40.7905,0.005971,0.00384,0.93255
40.7921,0.005971,0.00384,0.93265
40.7941,0.000928,0.00384,0.932603
40.7961,0.001928,0.00384,0.932624
40.7981,0.001928,0.00384,0.932586
40.8001,0.004423,0.00384,0.93261
40.8021,0.004423,0.00384,0.932547
40.8041,0.002078,0.00384,0.932594
40.8061,0.006523,0.00384,0.932547
40.8081,0.001128,0.00384,0.932601
40.8101,0.008896,0.00384,0.932619
40.8121,0.004206,0.00384,0.93264
40.8141,0.004206,0.00384,0.932603
40.8161,0.002098,0.00384,0.932636
40.8181,0.002098,0.00384,0.932648
40.8201,0.002098,0.00384,0.932616
40.8221,0.002272,0.00384,0.932616
40.8245,0.008754,0.00384,0.932564
40.8261,0.008754,0.00384,0.932604
40.8281,0.008754,0.00384,0.932582
40.8301,0.008754,0.00384,0.932646
40.8321,0.008754,0.00384,0.932506
40.8341,0.008754,0.00384,0.932662
40.8361,0.002282,0.00384,0.932604
40.8381,0.002282,0.00384,0.932578
40.8401,0.002282,0.00384,0.932611
40.8421,0.002282,0.00384,0.932568
40.8441,0.002282,0.00384,0.932593
40.8461,0.002282,0.00384,0.932648
40.8481,0.002282,0.00384,0.932628
40.8501,0.009913,0.00384,0.932629
40.8521,0.009913,0.00384,0.932577
40.8541,0.009913,0.00384,0.932697
40.8561,0.009913,0.00384,0.93266
40.8585,0.009913,0.00384,0.9327
40.8601,0.009913,0.00384,0.932635
40.8621,0.009913,0.00384,0.932631
40.8641,0.009913,0.00384,0.932668
40.8661,0.009913,0.00384,0.932577
40.8681,0.002343,0.00384,0.93262
40.8701,0.002343,0.00384,0.932583
40.8721,0.002343,0.00384,0.932678
40.8741,0.002343,0.00384,0.932698
40.8761,0.000991,0.00384,0.9326
40.8781,0.000991,0.00384,0.932593
40.8801,0.000991,0.00384,0.932608
40.8821,0.000991,0.00384,0.932623
40.8841,0.000991,0.00384,0.932596
40.8861,0.000991,0.00384,0.932594
40.8881,0.003513,0.00384,0.932586
40.8901,0.005475,0.00384,0.932615
40.8925,0.005475,0.00384,0.932643
40.8941,0.005475,0.00384,0.932621
40.8961,0.005475,0.00384,0.93254
40.8981,0.005475,0.00384,0.932602
40.9001,0.005475,0.00384,0.93257
40.9021,0.005475,0.00384,0.932659
40.9041,0.005475,0.00384,0.932594
40.9061,0.00194,0.00384,0.932641
40.9081,0.00194,0.00384,0.932597
40.9101,0.00194,0.00384,0.932602
40.9121,0.00194,0.00384,0.932625
40.9141,0.00194,0.00384,0.932691
40.9161,0.00194,0.00384,0.932573
40.9181,0.00194,0.00384,0.93255
40.9201,0.004283,0.00384,0.932561
40.9221,0.004283,0.00384,0.93259
40.9241,0.004283,0.00384,0.932624
40.9265,0.004283,0.00384,0.932576
40.9281,0.004283,0.00384,0.932685
40.9301,0.004283,0.00384,0.932598
40.9321,0.004283,0.00384,0.932586
40.9341,0.004283,0.00384,0.932631
40.9361,0.004283,0.00384,0.932536
40.9381,0.000662,0.00384,0.932617
40.9401,0.000662,0.00384,0.932585
40.9421,0.000662,0.00384,0.932547
40.9441,0.000662,0.00384,0.932649
40.9461,0.000662,0.00384,0.932583
40.9481,0.002964,0.00384,0.932667
40.9501,0.002964,0.00384,0.932577
40.9521,0.004064,0.00384,0.932672
40.9541,0.004064,0.00384,0.932586
40.9561,0.004064,0.00384,0.932588
40.9581,0.004064,0.00384,0.932609
40.9601,0.004308,0.00384,0.932655
40.9621,0.004308,0.00384,0.932613
40.9641,0.004308,0.00384,0.932599
40.9661,0.002148,0.00384,0.932642
40.9681,0.002148,0.00384,0.932592
40.9701,0.007366,0.00384,0.932659
40.9721,0.007366,0.00384,0.932617
40.9741,0.010803,0.00384,0.932577
40.9761,0.010803,0.00384,0.932576
40.9781,0.010803,0.00384,0.932588
40.9801,0.004082,0.00384,0.932584
40.9821,0.004082,0.00384,0.932628
40.9841,0.001846,0.00384,0.932602
40.9861,0.00405,0.00384,0.93267
40.9881,0.00405,0.00384,0.932673
40.9901,0.00405,0.00384,0.932564
40.9921,0.00405,0.00384,0.932595
40.9941,0.003863,0.00384,0.932619
40.9961,0.003863,0.00384,0.932542
40.9981,0.003863,0.00384,0.932598
41.0001,0.003863,0.00384,0.932638
41.0021,0.008496,0.00384,0.932579
41.0041,0.008496,0.00384,0.9326
41.0061,0.003996,0.00384,0.932609
41.0081,0.003996,0.00384,0.932528
41.0101,0.003996,0.00384,0.932641
41.0121,0.003996,0.00384,0.932628
41.0141,0.001882,0.00384,0.932642
41.0161,0.0082,0.00384,0.932601
41.0181,0.00188,0.00384,0.932622
41.0201,0.001976,0.00384,0.932611
41.0221,0.00712,0.00384,0.932647
41.0241,0.001555,0.00384,0.932569
41.0261,0.001721,0.00384,0.93264
41.0285,0.003953,0.00384,0.932636
41.0301,0.003953,0.00384,0.932618
41.0321,0.003953,0.00384,0.932595
41.0341,0.003953,0.00384,0.932592
41.0361,0.003953,0.00384,0.932616
41.0381,0.003953,0.00384,0.932637
41.0401,0.003953,0.00384,0.932578
41.0421,0.003953,0.00384,0.932552
41.0441,0.003953,0.00384,0.932583
41.0461,0.003953,0.00384,0.932554
41.0481,0.005936,0.00384,0.932599
41.0501,0.005936,0.00384,0.93261
41.0521,0.005936,0.00384,0.932634
41.0541,0.005936,0.00384,0.932582
41.0561,0.005936,0.00384,0.932617
41.0581,0.001873,0.00384,0.93265
41.0601,0.001873,0.00384,0.932677
41.0625,0.00398,0.00384,0.93265
41.0641,0.00398,0.00384,0.932625
41.0661,0.009596,0.00384,0.932637
41.0681,0.008489,0.00384,0.932617
41.0701,0.008489,0.00384,0.932587
41.0721,0.009696,0.00384,0.932641
41.0741,0.009696,0.00384,0.932595
41.0761,0.009696,0.00384,0.932621
41.0781,0.009696,0.00384,0.932574
41.0801,0.006072,0.00384,0.932588
41.0821,0.001848,0.00384,0.932608
41.0841,0.001848,0.00384,0.932536
41.0861,0.001848,0.00384,0.93261
41.0881,0.006055,0.00384,0.932593
41.0901,0.006055,0.00384,0.932619
41.0921,0.006055,0.00384,0.932557
41.0941,0.00363,0.00384,0.932552
41.0965,0.00363,0.00384,0.93265
41.0981,0.000734,0.00384,0.932489
41.1001,0.000734,0.00384,0.932531
41.1021,0.000734,0.00384,0.932614
41.1041,0.000734,0.00384,0.932587
41.1061,0.000313,0.00384,0.932568
41.1081,0.009465,0.00384,0.932651
41.1101,0.009465,0.00384,0.932629
41.1121,0.001818,0.00384,0.932629
41.1141,0.002877,0.00384,0.932538
41.1161,0.002877,0.00384,0.932593
41.1181,0.002877,0.00384,0.932689
41.1201,0.008306,0.00384,0.93265
41.1221,0.008306,0.00384,0.932545
41.1241,0.008306,0.00384,0.932627
41.1261,0.008306,0.00384,0.932578
41.1281,0.008306,0.00384,0.932581
41.1305,0.008306,0.00384,0.932606
41.1321,0.007516,0.00384,0.932629
41.1341,0.005168,0.00384,0.932568
41.1361,0.005168,0.00384,0.932619
41.1381,0.001604,0.00384,0.932597
41.1401,0.001604,0.00384,0.932582
41.1421,0.003849,0.00384,0.932521
41.1441,0.003849,0.00384,0.932564
41.1461,0.003849,0.00384,0.932582
41.1481,0.002692,0.00384,0.932587
41.1501,0.002692,0.00384,0.9326
41.1521,0.000224,0.00384,0.932635
41.1541,0.008001,0.00384,0.932526
41.1561,0.003985,0.00384,0.932545
41.1581,0.003985,0.00384,0.932649
41.1601,0.010893,0.00384,0.932624
41.1621,0.004098,0.00384,0.932499
41.1645,0.004098,0.00384,0.932636
41.1661,0.002021,0.00384,0.932609
41.1681,0.000686,0.00384,0.932705
41.1701,0.001825,0.00384,0.93261
41.1721,0.001825,0.00384,0.932654
41.1741,0.001825,0.00384,0.932609
41.1761,0.00079,0.00384,0.932567
41.1781,0.00079,0.00384,0.932637
41.1801,0.00079,0.00384,0.93262
41.1821,0.00079,0.00384,0.932593
41.1841,0.003792,0.00384,0.932568
41.1861,0.003792,0.00384,0.932558
41.1881,0.002006,0.00384,0.932619
41.1901,0.000733,0.00384,0.932553
41.1921,0.000733,0.00384,0.932595
41.1941,0.000733,0.00384,0.932578
41.1961,0.004372,0.00384,0.932632
41.1981,0.003109,0.00384,0.932595
41.2001,0.006307,0.00384,0.932594
41.2021,0.000804,0.00384,0.93262
41.2041,0.000804,0.00384,0.932675
41.2061,0.000804,0.00384,0.932642
41.2081,0.000804,0.00384,0.932595
41.2101,0.000804,0.00384,0.932589
41.2121,0.000804,0.00384,0.932632
41.2141,0.003803,0.00384,0.932556
41.2161,0.010792,0.00384,0.932605
41.2181,0.00085,0.00384,0.932579
41.2201,0.004255,0.00384,0.932517
41.2221,0.004255,0.00384,0.932609
41.2241,0.001993,0.00384,0.932685
41.2261,0.003057,0.00384,0.932595
41.2281,0.00293,0.00384,0.932513
41.2301,0.00293,0.00384,0.932674
41.2321,0.004171,0.00384,0.93265
41.2345,0.004171,0.00384,0.932586
41.2361,0.002916,0.00384,0.932599
41.2381,0.002916,0.00384,0.932495
41.2401,0.00638,0.00384,0.932567
41.2421,0.00638,0.00384,0.932564
41.2441,0.00638,0.00384,0.932632
41.2461,0.00638,0.00384,0.932564
41.2481,0.00638,0.00384,0.932593
41.2501,0.00638,0.00384,0.932563
41.2521,0.00638,0.00384,0.932633
41.2541,0.00943,0.00384,0.932645
41.2561,0.004264,0.00384,0.932571
41.2581,0.004264,0.00384,0.932583
41.2601,0.004264,0.00384,0.932566
41.2621,0.004264,0.00384,0.93256
41.2641,0.004264,0.00384,0.932685
41.2661,0.002253,0.00384,0.932529
41.2686,2.7e-05,0.00384,0.932531
41.2701,0.000833,0.00384,0.932546
41.2721,0.000833,0.00384,0.932576
41.2741,0.000833,0.00384,0.932637
41.2761,0.000833,0.00384,0.932541
41.2781,0.000833,0.00384,0.932566
41.2801,0.000833,0.00384,0.932577
41.2821,0.002177,0.00384,0.93267
41.2841,0.002177,0.00384,0.932569
41.2861,0.001901,0.00384,0.932558
41.2881,0.001901,0.00384,0.932574
41.2901,0.008853,0.00384,0.932561
41.2921,0.00294,0.00384,0.932593
41.2941,0.010477,0.00384,0.932662
41.2961,0.010477,0.00384,0.932591
41.2981,0.001957,0.00384,0.932574
41.3001,0.002752,0.00384,0.932637
41.3026,0.002873,0.00384,0.932584
41.3041,0.002873,0.00384,0.932568
41.3061,0.002873,0.00384,0.932602
41.3081,0.010886,0.00384,0.932628
41.3101,0.010886,0.00384,0.932611
41.3121,0.004261,0.00384,0.932598
41.3141,0.004261,0.00384,0.932594
41.3161,0.010449,0.00384,0.932654
41.3182,0.010449,0.00384,0.93258
41.3202,0.010449,0.00384,0.932621
41.3221,0.010449,0.00384,0.932547
41.3242,0.010449,0.00384,0.932562
41.3262,0.010449,0.00384,0.932649
41.3281,0.010449,0.00384,0.932574
41.3301,0.010449,0.00384,0.932648
41.3322,0.007596,0.00384,0.932579
41.3342,0.007596,0.00384,0.9325
41.3366,0.007596,0.00384,0.932605
41.3382,0.007596,0.00384,0.932642
41.3402,0.007596,0.00384,0.932604
41.3422,0.007596,0.00384,0.932681
41.3442,0.00221,0.00384,0.932693
41.3461,0.001912,0.00384,0.93253
41.3482,0.00284,0.00384,0.932632
41.3502,0.002094,0.00384,0.932636
41.3522,0.002094,0.00384,0.932651
41.3541,0.003113,0.00384,0.932588
41.3562,0.003113,0.00384,0.932566
41.3582,0.003113,0.00384,0.932595
41.3602,0.003113,0.00384,0.932638
41.3622,0.003113,0.00384,0.932651
41.3636,0.003113,0.00384,0.932625
41.3652,0.006657,0.00384,0.932609
41.3672,0.006657,0.00384,0.932594
41.3696,0.004331,0.00384,0.932595
41.3712,0.004331,0.00384,0.93254
41.3732,0.004331,0.00384,0.932633
41.3746,0.002073,0.00384,0.932596
41.3762,0.000794,0.00384,0.932611
41.3782,0.000289,0.00384,0.932545
41.3802,0.000289,0.00384,0.932609
41.3822,0.000289,0.00384,0.932576
41.3842,0.001961,0.00384,0.932571
41.3862,0.001961,0.00384,0.932661
41.3876,0.007593,0.00384,0.932647
41.3892,0.000822,0.00384,0.932597
41.3912,0.004607,0.00384,0.932641
41.393,0.004607,0.00384,0.932646
41.3952,0.004607,0.00384,0.932545
41.3972,0.003211,0.00384,0.932623
41.3992,0.002013,0.00384,0.932642
41.4016,0.00448,0.00384,0.932605
41.4032,0.00448,0.00384,0.932614
41.4046,0.003111,0.00384,0.932579
41.4062,0.002097,0.00384,0.932649
41.4082,0.002097,0.00384,0.932655
41.4102,0.002097,0.00384,0.932672
41.4122,0.012227,0.00384,0.932602
41.4142,0.012227,0.00384,0.932561
41.4156,0.012227,0.00384,0.932592
41.417,0.012227,0.00384,0.932616
41.4186,0.012227,0.00384,0.93259
41.4202,7e-06,0.00384,0.932626
41.4216,7e-06,0.00384,0.932619
41.4232,7e-06,0.00384,0.932677
41.4246,7e-06,0.00384,0.932629
41.4272,7e-06,0.00384,0.932565
41.4292,7e-06,0.00384,0.932587
41.4316,0.002076,0.00384,0.932588
41.433,0.002076,0.00384,0.932486
41.4346,0.011122,0.00384,0.93262
41.4362,0.011122,0.00384,0.932671
41.4382,0.011122,0.00384,0.932527
41.4396,0.011122,0.00384,0.932602
41.441,0.011122,0.00384,0.93262
41.4432,0.011122,0.00384,0.93259
41.4452,0.011122,0.00384,0.932593
41.4472,0.000917,0.00384,0.932552
41.449,0.001145,0.00384,0.932499
41.4506,9.5e-05,0.00384,0.932691
41.4522,9.5e-05,0.00384,0.932518
41.4536,9.5e-05,0.00384,0.932605
41.4552,9.5e-05,0.00384,0.93265
41.457,9.5e-05,0.00384,0.932516
41.4592,0.001999,0.00384,0.932562
41.4616,0.001087,0.00384,0.932479
41.4632,6e-05,0.00384,0.932648
41.465,6e-05,0.00384,0.93255
41.4666,0.001992,0.00384,0.932536
41.4682,0.002235,0.00384,0.932586
41.4702,0.00121,0.00384,0.932659
41.4722,0.00121,0.00384,0.932578
41.4742,0.00121,0.00384,0.932661
41.4756,0.008628,0.00384,0.932573
41.4772,0.002171,0.00384,0.932591
41.4792,0.003321,0.00384,0.93258
41.481,0.003321,0.00384,0.932663
41.4826,0.003357,0.00384,0.932583
41.4842,0.002406,0.00384,0.932541
41.4862,0.002406,0.00384,0.932617
41.4882,0.00989,0.00384,0.932646
41.4896,0.002166,0.00384,0.932609
41.4926,0.002166,0.00384,0.932642
41.4942,0.002166,0.00384,0.932578
41.4962,0.002166,0.00384,0.932736
41.4976,0.002166,0.00384,0.932626
41.4992,0.00877,0.00384,0.932554
41.5012,0.00877,0.00384,0.932519
41.5032,0.00877,0.00384,0.932589
41.505,0.00877,0.00384,0.932583
41.5072,0.000212,0.00384,0.932683
41.5086,0.000212,0.00384,0.932591
41.5102,0.000212,0.00384,0.932629
41.5122,0.000212,0.00384,0.932619
41.5142,0.000212,0.00384,0.932651
41.5162,0.000212,0.00384,0.932606
41.5182,0.000212,0.00384,0.932647
41.5202,0.001197,0.00384,0.932588
41.5222,0.00434,0.00384,0.932691
41.5246,0.008963,0.00384,0.932612
41.5262,0.008963,0.00384,0.932641
41.5282,0.001184,0.00384,0.932583
41.5302,0.001184,0.00384,0.932536
41.5322,0.005826,0.00384,0.93261
41.5342,0.001187,0.00384,0.932611
41.5362,0.001187,0.00384,0.932601
41.5382,4.4e-05,0.00384,0.932599
41.5402,4.4e-05,0.00384,0.932627
41.5416,4.4e-05,0.00384,0.932634
41.5432,0.004471,0.00384,0.932598
41.545,0.004471,0.00384,0.932692
41.5466,0.004471,0.00384,0.932565
41.5482,0.000152,0.00384,0.932541
41.5502,0.000152,0.00384,0.932602
41.5522,0.004434,0.00384,0.932653
41.5542,0.004434,0.00384,0.932717
41.5566,0.002509,0.00384,0.932632
41.5582,0.002509,0.00384,0.932649
41.5602,0.006921,0.00384,0.932605
41.5622,0.006921,0.00384,0.932592
41.5642,0.006921,0.00384,0.93264
41.5662,0.001245,0.00384,0.932627
41.5682,0.001245,0.00384,0.932686
41.5702,0.001245,0.00384,0.932604
41.5716,8.9e-05,0.00384,0.932593
41.5732,8.9e-05,0.00384,0.932532
41.5752,8.9e-05,0.00384,0.932655
41.577,0.004712,0.00384,0.932661
41.5786,0.004712,0.00384,0.932633
41.5802,0.00033,0.00384,0.932649
41.5822,0.00033,0.00384,0.932574
41.5842,0.004703,0.00384,0.932623
41.5862,0.002404,0.00384,0.932662
41.5886,0.002404,0.00384,0.932552
41.5902,0.002404,0.00384,0.932535
41.5922,0.003464,0.00384,0.932649
41.5936,0.003464,0.00384,0.93262
41.5952,0.000315,0.00384,0.93257
41.5966,0.000308,0.00384,0.932599
41.5982,0.000308,0.00384,0.932674
41.6002,0.000456,0.00384,0.932677
41.6022,0.000456,0.00384,0.932627
41.6036,0.000456,0.00384,0.9326
41.6052,0.000456,0.00384,0.932588
41.6072,0.000456,0.00384,0.932599
41.609,6.3e-05,0.00384,0.932677
41.6106,6.3e-05,0.00384,0.93263
41.6122,6.3e-05,0.00384,0.932526
41.6142,6.3e-05,0.00384,0.93263
41.6156,6.3e-05,0.00384,0.932595
41.6171,0.00468,0.00384,0.932609
41.6192,0.00422,0.00384,0.93265
41.6212,0.00422,0.00384,0.932596
41.6232,0.007978,0.00384,0.932612
41.625,0.00456,0.00384,0.932613
41.6266,0.004654,0.00384,0.932569
41.6282,0.00241,0.00384,0.932573
41.6296,0.001282,0.00384,0.93259
41.6312,0.002457,0.00384,0.93255
41.633,6.6e-05,0.00384,0.932575
41.6352,0.000157,0.00384,0.932665
41.6372,0.00457,0.00384,0.932586
41.6392,0.007163,0.00384,0.932664
41.641,0.002603,0.00384,0.932691
41.6426,0.011257,0.00384,0.932794
41.6442,0.001063,0.00384,0.932764
41.6462,0.001334,0.00384,0.932972
41.6482,0.001334,0.00384,0.933144
41.6502,0.001334,0.00384,0.933209
41.6522,0.003109,0.00384,0.933342
41.6542,0.003109,0.00384,0.933414
41.6562,0.003109,0.00384,0.933496
41.6582,0.003109,0.00384,0.933461
41.6602,0.003109,0.00384,0.933526
41.6622,0.003109,0.00384,0.933442
41.6642,0.001613,0.00384,0.933368
41.6662,0.001613,0.00384,0.933295
41.6682,0.001613,0.00384,0.933186
41.6702,0.001613,0.00384,0.933119
41.6722,0.001613,0.00384,0.932971
41.6742,0.002712,0.00384,0.932923
41.6762,0.004741,0.00384,0.932819
41.6782,0.000228,0.00384,0.932755
41.6802,0.000228,0.00384,0.932713
41.6822,0.002405,0.00384,0.932614
41.6842,0.002405,0.00384,0.932616
41.6862,0.002405,0.00384,0.932508
41.6882,0.002405,0.00384,0.932471
41.6902,0.002405,0.00384,0.932457
41.6922,0.002405,0.00384,0.932387
41.6942,0.002405,0.00384,0.932259
41.6962,0.002405,0.00384,0.932075
41.6982,0.002405,0.00384,0.931918
41.7002,0.002405,0.00384,0.931664
41.7022,0.002405,0.00384,0.931255
41.7042,0.002405,0.00384,0.930838
41.7062,0.002405,0.00384,0.930211
41.7082,0.002405,0.00384,0.9295
41.7102,0.002405,0.00384,0.928784
41.7122,0.002405,0.00384,0.927865
41.7142,0.002405,0.00384,0.926827
41.7166,0.002405,0.00384,0.925632
41.7182,0.000154,0.00384,0.924162
41.7202,0.000154,0.00384,0.922952
41.7222,0.000154,0.00384,0.92159
41.7242,0.000154,0.00384,0.920035
41.7262,0.000154,0.00384,0.918427
41.7282,0.04052,0.00384,0.91662
41.7302,0.04052,0.00384,0.914809
41.7322,0.04052,0.00384,0.912969
41.7342,0.04052,0.00384,0.910938
41.7362,0.04052,0.00384,0.908857
41.7382,0.04052,0.00384,0.906681
41.7402,0.04052,0.00384,0.904503
41.7422,0.004934,0.00384,0.902198
41.7442,0.004934,0.00384,0.899792
41.7462,0.004934,0.00384,0.897532
41.7482,0.004934,0.00384,0.894934
41.7506,0.004934,0.00384,0.892342
41.7522,0.00746,0.00384,0.88925
41.7542,0.01713,0.00384,0.887282
41.7562,0.01836,0.00384,0.88482
41.7582,0.01836,0.00384,0.882387
41.7602,0.01836,0.00384,0.879819
41.7622,0.0329,0.00384,0.877371
41.7642,0.017696,0.00384,0.874955
41.7662,0.017696,0.00384,0.872543
41.7682,0.009833,0.00384,0.870249
41.7702,0.026056,0.00384,0.867961
41.7722,0.00955,0.00384,0.865645
41.7742,0.002075,0.00384,0.863375
41.7762,0.014067,0.00384,0.861195
41.7782,0.004743,0.00384,0.859126
41.7802,0.017634,0.00384,0.85687
41.7822,0.017331,0.00384,0.854818
41.7846,0.017331,0.00384,0.852919
41.7862,0.030111,0.00384,0.850486
41.7882,0.030111,0.00384,0.849197
41.7902,0.020591,0.00384,0.847439
41.7922,0.020869,0.00384,0.84577
41.7942,0.034361,0.00384,0.844322
41.7962,0.044178,0.00384,0.842831
41.7982,0.044178,0.00384,0.841364
41.8002,0.044178,0.00384,0.840125
41.8022,0.044178,0.00384,0.838757
41.8042,0.026191,0.00384,0.83756
41.8062,0.030506,0.00384,0.836398
41.8082,0.015805,0.00384,0.835393
41.8102,0.008162,0.00384,0.834508
41.8122,0.017306,0.00384,0.833666
41.8142,0.015798,0.00384,0.832757
41.8162,0.015798,0.00384,0.83202
41.8186,0.015798,0.00384,0.831322
41.8202,0.022094,0.00384,0.830402
41.8222,0.005512,0.00384,0.82989
41.8242,0.029182,0.00384,0.829414
41.8262,0.006599,0.00384,0.828869
41.8282,0.010897,0.00384,0.828407
41.8302,0.017984,0.00384,0.828085
41.8322,0.015144,0.00384,0.827805
41.8342,0.015144,0.00384,0.827471
41.8362,0.011078,0.00384,0.827314
41.8382,0.004473,0.00384,0.827153
41.8402,0.013387,0.00384,0.827053
41.8422,0.014406,0.00384,0.827078
41.8442,0.014881,0.00384,0.82714
41.8462,0.024583,0.00384,0.827242
41.8482,0.006913,0.00384,0.827406
41.8502,0.009641,0.00384,0.827552
41.8526,0.018806,0.00384,0.827801
41.8542,0.019083,0.00384,0.828126
41.8562,0.019143,0.00384,0.828339
41.8582,0.007306,0.00384,0.828763
41.8602,0.004178,0.00384,0.829102
41.8622,0.011287,0.00384,0.82969
41.8642,0.011296,0.00384,0.830156
41.8662,0.012511,0.00384,0.830792
41.8682,0.039834,0.00384,0.831472
41.8702,0.00757,0.00384,0.832205
41.8722,0.009022,0.00384,0.833094
41.8742,0.027378,0.00384,0.833913
41.8762,0.021584,0.00384,0.834927
41.8782,0.021584,0.00384,0.836069
41.8802,0.016306,0.00384,0.837199
41.8822,0.031806,0.00384,0.838477
41.8842,0.052468,0.00384,0.839803
41.8866,0.015008,0.00384,0.841283
41.8882,0.015008,0.00384,0.843291
41.8902,0.01613,0.00384,0.844492
41.8922,0.025315,0.00384,0.846152
41.8942,0.025315,0.00384,0.847952
41.8962,0.025315,0.00384,0.849758
41.8982,0.005377,0.00384,0.851695
41.9002,0.022058,0.00384,0.853676
41.9022,0.008046,0.00384,0.855649
41.9042,0.007622,0.00384,0.857745
41.9062,0.007622,0.00384,0.859766
41.9082,0.001531,0.00384,0.861841
41.9102,0.013732,0.00384,0.863977
41.9122,0.013732,0.00384,0.866236
41.9142,0.013732,0.00384,0.86846
41.9162,0.014246,0.00384,0.870773
41.9182,0.014246,0.00384,0.873115
41.9202,0.027733,0.00384,0.875389
41.9227,0.030387,0.00384,0.877865
41.9242,0.002082,0.00384,0.88095
41.9262,0.009776,0.00384,0.882888
41.9282,0.024763,0.00384,0.885453
41.9302,0.02018,0.00384,0.888047
41.9322,0.020347,0.00384,0.890701
41.9342,0.013625,0.00384,0.893475
41.9362,0.013625,0.00384,0.895981
41.9382,0.008375,0.00384,0.898817
41.9402,0.008375,0.00384,0.901504
41.9422,0.011168,0.00384,0.904123
41.9442,0.011168,0.00384,0.906805
41.9462,0.011168,0.00384,0.90948
41.9482,0.011168,0.00384,0.912169
41.9502,0.011168,0.00384,0.914868
41.9522,0.030067,0.00384,0.91755
41.9542,0.030067,0.00384,0.920369
41.9567,0.00286,0.00384,0.923083
41.9582,0.002625,0.00384,0.926213
41.9602,0.001921,0.00384,0.928479
41.9622,0.001921,0.00384,0.931078
41.9642,0.003446,0.00384,0.933657
41.9662,0.003446,0.00384,0.936155
41.9682,0.003446,0.00384,0.938726
41.9702,0.003446,0.00384,0.941176
41.9722,0.003446,0.00384,0.943531
41.9742,0.004168,0.00384,0.945931
41.9762,0.0218,0.00384,0.948343
41.9782,0.0218,0.00384,0.95073
41.98,0.0218,0.00384,0.952986
41.9812,0.0008,0.00384,0.954904
41.9832,0.005001,0.00384,0.956379
41.9851,0.006,0.00384,0.958527
41.9872,0.006,0.00384,0.960488
41.9892,0.0017,0.00384,0.962883
41.9912,0.0017,0.00384,0.96499
41.9931,0.0017,0.00384,0.966971
41.9953,0.0017,0.00384,0.968731
41.9973,0.0017,0.00384,0.97096
41.9993,0.0017,0.00384,0.972867
42.0011,0.005209,0.00384,0.974703
42.0033,0.005209,0.00384,0.976306
42.0053,0.013641,0.00384,0.978252
42.0073,0.024712,0.00384,0.98011
42.0091,0.024712,0.00384,0.981728
42.0107,0.028968,0.00384,0.983298
42.0123,0.028968,0.00384,0.984533
42.0143,0.037164,0.00384,0.985811
42.0163,0.037164,0.00384,0.987408
42.0183,0.037164,0.00384,0.988975
42.0203,0.018885,0.00384,0.990565
42.0223,0.018885,0.00384,0.992045
42.0242,0.018885,0.00384,0.993475
42.0263,0.018885,0.00384,0.994819
42.0283,0.018885,0.00384,0.996211
42.0303,0.018885,0.00384,0.997581
42.0323,0.018885,0.00384,0.998756
42.0343,0.001871,0.00702,1.00012
42.0363,0.013983,0.0747,1.00125
42.0383,0.091813,0.1434,1.00239
42.0403,0.240792,0.19578,1.00326
42.0423,0.376374,0.23796,1.00397
42.0443,0.531025,0.24036,1.00401
42.0463,0.588362,0.21918,1.00365
42.0483,0.573424,0.15972,1.00266
42.0503,0.520836,0.0723,1.00121
42.0523,0.363707,0.0723,0.999249
42.0543,0.158926,0.0723,0.997179
42.0563,0.109948,0.0723,0.995516
42.0583,0.124037,0.0723,0.994289
42.0603,0.072909,0.0723,0.993645
42.0623,0.072729,0.0723,0.993418
42.0643,0.054165,0.0723,0.993539
42.0663,0.028399,0.0723,0.993998
42.0683,0.033177,0.0723,0.994594
42.0703,0.03278,0.0723,0.995362
42.0723,0.02409,0.0723,0.9962
42.0743,0.011537,0.0723,0.997268
42.0763,0.021073,0.0723,0.998547
42.0783,0.010636,0.0723,0.999674
42.0803,0.00758,0.0573,1.00096
42.0823,0.070158,0.13872,1.00231
42.0843,0.223277,0.21336,1.00356
42.0863,0.397313,0.27696,1.00462
42.0883,0.577469,0.29514,1.00492
42.0903,0.690719,0.27864,1.00464
42.0923,0.751651,0.22506,1.00375
42.0947,0.65638,0.14844,1.00247
42.0967,0.543679,0.0153,1.00026
42.0987,0.317091,0.0153,0.998197
42.1007,0.162033,0.0153,0.996355
42.1023,0.153192,0.0153,0.995363
42.1043,0.142253,0.0153,0.994802
42.1063,0.117704,0.0153,0.994834
42.1083,0.07334,0.0153,0.995321
42.1103,0.082024,0.0153,0.996146
42.1123,0.074146,0.0153,0.997273
42.1143,0.041782,0.0153,0.998868
42.1163,0.048679,0.03474,1.00058
42.1183,0.076484,0.15822,1.00264
42.1203,0.253869,0.2676,1.00446
42.1223,0.496256,0.38508,1.00642
42.1243,0.771499,0.45132,1.00752
42.1263,1.04655,0.4641,1.00774
42.1287,1.19219,0.43032,1.00717
42.1307,1.14442,0.32802,1.00547
42.1327,1.04357,0.17292,1.00288
42.1347,0.762135,0.17292,0.999705
42.1367,0.366589,0.17292,0.996552
42.1383,0.26137,0.17292,0.993852
42.1403,0.229663,0.17292,0.992288
42.1423,0.135948,0.17292,0.991437
42.1443,0.105573,0.17292,0.991128
42.1463,0.125554,0.17292,0.991591
42.1483,0.118096,0.17292,0.992273
42.1503,0.098267,0.17292,0.993652
42.1523,0.061156,0.17292,0.99529
42.1543,0.023421,0.17292,0.997076
42.1563,0.0019,0.17292,0.999041
42.1583,0.001917,0.06132,1.00102
42.1603,0.071168,0.1866,1.00311
42.1627,0.238534,0.29496,1.00492
42.1647,0.516187,0.38382,1.0064
42.1667,0.806916,0.40572,1.00676
42.1687,0.985802,0.36774,1.00613
42.1707,0.955648,0.29358,1.00489
42.1727,0.871521,0.15708,1.00262
42.1747,0.646651,0.15708,0.999711
42.1767,0.33935,0.15708,0.996431
42.1793,0.211797,0.15708,0.993709
42.1813,0.126358,0.15708,0.991094
42.1833,0.091968,0.15708,0.990071
42.1851,0.09996,0.15708,0.989435
42.1867,0.090749,0.15708,0.989076
42.1883,0.09074,0.15708,0.989136
42.1903,0.085037,0.15708,0.989249
42.1923,0.011601,0.15708,0.989696
42.1943,0.017111,0.15708,0.990221
42.1963,0.002059,0.15708,0.990747
42.1987,0.002059,0.15708,0.991173
42.2003,0.008967,0.15708,0.991645
42.2023,0.008967,0.15708,0.991898
42.2043,0.008967,0.15708,0.992
42.2063,0.008967,0.15708,0.992006
42.2083,0.008967,0.15708,0.991852
42.2103,0.008967,0.15708,0.991381
42.2123,0.008967,0.15708,0.990925
42.2143,0.008967,0.15708,0.990106
42.2163,0.008967,0.15708,0.989223
42.2183,0.008967,0.15708,0.988065
42.2203,0.013674,0.15708,0.986895
42.2223,0.013674,0.15708,0.985409
42.2243,0.013674,0.15708,0.983849
42.2263,0.000153,0.15708,0.982033
42.2283,0.000153,0.15708,0.980097
42.2307,0.000153,0.15708,0.978155
42.2323,0.000153,0.15708,0.975692
42.2343,0.000153,0.15708,0.973946
42.2363,0.000153,0.15708,0.971859
42.2383,0.000153,0.15708,0.969679
42.2403,0.000153,0.15708,0.967434
42.2423,0.011694,0.15708,0.965321
42.2443,0.011694,0.15708,0.963133
42.2463,0.02987,0.15708,0.96102
42.2483,0.010522,0.15708,0.958973
42.2503,0.020689,0.15708,0.957
42.2523,0.026807,0.15708,0.955081
42.2543,0.008951,0.15708,0.953258
42.2563,0.016531,0.15708,0.951585
42.2583,0.016531,0.15708,0.949853
42.2603,0.02428,0.15708,0.948192
42.2623,0.0241,0.15708,0.94656
42.2647,0.022436,0.15708,0.9452
42.2663,0.034971,0.15708,0.94344
42.2683,0.017017,0.15708,0.942282
42.2703,0.017017,0.15708,0.941081
42.2717,0.017443,0.15708,0.939757
42.2731,0.017443,0.15708,0.93871
42.2747,0.010721,0.15708,0.937706
42.2763,0.007512,0.15708,0.936956
42.2777,0.007512,0.15708,0.935986
42.2793,0.009774,0.15708,0.935146
42.2807,0.009774,0.15708,0.934191
42.2823,0.003452,0.15708,0.93338
42.2837,0.003452,0.15708,0.932564
42.2853,0.011668,0.15708,0.931751
42.2867,0.013366,0.15708,0.930995
42.2883,0.009536,0.15708,0.930238
42.2897,0.008607,0.15708,0.929509
42.2927,0.021573,0.15708,0.928482
42.2943,0.011759,0.15708,0.927371
42.2957,0.004202,0.15708,0.926697
42.2971,0.004202,0.15708,0.925992
42.2987,0.001543,0.15708,0.925418
42.3003,0.001543,0.15708,0.924909
42.3017,0.005184,0.15708,0.924268
42.3033,0.008873,0.15708,0.923819
42.3047,0.000705,0.15708,0.923318
42.3063,0.013029,0.15708,0.92284
42.3077,0.013469,0.15708,0.922432
42.3093,0.00381,0.15708,0.922217
42.3107,6e-06,0.15708,0.921799
42.3123,0.018984,0.15708,0.92162
42.3137,0.036115,0.15708,0.921389
42.3153,0.026226,0.15708,0.921265
42.3167,0.025264,0.15708,0.921061
42.3187,0.025264,0.15708,0.921065
42.3203,0.025264,0.15708,0.921104
42.3217,0.008525,0.15708,0.921178
42.3243,0.019208,0.15708,0.921294
42.3257,0.031245,0.15708,0.92137
42.3273,0.005082,0.15708,0.921582
42.3287,0.018816,0.15708,0.921647
42.3303,0.018816,0.15708,0.92192
42.3323,0.000307,0.15708,0.921944
42.3343,0.017933,0.15708,0.922459
42.3363,0.030658,0.15708,0.922706
42.3383,0.017156,0.15708,0.923052
42.3403,0.001591,0.15708,0.923606
42.3423,0.034144,0.15708,0.924109
42.3443,0.030882,0.15708,0.924726
42.3463,0.018526,0.15708,0.925358
42.3483,0.009968,0.15708,0.926175
42.3503,0.019677,0.15708,0.926975
42.3527,0.00707,0.15708,0.928011
42.3543,0.013007,0.15708,0.929114
42.3563,0.01585,0.15708,0.930125
42.3583,0.012593,0.15708,0.931226
42.3603,0.012593,0.15708,0.932483
42.3623,0.008505,0.15708,0.933938
42.3643,0.012961,0.15708,0.935299
42.3663,0.013024,0.15708,0.936788
42.3683,0.013024,0.15708,0.938251
42.3703,0.025326,0.15708,0.939796
42.3723,0.005031,0.15708,0.94144
42.3743,0.015095,0.15708,0.943152
42.3763,0.015095,0.15708,0.94486
42.3783,0.015095,0.15708,0.946575
42.3803,0.026188,0.15708,0.948445
42.3823,0.000996,0.15708,0.950334
42.3843,0.025259,0.15708,0.952296
42.3863,0.000789,0.15708,0.95424
42.3883,0.029494,0.15708,0.956132
42.3903,0.029494,0.15708,0.958222
42.3923,0.006951,0.15708,0.960211
42.3943,0.000348,0.15708,0.962135
42.3963,0.000348,0.15708,0.964066
42.3983,0.000741,0.15708,0.966062
42.4003,0.000741,0.15708,0.967992
42.4023,0.000741,0.15708,0.969958
42.4043,0.002505,0.15708,0.971758
42.4063,0.013255,0.15708,0.973655
42.4083,0.013255,0.15708,0.975588
42.4103,0.025119,0.15708,0.977495
42.4123,0.029302,0.15708,0.979294
42.4143,0.012225,0.15708,0.981315
42.4163,0.012225,0.15708,0.98325
42.4183,0.012225,0.15708,0.985049
42.4203,0.029482,0.15708,0.986974
42.4227,0.029482,0.15708,0.988989
42.4243,0.031226,0.15708,0.991239
42.4263,0.001578,0.15708,0.992902
42.4283,0.026989,0.15708,0.994947
42.4303,0.026989,0.15708,0.996905
42.4323,0.026989,0.15708,0.998907
42.4343,0.026989,0.04668,1.00078
42.4363,0.056665,0.17556,1.00293
42.4383,0.262767,0.28488,1.00475
42.4403,0.52,0.38748,1.00646
42.4423,0.778864,0.43428,1.00724
42.4443,1.01878,0.42456,1.00708
42.4463,1.07946,0.36612,1.0061
42.4483,1.03246,0.24708,1.00412
42.4503,0.846312,0.08616,1.00144
42.4523,0.530607,0.08616,0.998099
42.4543,0.2802,0.08616,0.994944
42.4567,0.205657,0.08616,0.992409
42.4587,0.192286,0.08616,0.990675
42.4607,0.14993,0.08616,0.990169
42.4627,0.102302,0.08616,0.990192
42.4643,0.084788,0.08616,0.990796
42.4663,0.095642,0.08616,0.991635
42.4683,0.066134,0.08616,0.993109
42.4703,0.040904,0.08616,0.995048
42.4723,0.043721,0.08616,0.997199
42.4743,0.054718,0.08616,0.999464
42.4763,0.021964,0.1173,1.00196
42.4783,0.158296,0.27678,1.00461
42.4803,0.45746,0.43356,1.00723
42.4823,0.774982,0.5,1.00901
42.4843,1.11431,0.5,1.00962
42.4863,1.2609,0.5,1.00889
42.4883,1.27993,0.4368,1.00728
42.4907,1.18861,0.28812,1.0048
42.4927,0.991336,0.28812,0.999658
42.4947,0.449468,0.28812,0.995232
42.4967,0.227872,0.28812,0.991417
42.4993,0.156739,0.28812,0.987505
42.5013,0.153042,0.28812,0.984034
42.5033,0.1052,0.28812,0.982546
42.5052,0.100554,0.28812,0.981243
42.5067,0.091945,0.28812,0.980488
42.5087,0.107755,0.28812,0.980254
42.5103,0.112098,0.28812,0.980226
42.5123,0.096119,0.28812,0.980628
42.5143,0.03785,0.28812,0.981419
42.5163,0.03785,0.28812,0.982202
42.5183,0.03785,0.28812,0.983061
42.5203,0.03785,0.28812,0.983889
42.5223,0.03785,0.28812,0.984573
42.5247,0.017651,0.28812,0.985323
42.5263,0.017651,0.28812,0.986025
42.5283,0.017651,0.28812,0.986467
42.5303,0.017651,0.28812,0.9868
42.5323,0.017651,0.28812,0.987078
42.5343,0.017651,0.28812,0.987044
42.5363,0.017651,0.28812,0.986893
42.5383,0.017651,0.28812,0.986562
42.5403,0.017651,0.28812,0.986068
42.5423,0.017651,0.28812,0.985404
42.5443,0.017651,0.28812,0.984603
42.5463,0.017651,0.28812,0.983799
42.5483,0.017651,0.28812,0.982714
42.5503,0.017651,0.28812,0.981417
42.5523,0.017651,0.28812,0.979983
42.5543,0.017651,0.28812,0.978602
42.5563,0.017651,0.28812,0.976854
42.5583,0.017651,0.28812,0.975169
42.5603,0.017651,0.28812,0.973246
42.5623,0.017651,0.28812,0.971181
42.5643,0.017651,0.28812,0.968925
42.5663,0.017651,0.28812,0.966642
42.5683,0.017651,0.28812,0.964192
42.5703,0.017651,0.28812,0.961725
42.5723,0.017651,0.28812,0.959158
42.5743,0.017651,0.28812,0.956506
42.5763,0.017651,0.28812,0.953952
42.5783,0.017651,0.28812,0.951256
42.5803,0.017651,0.28812,0.948481
42.5823,0.017651,0.28812,0.945609
42.5843,0.004594,0.28812,0.942724
42.5863,0.029976,0.28812,0.93991
42.5883,0.008622,0.28812,0.937055
42.5903,0.008622,0.28812,0.934226
42.5928,0.005316,0.28812,0.931365
42.5953,0.027112,0.28812,0.928244
42.5973,0.037333,0.28812,0.92486
42.5993,0.01222,0.28812,0.922465
42.6012,0.01222,0.28812,0.920033
42.6028,0.040714,0.28812,0.917917
42.6048,0.026582,0.28812,0.916483
42.6063,0.044618,0.28812,0.914516
42.6083,0.020167,0.28812,0.913032
42.6103,0.013978,0.28812,0.911365
42.6123,0.022553,0.28812,0.909872
42.6143,0.023076,0.28812,0.908308
42.6163,0.059092,0.28812,0.907202
42.6183,0.023303,0.28812,0.906234
42.6203,0.014995,0.28812,0.90527
42.6223,0.022935,0.28812,0.904694
42.6243,0.025401,0.28812,0.903984
42.6268,0.012674,0.28812,0.903539
42.6283,0.028292,0.28812,0.903108
42.6303,0.028773,0.28812,0.903006
42.6323,0.010767,0.28812,0.902882
42.6343,0.010767,0.28812,0.902834
42.6363,0.003586,0.28812,0.902751
42.6378,0.022317,0.28812,0.902821
42.6393,0.02235,0.28812,0.903059
42.6408,0.00422,0.28812,0.902984
42.6433,0.00422,0.28812,0.903245
42.6453,0.008845,0.28812,0.903503
42.6473,0.008874,0.28812,0.903707
42.6492,0.013507,0.28812,0.903978
42.6508,0.01629,0.28812,0.904255
42.6523,0.01629,0.28812,0.904461
42.6543,0.040119,0.28812,0.904711
42.6563,0.014072,0.28812,0.905148
42.6584,0.030471,0.28812,0.905675
42.6604,0.021091,0.28812,0.906054
42.6624,0.031526,0.28812,0.906721
42.6644,0.002971,0.28812,0.907397
42.6663,0.034569,0.28812,0.908285
42.6684,0.042647,0.28812,0.909091
42.6704,0.012424,0.28812,0.909959
42.6724,0.004306,0.28812,0.910976
42.6743,0.037034,0.28812,0.912043
42.6764,0.037367,0.28812,0.913032
42.6784,0.001203,0.28812,0.914196
42.6804,0.000579,0.28812,0.915358
42.6823,0.000579,0.28812,0.91674
42.6844,0.004503,0.28812,0.918011
42.6864,0.003353,0.28812,0.91932
42.6884,0.024322,0.28812,0.920792
42.6903,0.024322,0.28812,0.922174
42.6924,0.024322,0.28812,0.923523
42.6948,0.002511,0.28812,0.925009
42.6964,0.011289,0.28812,0.926639
42.6984,0.004151,0.28812,0.927845
42.7004,0.00234,0.28812,0.929275
42.7024,0.006953,0.28812,0.930665
42.7044,0.011697,0.28812,0.932206
42.7064,0.011697,0.28812,0.933726
42.7084,0.004386,0.28812,0.93517
42.7104,0.004386,0.28812,0.936778
42.7124,0.020725,0.28812,0.938351
42.7144,0.014479,0.28812,0.94002
42.7164,0.014479,0.28812,0.941609
42.7184,0.014479,0.28812,0.943206
42.7204,0.003475,0.28812,0.945088
42.7224,0.028289,0.28812,0.946992
42.7244,0.028289,0.28812,0.948883
42.7264,0.025459,0.28812,0.950926
42.7288,0.023264,0.28812,0.95294
42.7304,0.00943,0.28812,0.955311
42.7324,0.00943,0.28812,0.957099
42.7344,0.014441,0.28812,0.959135
42.7364,0.010847,0.28812,0.961283
42.7384,0.014231,0.28812,0.963476
42.7404,0.003136,0.28812,0.965614
42.7424,0.003136,0.28812,0.967812
42.7444,0.003136,0.28812,0.970019
42.7464,0.003136,0.28812,0.971999
42.7484,0.02274,0.28812,0.974171
42.7504,0.001681,0.28812,0.976372
42.7524,0.025937,0.28812,0.978483
42.7544,0.025937,0.28812,0.980725
42.7564,0.025937,0.28812,0.982961
42.7584,0.046865,0.28812,0.985233
42.7604,0.028845,0.28812,0.987489
42.7624,0.054406,0.28812,0.989928
42.7648,0.054406,0.28812,0.992187
42.7664,0.023071,0.28812,0.995111
42.7684,0.023071,0.28812,0.997201
42.7704,0.017274,0.28812,0.999626
42.7724,0.002922,0.12558,1.00209
42.7744,0.148082,0.30516,1.00509
42.7764,0.519044,0.44832,1.00747
42.7784,0.822983,0.5,1.00917
42.7804,1.10729,0.5,1.00966
42.7824,1.23695,0.5,1.00878
42.7844,1.3081,0.41808,1.00697
42.7864,1.18155,0.25002,1.00417
42.7884,0.933214,0.0219,1.00037
42.7904,0.462479,0.0219,0.996039
42.7924,0.251141,0.0219,0.991784
42.7944,0.20937,0.0219,0.989198
42.7964,0.150896,0.0219,0.987041
42.7988,0.137614,0.0219,0.985872
42.8008,0.138739,0.0219,0.985227
42.8024,0.115231,0.0219,0.985488
42.8044,0.097558,0.0219,0.986137
42.8064,0.103752,0.0219,0.987425
42.8084,0.095697,0.0219,0.989251
42.8104,0.050908,0.0219,0.991419
42.8124,0.047334,0.0219,0.993803
42.8144,0.026813,0.0219,0.996598
42.8164,0.034554,0.0219,0.99944
42.8184,0.012205,0.14964,1.00249
42.8204,0.181105,0.3624,1.00604
42.8224,0.580622,0.5,1.00875
42.8244,0.930079,0.5,1.01089
42.8264,1.12577,0.5,1.01126
42.8284,1.22799,0.5,1.0101
42.8304,1.28909,0.47802,1.00797
42.8328,1.29511,0.29646,1.00494
42.8348,1.06018,0.01404,1.00023
42.8368,0.493383,0.01404,0.995586
42.8388,0.231936,0.01404,0.99058
42.8404,0.190719,0.01404,0.987318
42.8424,0.17318,0.01404,0.984557
42.8444,0.170343,0.01404,0.982002
42.8464,0.075999,0.01404,0.979979
42.8484,0.043352,0.01404,0.978437
42.8504,0.083154,0.01404,0.977316
42.8524,0.066157,0.01404,0.976721
42.8544,0.095493,0.01404,0.976375
42.8564,0.078643,0.01404,0.976747
42.8584,0.036558,0.01404,0.977104
42.8604,0.008188,0.01404,0.977667
42.8624,0.015167,0.01404,0.978383
42.8644,0.040122,0.01404,0.979216
42.8664,0.008825,0.01404,0.979906
42.8688,0.008825,0.01404,0.980655
42.8708,0.008825,0.01404,0.981575
42.8728,0.003993,0.01404,0.982195
42.8748,0.003993,0.01404,0.98256
42.8768,0.012218,0.01404,0.982875
42.8788,0.012218,0.01404,0.98285
42.8808,0.012218,0.01404,0.982676
42.8828,0.012218,0.01404,0.982307
42.8848,0.012218,0.01404,0.981873
42.8868,0.012218,0.01404,0.981307
42.8888,0.012218,0.01404,0.980704
42.8908,0.012218,0.01404,0.979909
42.8928,0.012218,0.01404,0.979055
42.8948,0.012218,0.01404,0.977914
42.8968,0.012218,0.01404,0.976796
42.8988,0.012218,0.01404,0.975498
42.9014,0.012218,0.01404,0.974068
42.9034,0.012218,0.01404,0.972148
42.9052,0.012218,0.01404,0.970449
42.9068,0.012218,0.01404,0.96872
42.9088,0.012218,0.01404,0.966998
42.9108,0.012218,0.01404,0.964843
42.9128,0.012218,0.01404,0.962576
42.9148,0.012218,0.01404,0.96019
42.9168,0.012218,0.01404,0.957724
42.9188,0.012218,0.01404,0.955141
42.9208,0.012218,0.01404,0.952486
42.9228,0.012218,0.01404,0.949774
42.9248,0.012218,0.01404,0.946967
42.9268,0.012218,0.01404,0.944113
42.9288,0.012218,0.01404,0.941238
42.9308,0.012218,0.01404,0.93834
42.9328,0.012218,0.01404,0.935421
42.9354,0.012218,0.01404,0.932499
42.9372,0.011333,0.01404,0.928982
42.9394,0.032421,0.01404,0.926102
42.9414,0.011003,0.01404,0.923562
42.9434,0.017263,0.01404,0.921043
42.9452,0.06566,0.01404,0.918772
42.9468,0.037797,0.01404,0.916557
42.9488,0.031477,0.01404,0.915154
42.9508,0.04742,0.01404,0.913395
42.9528,0.060307,0.01404,0.911808
42.9548,0.046712,0.01404,0.910533
42.9568,0.046538,0.01404,0.909534
42.9588,0.064116,0.01404,0.908638
42.9608,0.027062,0.01404,0.90811
42.9628,0.03171,0.01404,0.90775
42.9648,0.016597,0.01404,0.907608
42.9668,0.036126,0.01404,0.907778
42.9692,0.066265,0.01404,0.908064
42.9714,0.027646,0.01404,0.908563
42.9734,0.027646,0.01404,0.908991
42.9754,0.010557,0.01404,0.9096
42.9772,0.010557,0.01404,0.910088
42.9794,0.004032,0.01404,0.910681
42.9814,0.012033,0.01404,0.911351
42.9834,0.05274,0.01404,0.911852
42.9852,0.05274,0.01404,0.912739
42.9874,0.05274,0.01404,0.913374
42.9894,0.036968,0.01404,0.914099
42.9914,0.010843,0.01404,0.915053
42.9932,0.010843,0.01404,0.915805
42.9954,0.035588,0.01404,0.916792
42.9974,0.035588,0.01404,0.917671
42.9994,0.002227,0.01404,0.918762
43.0012,0.039074,0.01404,0.919537
43.0034,0.039074,0.01404,0.92052
43.0054,0.039074,0.01404,0.921608
43.0074,0.001017,0.01404,0.922651
43.0092,0.019715,0.01404,0.923636
43.0114,0.019715,0.01404,0.924803
43.0134,0.019715,0.01404,0.925776
43.0154,0.003663,0.01404,0.926864
43.0172,0.003663,0.01404,0.927863
43.0194,0.003663,0.01404,0.9288
43.0214,0.001018,0.01404,0.929888
43.0234,0.001018,0.01404,0.930676
43.0252,0.001018,0.01404,0.931657
43.0274,0.001018,0.01404,0.93248
43.0294,0.001018,0.01404,0.933383
43.0314,0.001018,0.01404,0.934173
43.0332,0.001018,0.01404,0.934907
43.0354,0.00157,0.01404,0.935506
43.0374,0.00157,0.01404,0.936171
43.0398,0.002271,0.01404,0.9368
43.0412,0.002271,0.01404,0.937486
43.0434,0.002271,0.01404,0.937866
43.0454,0.003362,0.01404,0.938358
43.0468,0.003362,0.01404,0.938934
43.0484,0.003362,0.01404,0.939243
43.0498,0.003362,0.01404,0.939666
43.0514,0.003362,0.01404,0.940076
43.0528,0.005231,0.01404,0.940493
43.0544,0.010006,0.01404,0.940875
43.0558,0.021431,0.01404,0.941255
43.0572,0.013933,0.01404,0.941774
43.0594,0.02897,0.01404,0.942189
43.0608,0.015618,0.01404,0.942967
43.0624,0.0099,0.01404,0.943684
43.0638,0.028231,0.01404,0.94445
43.0652,0.028231,0.01404,0.945302
43.0674,0.056381,0.01404,0.946231
43.0688,0.039842,0.01404,0.947524
43.0704,0.027036,0.01404,0.948715
43.0718,0.042787,0.01404,0.949963
43.0732,0.03748,0.01404,0.951205
43.0748,0.038984,0.01404,0.95271
43.0764,0.038984,0.01404,0.954161
43.0778,0.025031,0.01404,0.955732
43.0794,0.011108,0.01404,0.957383
43.0808,0.038713,0.01404,0.958983
43.0828,0.024955,0.01404,0.960777
43.0844,0.033024,0.01404,0.963252
43.0858,0.033524,0.01404,0.965196
43.0874,0.028373,0.01404,0.967128
43.0888,0.004347,0.01404,0.96916
43.0908,0.023158,0.01404,0.971342
43.0924,0.033633,0.01404,0.974095
43.0938,0.028141,0.01404,0.976275
43.0958,0.028141,0.01404,0.978561
43.0973,0.028141,0.01404,0.981457
43.0994,0.02645,0.01404,0.983909
43.1008,0.02645,0.01404,0.986947
43.1024,0.025782,0.01404,0.989416
43.1038,0.00602,0.01404,0.991815
43.1053,0.00602,0.01404,0.994166
43.1068,0.00602,0.01404,0.99656
43.1084,0.002505,0.01404,0.998965
43.1104,0.001538,0.0975,1.00163
43.1124,0.132985,0.30552,1.00509
43.1144,0.494207,0.49578,1.00826
43.1164,0.926192,0.5,1.01096
43.1184,1.17123,0.5,1.01235
43.1204,1.19915,0.5,1.01219
43.1228,1.2935,0.5,1.0111
43.1248,1.29832,0.45786,1.00763
43.1275,1.26224,0.2403,1.00401
43.1293,0.973605,0.2403,0.998222
43.1314,0.427846,0.2403,0.993666
43.1334,0.310745,0.2403,0.988688
43.1354,0.230461,0.2403,0.985027
43.1373,0.146978,0.2403,0.982245
43.1394,0.170505,0.2403,0.980409
43.1414,0.125307,0.2403,0.979175
43.1434,0.210336,0.2403,0.978866
43.1453,0.180153,0.2403,0.979416
43.1468,0.113818,0.2403,0.980586
43.1484,0.093504,0.2403,0.981908
43.1504,0.063414,0.2403,0.983618
43.1524,0.063593,0.2403,0.98612
43.1544,0.060262,0.2403,0.989054
43.1564,0.041893,0.2403,0.992052
43.1584,0.042643,0.2403,0.995484
43.1604,0.042735,0.2403,0.998996
43.1624,0.016405,0.16266,1.00271
43.1644,0.211146,0.39048,1.00651
43.1664,0.654412,0.5,1.01011
43.1684,1,0.5,1.01298
43.1704,1.17673,0.5,1.01416
43.1724,1.2275,0.5,1.01392
43.1744,1.27301,0.5,1.01247
43.1764,1.29831,0.5,1.00985
43.1784,1.30929,0.375,1.00625
43.1804,1.18898,0.11034,1.00184
43.1824,0.703282,0.11034,0.996171
43.1844,0.348656,0.11034,0.990807
43.1864,0.214679,0.11034,0.985778
43.1884,0.184912,0.11034,0.981356
43.1904,0.140817,0.11034,0.977911
43.1924,0.09248,0.11034,0.974929
43.1944,0.124244,0.11034,0.972418
43.1968,0.127934,0.11034,0.970553
43.1984,0.123243,0.11034,0.969291
43.2004,0.113676,0.11034,0.968852
43.2024,0.088358,0.11034,0.968981
43.2044,0.082929,0.11034,0.969449
43.2064,0.063716,0.11034,0.970328
43.2084,0.052038,0.11034,0.971373
43.2104,0.056908,0.11034,0.97266
43.2124,0.026656,0.11034,0.974299
43.2144,0.026656,0.11034,0.976022
43.2164,0.032448,0.11034,0.977869
43.2184,0.030473,0.11034,0.979649
43.2204,0.028642,0.11034,0.981732
43.2224,0.012471,0.11034,0.983732
43.2244,0.012471,0.11034,0.985744
43.2264,0.022004,0.11034,0.987708
43.2284,0.02766,0.11034,0.989828
43.2309,0.012462,0.11034,0.991744
43.2324,0.00522,0.11034,0.994017
43.2344,0.00522,0.11034,0.995503
43.2364,0.00522,0.11034,0.997197
43.2384,0.00522,0.11034,0.998913
43.2404,0.00522,0.02892,1.00048
43.2424,0.016227,0.1206,1.00201
43.2444,0.161928,0.20076,1.00335
43.2464,0.342603,0.25716,1.00429
43.2484,0.501554,0.28506,1.00475
43.2504,0.606382,0.24588,1.0041
43.2524,0.653713,0.1629,1.00272
43.2544,0.523043,0.03744,1.00062
43.2564,0.266143,0.03744,0.998143
43.2584,0.103205,0.03744,0.995237
43.2604,0.070723,0.03744,0.992589
43.2624,0.098895,0.03744,0.990063
43.2649,0.035732,0.03744,0.987816
43.2674,0.00384,0.03744,0.985363
43.2694,0.005554,0.03744,0.982821
43.2714,0.020225,0.03744,0.981075
43.2733,0.020225,0.03744,0.979325
43.2749,0.020225,0.03744,0.977785
43.2764,0.013263,0.03744,0.976655
43.2784,0.011953,0.03744,0.975515
43.2804,0.004955,0.03744,0.97409
43.2818,0.000399,0.03744,0.972779
43.2834,0.000399,0.03744,0.971926
43.2854,0.004372,0.03744,0.970922
43.2874,0.001254,0.03744,0.969766
43.2893,0.001254,0.03744,0.968478
43.2909,0.001254,0.03744,0.96743
43.2929,0.01056,0.03744,0.966412
43.2949,0.008798,0.03744,0.96537
43.2973,0.007701,0.03744,0.964175
43.2994,0.019638,0.03744,0.962874
43.3014,0.002602,0.03744,0.96176
43.3034,0.002602,0.03744,0.960807
43.3053,0.011133,0.03744,0.959745
43.3069,0.011133,0.03744,0.958928
43.3089,0.017154,0.03744,0.958081
43.3104,0.040731,0.03744,0.957068
43.3124,0.0096,0.03744,0.956382
43.3144,0.0096,0.03744,0.955471
43.3164,0.0096,0.03744,0.954487
43.3184,0.004073,0.03744,0.953533
43.3204,0.019476,0.03744,0.952619
43.3224,0.019476,0.03744,0.951599
43.3244,0.05291,0.03744,0.950617
43.3264,0.003027,0.03744,0.94965
43.3285,0.003027,0.03744,0.94881
43.3309,0.003027,0.03744,0.947887
43.3325,0.023705,0.03744,0.946764
43.3344,0.006152,0.03744,0.946078
43.3365,0.006152,0.03744,0.945048
43.3385,0.015262,0.03744,0.944165
43.3405,0.015262,0.03744,0.94337
43.3425,0.016893,0.03744,0.942408
43.3445,0.040916,0.03744,0.941605
43.3465,0.040916,0.03744,0.940679
43.3485,0.040916,0.03744,0.939781
43.3505,0.029831,0.03744,0.93882
43.3525,0.017082,0.03744,0.937899
43.3545,0.017082,0.03744,0.937077
43.3565,0.004587,0.03744,0.936218
43.3585,0.008571,0.03744,0.93536
43.3605,0.020201,0.03744,0.934572
43.3625,0.006072,0.03744,0.933742
43.3649,0.002985,0.03744,0.932974
43.3665,0.004007,0.03744,0.932105
43.3685,0.010556,0.03744,0.931515
43.3705,0.009697,0.03744,0.930831
43.3725,0.004127,0.03744,0.930276
43.3745,0.00342,0.03744,0.929647
43.3765,0.014144,0.03744,0.929012
43.3785,0.003438,0.03744,0.928475
43.3805,0.002868,0.03744,0.927961
43.3825,0.024501,0.03744,0.927343
43.3845,0.024501,0.03744,0.926806
43.3865,0.00167,0.03744,0.926374
43.3885,0.005262,0.03744,0.925908
43.3905,0.005262,0.03744,0.925517
43.3925,0.002445,0.03744,0.925177
43.3945,0.021985,0.03744,0.924846
43.3965,0.021985,0.03744,0.924439
43.3989,0.008668,0.03744,0.924222
43.4005,0.028146,0.03744,0.923804
43.4025,0.028146,0.03744,0.923646
43.4045,0.028146,0.03744,0.92325
43.4065,0.030102,0.03744,0.923019
43.4085,0.030102,0.03744,0.922794
43.4105,0.030102,0.03744,0.922586
43.4125,0.035253,0.03744,0.922316
43.4145,0.035253,0.03744,0.922216
43.4165,0.017391,0.03744,0.922125
43.4185,0.005777,0.03744,0.922155
43.4205,0.015784,0.03744,0.922213
43.4225,0.015784,0.03744,0.922233
43.4245,0.004724,0.03744,0.922428
43.4265,0.00066,0.03744,0.922594
43.4285,0.021675,0.03744,0.922676
43.4305,0.020918,0.03744,0.923068
43.4325,0.03302,0.03744,0.923361
43.4345,0.016952,0.03744,0.923817
43.4365,0.01802,0.03744,0.924349
43.4385,0.013338,0.03744,0.924812
43.4405,0.033863,0.03744,0.925476
43.4425,0.02226,0.03744,0.92613
43.4445,0.010495,0.03744,0.927112
43.4465,0.019855,0.03744,0.92802
43.4485,0.026891,0.03744,0.928961
43.4505,0.010928,0.03744,0.930139
43.4525,0.024307,0.03744,0.931306
43.4545,0.029819,0.03744,0.932724
43.4565,0.024485,0.03744,0.934068
43.4585,0.006068,0.03744,0.935652
43.4605,0.019449,0.03744,0.937282
43.4625,0.023415,0.03744,0.939031
43.4645,0.001276,0.03744,0.940823
43.4665,0.001276,0.03744,0.942697
43.4689,0.003285,0.03744,0.94472
43.4705,0.003285,0.03744,0.94709
43.4725,0.014998,0.03744,0.948905
43.4745,0.027885,0.03744,0.951036
43.4765,0.034995,0.03744,0.95342
43.4785,0.034995,0.03744,0.955709
43.4805,0.033629,0.03744,0.958054
43.4825,0.033629,0.03744,0.960519
43.4845,0.005322,0.03744,0.962956
43.4865,0.012545,0.03744,0.965481
43.4885,0.012545,0.03744,0.967965
43.4905,0.003209,0.03744,0.970529
43.4925,0.003209,0.03744,0.973091
43.4945,0.003209,0.03744,0.975581
43.4965,0.007516,0.03744,0.978202
43.4985,0.007516,0.03744,0.980852
43.5005,0.007516,0.03744,0.983416
43.5025,0.007516,0.03744,0.985908
43.5045,0.001901,0.03744,0.988566
43.5065,0.001901,0.03744,0.991205
43.5085,0.001901,0.03744,0.993916
43.5105,0.001901,0.03744,0.996606
43.5125,0.014871,0.03744,0.999244
43.5145,0.014871,0.10608,1.00177
43.5165,0.129281,0.29088,1.00485
43.5185,0.462345,0.44712,1.00745
43.5205,0.831562,0.5,1.00932
43.5225,1.10679,0.5,1.01023
43.5245,1.24212,0.5,1.00991
43.5265,1.25328,0.4974,1.00829
43.5285,1.26123,0.33186,1.00553
43.5305,1.10995,0.0933,1.00156
43.5325,0.607712,0.0933,0.996621
43.5345,0.301204,0.0933,0.991536
43.5369,0.166907,0.0933,0.987084
43.5395,0.145322,0.0933,0.982154
43.5415,0.138354,0.0933,0.97804
43.5435,0.159524,0.0933,0.975981
43.5453,0.163759,0.0933,0.974625
43.5469,0.157986,0.0933,0.974027
43.5485,0.15516,0.0933,0.974167
43.5505,0.099511,0.0933,0.974766
43.5525,0.094674,0.0933,0.976061
43.5545,0.126447,0.0933,0.977967
43.5565,0.006275,0.0933,0.980263
43.5585,0.027646,0.0933,0.982846
43.5605,0.043353,0.0933,0.985788
43.5625,0.034395,0.0933,0.988977
43.5645,0.03346,0.0933,0.99225
43.5665,0.03346,0.0933,0.995649
43.5685,0.012531,0.0933,0.998925
43.5705,0.006302,0.138,1.0023
43.5729,0.224927,0.36486,1.00608
43.5749,0.626971,0.5,1.00988
43.5769,1.01341,0.5,1.01249
43.5789,1.16633,0.5,1.0137
43.5809,1.20541,0.5,1.01342
43.5829,1.22195,0.5,1.01165
43.5849,1.24608,0.5,1.00852
43.5869,1.27777,0.24504,1.00408
43.5889,0.945657,0.24504,0.998664
43.5909,0.426101,0.24504,0.992508
43.5925,0.259573,0.24504,0.987541
43.5945,0.161288,0.24504,0.982824
43.5965,0.1437,0.24504,0.978041
43.5985,0.145133,0.24504,0.974099
43.6005,0.136784,0.24504,0.970742
43.6025,0.102041,0.24504,0.968071
43.6045,0.124457,0.24504,0.966056
43.6069,0.119047,0.24504,0.964616
43.6089,0.107546,0.24504,0.963702
43.6105,0.09612,0.24504,0.963499
43.6125,0.06852,0.24504,0.963634
43.6145,0.051165,0.24504,0.964327
43.6165,0.034082,0.24504,0.96516
43.6185,0.044108,0.24504,0.966109
43.6205,0.019039,0.24504,0.96723
43.6225,0.008652,0.24504,0.968439
43.6245,0.003493,0.24504,0.969849
43.6265,0.001764,0.24504,0.971145
43.6285,0.007567,0.24504,0.972428
43.6305,0.007567,0.24504,0.973812
43.6325,0.007567,0.24504,0.975058
43.6345,0.004555,0.24504,0.976401
43.6365,0.004555,0.24504,0.97747
43.6385,0.004555,0.24504,0.978739
43.6409,0.004555,0.24504,0.979698
43.6429,0.004555,0.24504,0.980936
43.6449,0.004555,0.24504,0.981708
43.6469,0.004555,0.24504,0.982359
43.6489,0.004555,0.24504,0.98273
43.6509,0.004555,0.24504,0.983093
43.6529,0.004555,0.24504,0.983245
43.6549,0.004555,0.24504,0.983121
43.6569,0.004555,0.24504,0.983019
43.6589,0.004555,0.24504,0.982704
43.6609,0.004555,0.24504,0.982399
43.6629,0.004555,0.24504,0.981938
43.6649,0.004555,0.24504,0.981522
43.6669,0.018393,0.24504,0.980922
43.6689,0.01631,0.24504,0.980347
43.6709,0.003044,0.24504,0.979708
43.6729,0.003044,0.24504,0.979105
43.6755,0.003044,0.24504,0.978405
43.6775,0.015944,0.24504,0.977363
43.6795,0.015944,0.24504,0.976502
43.6813,0.015944,0.24504,0.975686
43.6829,0.000197,0.24504,0.974741
43.6849,0.000197,0.24504,0.973896
43.6869,0.000197,0.24504,0.97287
43.6889,0.000197,0.24504,0.971831
43.6909,0.000197,0.24504,0.970686
43.6929,0.000197,0.24504,0.969581
43.6949,0.000197,0.24504,0.968373
43.6969,0.000197,0.24504,0.967173
43.6989,0.000197,0.24504,0.965889
43.7009,0.007295,0.24504,0.964548
43.7029,0.006088,0.24504,0.963316
43.7049,0.006088,0.24504,0.961935
43.7069,0.014299,0.24504,0.96051
43.7095,0.001322,0.24504,0.959402
43.7115,0.003488,0.24504,0.957658
43.7133,0.025058,0.24504,0.956287
43.7149,0.025058,0.24504,0.955057
43.7169,0.010924,0.24504,0.954058
43.7189,0.010924,0.24504,0.952744
43.7209,0.010924,0.24504,0.95141
43.7229,0.027689,0.24504,0.950068
43.7249,0.027689,0.24504,0.948839
43.7269,0.027689,0.24504,0.947641
43.7289,0.011434,0.24504,0.946361
43.7309,0.029914,0.24504,0.945111
43.7329,0.029914,0.24504,0.943965
43.7349,0.01981,0.24504,0.942817
43.7369,0.002506,0.24504,0.941819
43.7389,0.000381,0.24504,0.94066
43.7409,0.015084,0.24504,0.939519
43.7435,0.015084,0.24504,0.938343
43.7453,0.023623,0.24504,0.937089
43.7469,0.023623,0.24504,0.936129
43.7489,0.004675,0.24504,0.935351
43.7509,0.002942,0.24504,0.934292
43.7529,0.001989,0.24504,0.933279
43.7549,0.00619,0.24504,0.932333
43.7569,0.003711,0.24504,0.931476
43.7589,0.015131,0.24504,0.930568
43.7609,0.015131,0.24504,0.929701
43.7629,0.015131,0.24504,0.928932
43.7649,0.019913,0.24504,0.928123
43.7669,0.003062,0.24504,0.927284
43.7689,0.003062,0.24504,0.926622
43.7709,0.002547,0.24504,0.925946
43.7729,0.002547,0.24504,0.925284
43.7749,0.007978,0.24504,0.924864
43.7774,0.007978,0.24504,0.924316
43.7789,0.016876,0.24504,0.923746
43.7805,0.021037,0.24504,0.923474
43.7825,0.008603,0.24504,0.923331
43.7845,0.017106,0.24504,0.923118
43.7859,0.008587,0.24504,0.922815
43.7879,0.008835,0.24504,0.922825
43.7895,0.03449,0.24504,0.922784
43.7915,0.03449,0.24504,0.922872
43.7934,0.004646,0.24504,0.922977
43.7949,0.033769,0.24504,0.923155
43.7965,0.000833,0.24504,0.923352
43.7985,0.001266,0.24504,0.923582
43.8005,0.016606,0.24504,0.923863
43.8025,0.015713,0.24504,0.924158
43.8045,0.007329,0.24504,0.924818
43.8065,0.006688,0.24504,0.925242
43.8089,0.007922,0.24504,0.925859
43.8109,0.028311,0.24504,0.926807
43.8125,0.011617,0.24504,0.92764
43.8145,0.017027,0.24504,0.928358
43.8165,0.030678,0.24504,0.92925
43.8179,0.020357,0.24504,0.930403
43.8199,0.017655,0.24504,0.931176
43.8215,0.019622,0.24504,0.932414
43.8229,0.008755,0.24504,0.933487
43.8245,0.021368,0.24504,0.934525
43.8259,0.025455,0.24504,0.93568
43.8285,0.025455,0.24504,0.937254
43.8299,0.025455,0.24504,0.939061
43.8315,0.041573,0.24504,0.940432
43.8329,0.012068,0.24504,0.941781
43.8349,0.003071,0.24504,0.94333
43.8365,0.031817,0.24504,0.94545
43.8379,0.031817,0.24504,0.947027
43.8399,0.042606,0.24504,0.9488
43.8414,0.035205,0.24504,0.951219
43.8429,0.02495,0.24504,0.952917
43.8445,0.021846,0.24504,0.954821
43.8459,0.021846,0.24504,0.956766
43.8475,0.030026,0.24504,0.958673
43.8489,0.030026,0.24504,0.960592
43.8509,0.011551,0.24504,0.962632
43.8525,0.011029,0.24504,0.965311
43.8539,0.011029,0.24504,0.967276
43.8555,0.011029,0.24504,0.969252
43.8574,0.011029,0.24504,0.971272
43.8589,0.011029,0.24504,0.973714
43.8605,0.013887,0.24504,0.975896
43.8619,0.013887,0.24504,0.97785
43.8635,0.059249,0.24504,0.979751
43.8649,0.059249,0.24504,0.981666
43.8675,0.059249,0.24504,0.983699
43.8689,0.059249,0.24504,0.986771
43.8705,0.059249,0.24504,0.988664
43.8725,0.018342,0.24504,0.990525
43.8745,0.018342,0.24504,0.992996
43.8765,0.018342,0.24504,0.995446
43.8785,0.002872,0.24504,0.997792
43.8805,0.002872,0.01284,1.00021
43.8825,0.002872,0.16392,1.00273
43.8845,0.214723,0.29178,1.00486
43.8865,0.499786,0.41526,1.00692
43.8885,0.832606,0.49056,1.00818
43.8906,1.07696,0.5,1.00839
43.8925,1.21917,0.44268,1.00738
43.8946,1.16536,0.32406,1.0054
43.8966,1.00563,0.12384,1.00206
43.8985,0.647348,0.12384,0.997763
43.9005,0.248088,0.12384,0.992895
43.9025,0.173236,0.12384,0.988534
43.9045,0.111555,0.12384,0.984302
43.9059,0.103513,0.12384,0.980892
43.908,0.119011,0.12384,0.978435
43.9095,0.109463,0.12384,0.976079
43.9115,0.105602,0.12384,0.974363
43.9134,0.084098,0.12384,0.972702
43.915,0.091863,0.12384,0.971664
43.9165,0.092181,0.12384,0.971136
43.9185,0.088227,0.12384,0.970862
43.9205,0.067912,0.12384,0.971059
43.9225,0.058156,0.12384,0.971328
43.9245,0.035276,0.12384,0.972173
43.9265,0.025221,0.12384,0.973182
43.9285,0.027078,0.12384,0.97444
43.93,0.027078,0.12384,0.975831
43.932,0.04476,0.12384,0.976933
43.9335,0.032454,0.12384,0.978367
43.9355,0.030947,0.12384,0.979657
43.9374,0.000634,0.12384,0.981312
43.939,0.004492,0.12384,0.982696
43.9405,0.009501,0.12384,0.984037
43.9425,0.002602,0.12384,0.985454
43.9445,0.010294,0.12384,0.987379
43.946,0.010294,0.12384,0.989139
43.9475,0.010294,0.12384,0.990468
43.9495,0.011509,0.12384,0.991781
43.9515,0.011509,0.12384,0.993565
43.9534,0.011509,0.12384,0.995347
43.955,0.011509,0.12384,0.996857
43.9565,0.011509,0.12384,0.998279
43.9585,0.011509,0.12384,0.999486
43.9605,0.011509,0.06096,1.00102
43.9625,0.066677,0.1494,1.00249
43.965,0.266452,0.23178,1.00386
43.967,0.428477,0.29886,1.00498
43.969,0.620074,0.31284,1.00521
43.971,0.723488,0.26832,1.00447
43.973,0.697929,0.18594,1.0031
43.975,0.584866,0.04128,1.00069
43.977,0.293261,0.04128,0.997415
43.979,0.109116,0.04128,0.994203
43.9805,0.064404,0.04128,0.991453
43.9825,0.060494,0.04128,0.989183
43.9845,0.062663,0.04128,0.986506
43.986,0.052411,0.04128,0.984305
43.9875,0.038389,0.04128,0.982806
43.9895,0.065965,0.04128,0.981452
43.9915,0.035204,0.04128,0.979795
43.9934,0.056069,0.04128,0.978367
43.995,0.018974,0.04128,0.977503
43.997,0.048659,0.04128,0.976574
43.9986,0.020355,0.04128,0.975798
44.0006,0.036152,0.04128,0.975228
44.0026,0.011451,0.04128,0.974689
44.0046,0.021681,0.04128,0.974295
44.0066,0.015845,0.04128,0.974125
44.0086,0.026704,0.04128,0.974063
44.0105,0.017317,0.04128,0.974013
44.0125,0.010677,0.04128,0.973964
44.0146,0.013145,0.04128,0.97402
44.0166,0.043371,0.04128,0.974145
44.0186,0.002069,0.04128,0.974194
44.0206,0.002069,0.04128,0.974171
44.0226,0.002576,0.04128,0.974222
44.0246,0.002576,0.04128,0.974203
44.026,0.007711,0.04128,0.974189
44.0275,0.004076,0.04128,0.97415
44.03,0.004076,0.04128,0.974001
44.0316,0.004076,0.04128,0.973851
44.0334,0.004076,0.04128,0.973761
44.035,0.004076,0.04128,0.973517
44.0366,0.004076,0.04128,0.973197
44.0386,0.004076,0.04128,0.973051
44.0406,0.004076,0.04128,0.972643
44.042,0.004076,0.04128,0.972152
44.0436,0.004076,0.04128,0.971926
44.0456,0.004076,0.04128,0.971409
44.0476,0.004076,0.04128,0.970763
44.0494,0.004076,0.04128,0.969989
44.051,0.004076,0.04128,0.969361
44.0526,0.004076,0.04128,0.968652
44.0546,0.004076,0.04128,0.967943
44.0566,0.004076,0.04128,0.967006
44.058,0.004076,0.04128,0.965972
44.06,0.004076,0.04128,0.965303
44.0616,0.004076,0.04128,0.964196
44.0636,0.005599,0.04128,0.963289
44.0654,0.005599,0.04128,0.962104
44.067,0.005599,0.04128,0.961127
44.0686,0.005599,0.04128,0.959961
44.0706,0.005599,0.04128,0.95906
44.0726,0.011315,0.04128,0.957741
44.074,0.000482,0.04128,0.956533
44.0756,0.00664,0.04128,0.955485
44.0776,0.00664,0.04128,0.9545
44.0796,0.00664,0.04128,0.953028
44.0814,0.00664,0.04128,0.951633
44.083,0.00664,0.04128,0.95032
44.0846,0.00664,0.04128,0.948954
44.0866,0.019746,0.04128,0.947988
44.089,0.011477,0.04128,0.946607
44.0906,0.011477,0.04128,0.944711
44.0926,0.025334,0.04128,0.943638
44.0946,0.025334,0.04128,0.942154
44.0966,0.025334,0.04128,0.940637
44.0986,0.025334,0.04128,0.939107
44.1006,0.025334,0.04128,0.937591
44.1026,0.025334,0.04128,0.935953
44.1046,0.011367,0.04128,0.9344
44.1066,0.008728,0.04128,0.932873
44.1086,0.00345,0.04128,0.93132
44.1106,0.005378,0.04128,0.92984
44.1126,0.009986,0.04128,0.928458
44.1146,0.022091,0.04128,0.927083
44.1166,0.022091,0.04128,0.925572
44.1186,0.008915,0.04128,0.924193
44.1206,0.008915,0.04128,0.922896
44.1226,0.008915,0.04128,0.921715
44.1246,0.029825,0.04128,0.920477
44.1266,0.012766,0.04128,0.919269
44.1286,0.002869,0.04128,0.918131
44.1306,0.024628,0.04128,0.91721
44.1326,0.007956,0.04128,0.916254
44.1346,0.022335,0.04128,0.915314
44.1366,0.033638,0.04128,0.914466
44.1386,0.037006,0.04128,0.913729
44.1406,0.007688,0.04128,0.913029
44.1426,0.052654,0.04128,0.912389
44.1446,0.004017,0.04128,0.911771
44.1466,0.004017,0.04128,0.911154
44.1486,0.027578,0.04128,0.910606
44.1506,0.004199,0.04128,0.910128
44.1526,0.004199,0.04128,0.909581
44.1546,0.004199,0.04128,0.909159
44.157,0.001046,0.04128,0.908682
44.1586,0.001046,0.04128,0.908261
44.1606,0.004326,0.04128,0.908016
44.1626,0.020725,0.04128,0.907675
44.1646,0.020725,0.04128,0.907433
44.1666,0.017505,0.04128,0.907232
44.1686,0.001693,0.04128,0.907041
44.1706,0.001693,0.04128,0.906767
44.1726,0.014229,0.04128,0.906629
44.1746,0.014229,0.04128,0.906383
44.1766,0.014229,0.04128,0.906242
44.1786,0.009309,0.04128,0.90604
44.1806,0.009309,0.04128,0.905839
44.1826,0.009309,0.04128,0.905646
44.1846,0.004175,0.04128,0.90548
44.1866,0.004175,0.04128,0.905222
44.1886,0.004175,0.04128,0.904941
44.191,0.004175,0.04128,0.9048
44.1926,0.004175,0.04128,0.904364
44.1946,0.004175,0.04128,0.904103
44.1966,0.01037,0.04128,0.903745
44.1986,0.016114,0.04128,0.90344
44.2006,0.002669,0.04128,0.90312
44.2026,0.041228,0.04128,0.90266
44.2046,0.041228,0.04128,0.902334
44.2066,0.041228,0.04128,0.902052
44.2086,0.004938,0.04128,0.901687
44.2106,0.004938,0.04128,0.9014
44.2126,0.004938,0.04128,0.901064
44.2146,0.004938,0.04128,0.900622
44.2166,0.004938,0.04128,0.900223
44.2186,0.004938,0.04128,0.899875
44.2206,0.004938,0.04128,0.899405
44.223,0.004938,0.04128,0.899019
44.2246,0.004938,0.04128,0.898436
44.2266,0.002149,0.04128,0.898046
44.2286,0.002149,0.04128,0.897628
44.2306,0.002149,0.04128,0.897004
44.2326,0.007621,0.04128,0.896512
44.2346,0.007621,0.04128,0.896018
44.2366,0.007621,0.04128,0.895482
44.2386,0.006757,0.04128,0.89485
44.2406,0.005734,0.04128,0.894408
44.2426,0.001216,0.04128,0.893918
44.2446,0.008795,0.04128,0.893425
44.2466,0.000806,0.04128,0.892917
44.2486,0.000806,0.04128,0.892475
44.2506,0.000806,0.04128,0.892003
44.2526,0.000806,0.04128,0.891521
44.2546,0.01563,0.04128,0.891096
44.257,0.01563,0.04128,0.890804
44.259,0.013639,0.04128,0.890415
44.2606,0.011195,0.04128,0.890151
44.2626,0.011195,0.04128,0.890001
44.2646,0.013615,0.04128,0.889889
44.2666,0.009629,0.04128,0.889675
44.2686,0.009629,0.04128,0.889689
44.2706,0.014056,0.04128,0.889705
44.2726,0.014056,0.04128,0.889707
44.2746,0.006449,0.04128,0.889751
44.2766,0.012999,0.04128,0.889944
44.2786,0.012999,0.04128,0.890028
44.2806,0.01164,0.04128,0.890101
44.2826,0.01164,0.04128,0.890309
44.2846,0.01164,0.04128,0.890431
44.2866,0.015841,0.04128,0.890494
44.2886,0.008909,0.04128,0.890578
44.291,0.008909,0.04128,0.890796
44.2926,0.002112,0.04128,0.890943
44.2946,0.002112,0.04128,0.891031
44.2966,0.002112,0.04128,0.891144
44.2986,0.002112,0.04128,0.891217
44.3006,0.002112,0.04128,0.891363
44.3026,0.002112,0.04128,0.891374
44.3046,0.018968,0.04128,0.891425
44.3066,0.018968,0.04128,0.891439
44.3086,0.018968,0.04128,0.891517
44.3106,0.009606,0.04128,0.891526
44.3126,0.009606,0.04128,0.891645
44.3146,0.005171,0.04128,0.891526
44.3166,0.016238,0.04128,0.891529
44.3186,0.000423,0.04128,0.891515
44.3206,0.000423,0.04128,0.891535
44.3226,0.000423,0.04128,0.891541
44.3246,0.000433,0.04128,0.891503
44.327,0.000433,0.04128,0.891431
44.3286,0.000433,0.04128,0.891391
44.3306,0.002055,0.04128,0.891394
44.3326,0.009701,0.04128,0.891392
44.3346,0.009701,0.04128,0.891441
44.3366,0.009701,0.04128,0.891435
44.3386,0.009701,0.04128,0.891442
44.3406,0.009701,0.04128,0.891398
44.3426,0.009701,0.04128,0.891454
44.3446,0.013051,0.04128,0.891567
44.3466,0.013051,0.04128,0.891486
44.3486,0.013051,0.04128,0.891443
44.3506,0.003603,0.04128,0.891393
44.3526,0.009538,0.04128,0.89153
44.3546,0.002034,0.04128,0.891375
44.3566,0.002034,0.04128,0.891466
44.3586,0.010151,0.04128,0.891433
44.361,0.010151,0.04128,0.891498
44.3626,0.010151,0.04128,0.891364
44.3646,0.009701,0.04128,0.891525
44.3666,0.009751,0.04128,0.891416
44.3686,0.009751,0.04128,0.891429
44.3706,0.009853,0.04128,0.891408
44.3726,0.000461,0.04128,0.891409
44.3746,0.000461,0.04128,0.89154
44.3766,0.000461,0.04128,0.891438
44.3786,0.003678,0.04128,0.891442
44.3806,0.0053,0.04128,0.891465
44.3826,0.0053,0.04128,0.89145
44.3846,0.0053,0.04128,0.891531
44.3866,0.0053,0.04128,0.891472
44.3886,0.003748,0.04128,0.891425
44.3906,0.003748,0.04128,0.891386
44.3926,0.000442,0.04128,0.891511
44.3956,0.000442,0.04128,0.891457
44.3976,0.012953,0.04128,0.891477
44.3996,0.012953,0.04128,0.891417
44.4014,0.008228,0.04128,0.891505
44.4036,0.003581,0.04128,0.891463
44.4056,0.003581,0.04128,0.891498
44.4076,0.002044,0.04128,0.891627
44.4094,0.002044,0.04128,0.891663
44.411,0.011726,0.04128,0.891611
44.4126,0.009648,0.04128,0.891628
44.4146,0.004181,0.04128,0.891702
44.4166,0.004181,0.04128,0.891748
44.4186,0.004795,0.04128,0.891796
44.4206,0.013462,0.04128,0.891814
44.4226,0.005316,0.04128,0.891953
44.4246,0.005316,0.04128,0.892149
44.4266,0.008577,0.04128,0.892177
44.429,0.010798,0.04128,0.892277
44.431,0.010798,0.04128,0.892551
44.433,0.011832,0.04128,0.892753
44.435,0.012619,0.04128,0.893102
44.437,0.002798,0.04128,0.893248
44.439,0.005951,0.04128,0.893601
44.441,0.009352,0.04128,0.893829
44.443,0.010893,0.04128,0.894239
44.445,0.005503,0.04128,0.894661
44.447,0.011067,0.04128,0.895024
44.449,0.006839,0.04128,0.89536
44.451,0.008563,0.04128,0.895875
44.453,0.008563,0.04128,0.896315
44.455,0.008563,0.04128,0.896837
44.457,0.008563,0.04128,0.897238
44.459,0.00029,0.04128,0.89784
44.461,0.00029,0.04128,0.898215
44.463,0.004171,0.04128,0.898714
44.4655,0.002692,0.04128,0.899074
44.4676,0.002692,0.04128,0.899686
44.4696,0.002692,0.04128,0.900229
44.4716,0.001195,0.04128,0.900789
44.4735,0.003608,0.04128,0.901356
44.475,0.014384,0.04128,0.901796
44.477,0.02313,0.04128,0.90224
44.479,0.012677,0.04128,0.902868
44.481,0.005192,0.04128,0.903541
44.483,0.005192,0.04128,0.904149
44.485,0.005192,0.04128,0.904695
44.487,0.01353,0.04128,0.905373
44.489,0.021481,0.04128,0.906025
44.491,0.021481,0.04128,0.906755
44.493,0.021481,0.04128,0.907447
44.495,0.008781,0.04128,0.908278
44.497,0.010454,0.04128,0.909035
44.4996,0.004188,0.04128,0.909847
44.5016,0.028143,0.04128,0.91099
44.5036,0.040572,0.04128,0.911761
44.5055,0.040572,0.04128,0.912712
44.507,0.01164,0.04128,0.913451
44.509,0.003492,0.04128,0.914159
44.511,0.003219,0.04128,0.915215
44.513,0.021552,0.04128,0.916239
44.515,0.023698,0.04128,0.917209
44.517,0.023698,0.04128,0.918326
44.519,0.005148,0.04128,0.919346
44.521,0.005148,0.04128,0.920441
44.523,0.027616,0.04128,0.921521
44.525,0.004854,0.04128,0.922597
44.527,0.004854,0.04128,0.923795
44.529,0.004854,0.04128,0.924936
44.531,0.004854,0.04128,0.92605
44.533,0.009905,0.04128,0.927092
44.535,0.009905,0.04128,0.928198
44.537,0.009905,0.04128,0.929175
44.539,0.009905,0.04128,0.930154
44.5406,0.009905,0.04128,0.931147
44.5426,0.009905,0.04128,0.93202
44.5446,0.009905,0.04128,0.932906
44.546,0.009905,0.04128,0.933793
44.5476,0.009905,0.04128,0.934353
44.5496,0.009905,0.04128,0.935108
44.5516,0.009905,0.04128,0.935842
44.5535,0.003602,0.04128,0.936539
44.5551,0.009525,0.04128,0.937325
44.5566,0.009525,0.04128,0.937779
44.5586,0.009525,0.04128,0.938332
44.5606,0.009525,0.04128,0.939038
44.5626,0.009525,0.04128,0.93976
44.5646,0.009525,0.04128,0.940238
44.5671,0.009525,0.04128,0.940706
44.5686,0.003034,0.04128,0.941193
44.5701,0.017341,0.04128,0.941535
44.5716,0.017341,0.04128,0.94186
44.5736,0.017341,0.04128,0.94218
44.5756,0.017341,0.04128,0.942509
44.5775,0.025886,0.04128,0.942868
44.5796,0.025886,0.04128,0.943229
44.5816,0.025886,0.04128,0.943557
44.5836,0.022501,0.04128,0.944005
44.5855,0.022501,0.04128,0.944356
44.5871,0.019652,0.04128,0.944622
44.5886,0.019652,0.04128,0.94509
44.5906,0.019652,0.04128,0.945398
44.5926,0.01971,0.04128,0.945686
44.5941,0.01971,0.04128,0.946227
44.5956,0.012196,0.04128,0.946455
44.5981,0.012196,0.04128,0.946787
44.5996,0.012196,0.04128,0.947292
44.6011,0.012196,0.04128,0.94751
44.6031,0.028325,0.04128,0.947873
44.6046,0.01227,0.04128,0.948276
44.6061,0.01227,0.04128,0.94858
44.6076,0.00436,0.04128,0.948921
44.6091,0.019361,0.04128,0.94926
44.6116,0.003191,0.04128,0.949664
44.6131,0.003191,0.04128,0.950364
44.6146,0.003191,0.04128,0.950803
44.6161,0.003191,0.04128,0.951279
44.6175,0.003191,0.04128,0.951772
44.6191,0.003191,0.04128,0.952218
44.6206,0.011211,0.04128,0.952808
44.6221,0.011211,0.04128,0.95323
44.6236,0.009379,0.04128,0.953713
44.6255,0.006869,0.04128,0.954199
44.6276,0.036112,0.04128,0.954809
44.6291,0.016173,0.04128,0.955573
44.6306,0.016173,0.04128,0.956063
44.6321,0.021419,0.04128,0.956661
44.6335,0.015928,0.04128,0.957274
44.6351,0.00729,0.04128,0.957744
44.6366,0.00729,0.04128,0.958441
44.6381,0.00729,0.04128,0.959132
44.6396,0.00729,0.04128,0.959728
44.6411,0.00729,0.04128,0.960338
44.6436,0.00729,0.04128,0.960967
44.6451,0.000305,0.04128,0.962067
44.6466,0.002022,0.04128,0.962729
44.6481,0.000782,0.04128,0.963362
44.6495,0.000782,0.04128,0.963991
44.6511,0.000782,0.04128,0.964538
44.6526,0.000782,0.04128,0.965244
44.6551,0.000797,0.04128,0.965914
44.6566,0.000634,0.04128,0.966816
44.6581,0.000634,0.04128,0.967421
44.6597,0.000634,0.04128,0.967937
44.6617,0.000634,0.04128,0.968529
44.6637,0.000634,0.04128,0.969234
44.6655,0.000634,0.04128,0.969908
44.6671,0.000634,0.04128,0.970446
44.6687,0.000634,0.04128,0.970903
44.6707,0.004535,0.04128,0.971418
44.6727,0.004535,0.04128,0.971847
44.6741,0.002954,0.04128,0.972523
44.6757,0.002954,0.04128,0.972736
44.6777,0.001859,0.04128,0.973107
44.6797,0.013893,0.04128,0.973742
44.6815,0.001343,0.04128,0.974136
44.6831,0.002501,0.04128,0.974611
44.6851,0.004136,0.04128,0.974991
44.6867,0.004136,0.04128,0.975513
44.6887,0.024,0.04128,0.975901
44.6907,0.024,0.04128,0.97643
44.6927,0.006621,0.04128,0.976793
44.6946,0.006621,0.04128,0.977303
44.6967,0.014951,0.04128,0.977733
44.6981,0.004384,0.04128,0.978101
44.6997,0.020204,0.04128,0.978432
44.7017,0.02075,0.04128,0.978761
44.7037,0.02075,0.04128,0.979192
44.7055,0.02075,0.04128,0.979604
44.7077,0.006549,0.04128,0.980051
44.7097,0.018364,0.04128,0.980535
44.7117,0.018364,0.04128,0.98092
44.7135,0.018364,0.04128,0.981533
44.7151,0.018364,0.04128,0.981851
44.7171,0.018364,0.04128,0.982314
44.7187,0.004155,0.04128,0.982749
44.7207,0.004131,0.04128,0.983145
44.7227,0.004131,0.04128,0.983519
44.7247,0.003978,0.04128,0.983931
44.7267,0.003978,0.04128,0.984269
44.7287,0.024065,0.04128,0.984818
44.7301,0.024065,0.04128,0.985315
44.7317,0.000311,0.04128,0.985508
44.7337,0.021592,0.04128,0.986027
44.7357,0.02473,0.04128,0.986376
44.7375,0.02473,0.04128,0.986899
44.7397,0.022617,0.04128,0.987323
44.7417,0.02423,0.04128,0.987862
44.7437,0.02423,0.04128,0.988387
44.7455,0.02423,0.04128,0.98883
44.7471,0.02423,0.04128,0.98929
44.7487,0.02423,0.04128,0.989762
44.7511,0.0144,0.04128,0.99009
44.7527,0.026854,0.04128,0.990638
44.7541,0.006691,0.04128,0.99095
44.7557,0.009727,0.04128,0.991261
44.7577,0.003103,0.04128,0.991771
44.7597,0.005172,0.04128,0.992306
44.7615,0.010141,0.04128,0.992833
44.7631,0.010141,0.04128,0.99333
44.7647,0.010141,0.04128,0.993866
44.7667,0.021985,0.04128,0.994297
44.7687,0.000869,0.04128,0.994876
44.7701,0.011729,0.04128,0.99554
44.7717,0.018725,0.04128,0.995923
44.7737,0.018725,0.04128,0.996472
44.7757,0.018725,0.04128,0.997042
44.7775,0.006177,0.04128,0.997634
44.7791,0.001234,0.04128,0.998215
44.7811,0.000947,0.04128,0.998804
44.7827,0.009417,0.04128,0.999365
44.7847,0.009417,0.04128,0.99993
44.7867,0.009417,0.03006,1.0005
44.7887,0.025333,0.06888,1.00115
44.7907,0.113376,0.10692,1.00178
44.7927,0.20342,0.12516,1.00209
44.7947,0.26329,0.13332,1.00222
44.7967,0.297661,0.11892,1.00198
44.7987,0.335808,0.0789,1.00131
44.8007,0.26661,0.02934,1.00049
44.8027,0.171339,0.02934,0.999617
44.8047,0.101251,0.02934,0.9986
44.8067,0.044339,0.02934,0.997832
44.8087,0.051763,0.02934,0.997255
44.8101,0.039319,0.02934,0.99702
44.8117,0.040511,0.02934,0.996832
44.8141,0.05096,0.02934,0.996906
44.8157,0.021021,0.02934,0.997173
44.8175,0.017514,0.02934,0.997596
44.8197,0.027728,0.02934,0.997916
44.8217,0.008524,0.02934,0.99843
44.8237,0.008992,0.02934,0.998964
44.8255,0.010944,0.02934,0.999575
44.8271,0.009474,0.01164,1.00019
44.8297,0.035064,0.04794,1.0008
44.8317,0.074531,0.09024,1.0015
44.8335,0.170514,0.13206,1.0022
44.8357,0.266795,0.15774,1.00263
44.8377,0.356292,0.16554,1.00276
44.8397,0.398834,0.14676,1.00245
44.8415,0.386682,0.10152,1.00169
44.8437,0.333567,0.05046,1.00084
44.8457,0.236728,0.05046,0.999576
44.8477,0.100449,0.05046,0.99838
44.8501,0.060432,0.05046,0.997374
44.8527,0.051816,0.05046,0.996505
44.8547,0.074711,0.05046,0.996325
44.8567,0.069695,0.05046,0.996462
44.8581,0.054386,0.05046,0.996868
44.8597,0.046916,0.05046,0.997273
44.8617,0.043178,0.05046,0.997798
44.8637,0.022861,0.05046,0.998588
44.8655,0.017179,0.05046,0.999587
44.8677,0.018221,0.02736,1.00046
44.8697,0.051153,0.10986,1.00183
44.8717,0.184637,0.17664,1.00294
44.8735,0.342045,0.24054,1.00401
44.8757,0.507298,0.28014,1.00467
44.8777,0.650156,0.28242,1.00471
44.8797,0.684722,0.25998,1.00433
44.8815,0.685861,0.18618,1.0031
44.8841,0.56594,0.08328,1.00139
44.8867,0.349791,0.08328,0.998087
44.8887,0.180116,0.08328,0.995173
44.8907,0.111087,0.08328,0.99315
44.8927,0.124436,0.08328,0.991485
44.8947,0.100765,0.08328,0.990274
44.8967,0.069696,0.08328,0.989688
44.8987,0.06764,0.08328,0.989415
44.9007,0.099135,0.08328,0.989528
44.9027,0.062348,0.08328,0.99011
44.9047,0.005319,0.08328,0.990736
44.9067,0.024122,0.08328,0.991679
44.9087,0.020513,0.08328,0.992753
44.9107,0.040769,0.08328,0.9941
44.9127,0.030937,0.08328,0.995534
44.9147,0.017493,0.08328,0.997017
44.9167,0.017493,0.08328,0.998585
44.9187,0.008045,0.00414,1.00007
44.9211,0.008045,0.10128,1.00169
44.9231,0.119634,0.20556,1.00343
44.9251,0.336724,0.28686,1.00478
44.9271,0.550258,0.33012,1.0055
44.9291,0.736983,0.32454,1.00541
44.9317,0.803531,0.27318,1.00455
44.9337,0.737905,0.13494,1.00225
44.9357,0.537237,0.13494,0.999553
44.9375,0.210719,0.13494,0.996307
44.9391,0.123399,0.13494,0.993427
44.9407,0.108496,0.13494,0.991099
44.9427,0.096544,0.13494,0.989279
44.9447,0.116283,0.13494,0.987438
44.9467,0.120867,0.13494,0.985968
44.9487,0.042738,0.13494,0.985066
44.9507,0.05057,0.13494,0.984476
44.9527,0.096476,0.13494,0.984238
44.9547,0.034956,0.13494,0.984349
44.9567,0.05475,0.13494,0.984657
44.9587,0.043654,0.13494,0.985186
44.9607,0.083065,0.13494,0.985927
44.9627,0.065083,0.13494,0.986856
44.9647,0.007367,0.13494,0.987943
44.9667,0.007367,0.13494,0.989126
44.9687,0.01403,0.13494,0.99049
44.9707,0.020497,0.13494,0.991695
44.9727,0.001177,0.13494,0.992983
44.9747,0.001177,0.13494,0.994331
44.9767,0.001177,0.13494,0.995528
44.9787,0.001177,0.13494,0.996762
44.9807,0.001177,0.13494,0.997745
44.9827,0.001177,0.13494,0.998657
44.9847,0.001177,0.13494,0.99959
44.9867,0.001177,0.01386,1.00023
44.9891,0.001177,0.04956,1.00083
44.9917,0.068111,0.08568,1.00143
44.9935,0.128552,0.10104,1.00168
44.9957,0.207407,0.08958,1.00149
44.9977,0.204817,0.05022,1.00084
44.9997,0.174109,0.003,1.00005
45.0015,0.113797,0.003,0.999055
45.0037,0.070804,0.003,0.998205
45.0057,0.026395,0.003,0.997665
45.0077,0.026231,0.003,0.997096
45.0095,0.037168,0.003,0.996799
45.0117,0.011108,0.003,0.99655
45.0137,0.016196,0.003,0.996305
45.0157,0.023629,0.003,0.996277
45.0175,0.009898,0.003,0.996311
45.0191,0.009898,0.003,0.996416
45.0207,0.022301,0.003,0.996466
45.0231,0.00739,0.003,0.996533
45.0247,0.00739,0.003,0.996653
45.0267,0.00739,0.003,0.996838
45.0287,0.00739,0.003,0.99691
45.0307,0.00739,0.003,0.996923
45.0327,0.007539,0.003,0.996992
45.0347,0.007539,0.003,0.996953
45.0367,9.3e-05,0.003,0.997031
45.0387,9.3e-05,0.003,0.996879
45.0407,0.020026,0.003,0.996871
45.0427,0.020026,0.003,0.99681
45.0447,0.000925,0.003,0.99681
45.0467,0.000229,0.003,0.996684
45.0487,0.02022,0.003,0.996595
45.0507,0.02022,0.003,0.996629
45.0527,0.02022,0.003,0.996597
45.0547,0.000268,0.003,0.996657
45.0567,0.007499,0.003,0.996734
45.0587,0.007499,0.003,0.99663
45.0607,0.007499,0.003,0.996675
45.0627,0.007499,0.003,0.996701
45.0647,0.00738,0.003,0.996799
45.0667,0.0002,0.003,0.99675
45.0687,0.0002,0.003,0.99681
45.0707,0.0002,0.003,0.996884
45.0727,0.001046,0.003,0.996869
45.0747,0.001046,0.003,0.996795
45.0767,0.014745,0.003,0.996864
45.0787,0.014745,0.003,0.996806
45.0807,0.014745,0.003,0.996875
45.0827,0.007733,0.003,0.996933
45.0847,0.028938,0.003,0.996897
45.0867,0.028938,0.003,0.996944
45.0887,0.028938,0.003,0.996969
45.0907,0.018841,0.003,0.997009
45.0931,0.018841,0.003,0.99707
45.0947,0.022723,0.003,0.997126
45.0967,0.021062,0.003,0.997201
45.0987,0.021062,0.003,0.997338
45.1007,0.021062,0.003,0.997484
45.1027,0.021062,0.003,0.997497
45.1047,0.007638,0.003,0.997774
45.1067,0.007638,0.003,0.997904
45.1087,0.014409,0.003,0.998065
45.1107,0.014409,0.003,0.998266
45.1127,0.014409,0.003,0.998507
45.1147,0.019194,0.003,0.998707
45.1167,0.010996,0.003,0.998972
45.1187,0.010785,0.003,0.999148
45.1207,0.010785,0.003,0.99937
45.1227,0.008647,0.003,0.999685
45.1247,0.008647,0.003,0.999863
45.1271,0.008647,0.00852,1.00014
45.1296,0.017294,0.02646,1.00044
45.1317,0.052146,0.04452,1.00074
45.1337,0.096447,0.0558,1.00093
45.1357,0.126336,0.0672,1.00112
45.1376,0.14994,0.06756,1.00113
45.1397,0.17759,0.0588,1.00098
45.1417,0.175858,0.04254,1.00071
45.1437,0.167484,0.03018,1.0005
45.1456,0.122869,0.01212,1.0002
45.1477,0.084506,0.00804,1.00013
45.1497,0.073157,0.00516,1.00009
45.1517,0.043345,0.01458,1.00024
45.1536,0.044852,0.03102,1.00052
45.1557,0.068492,0.05058,1.00084
45.1577,0.103898,0.07242,1.00121
45.1597,0.168064,0.09264,1.00154
45.1617,0.219337,0.10314,1.00172
45.1637,0.246582,0.11382,1.0019
45.1657,0.286913,0.10728,1.00179
45.1677,0.302951,0.0927,1.00155
45.1696,0.29115,0.07782,1.0013
45.1717,0.254278,0.05502,1.00092
45.1737,0.21754,0.0276,1.00046
45.1757,0.167101,0.00822,1.00014
45.1776,0.122888,0.0051,1.00009
45.1797,0.073137,0.01326,1.00022
45.1817,0.063832,0.0441,1.00074
45.1837,0.100542,0.07686,1.00128
45.1856,0.159859,0.11688,1.00195
45.1877,0.261169,0.1401,1.00233
45.1897,0.328291,0.17712,1.00295
45.1917,0.414991,0.18726,1.00312
45.1936,0.469974,0.18264,1.00304
45.1957,0.492007,0.15006,1.0025
45.1981,0.456963,0.10548,1.00176
45.2001,0.395975,0.04596,1.00077
45.2027,0.265901,0.04596,0.999746
45.2047,0.162205,0.04596,0.998862
45.2067,0.123319,0.04596,0.998706
45.2087,0.099901,0.04596,0.999006
45.2107,0.073136,0.04596,0.999803
45.2127,0.045227,0.04794,1.0008
45.2147,0.087213,0.13296,1.00222
45.2167,0.234268,0.21168,1.00353
45.2187,0.397726,0.27714,1.00462
45.2207,0.59277,0.32916,1.00549
45.2227,0.77048,0.34038,1.00567
45.2247,0.860301,0.31194,1.0052
45.2267,0.857442,0.24534,1.00409
45.2287,0.75339,0.14454,1.00241
45.2307,0.593122,0.01482,1.00025
45.2332,0.331917,0.01482,0.997937
45.2351,0.187681,0.01482,0.995986
45.2367,0.153424,0.01482,0.995072
45.2387,0.142013,0.01482,0.994796
45.2407,0.123823,0.01482,0.994987
45.2427,0.082367,0.01482,0.99564
45.2447,0.062401,0.01482,0.996614
45.2467,0.054437,0.01482,0.997952
45.2487,0.053754,0.01482,0.999482
45.2507,0.059126,0.08724,1.00145
45.2527,0.158233,0.231,1.00385
45.2547,0.387221,0.36588,1.0061
45.2567,0.677167,0.47004,1.00783
45.2582,0.946456,0.5,1.00881
45.2602,1.17584,0.5,1.00868
45.2622,1.2659,0.4737,1.00789
45.2647,1.22073,0.34782,1.0058
45.2677,1.01889,0.07734,1.00129
45.2702,0.518966,0.07734,0.994687
45.2722,0.327405,0.07734,0.989505
45.2736,0.264398,0.07734,0.985849
45.2752,0.221596,0.07734,0.983617
45.2767,0.210628,0.07734,0.981985
45.2787,0.158781,0.07734,0.980657
45.2807,0.086373,0.07734,0.97957
45.2827,0.123239,0.07734,0.979073
45.2847,0.132225,0.07734,0.97904
45.2867,0.120537,0.07734,0.979432
45.2887,0.101248,0.07734,0.980583
45.2907,0.068621,0.07734,0.982015
45.2927,0.019751,0.07734,0.983737
45.2947,0.019751,0.07734,0.985609
45.2967,0.014574,0.07734,0.987836
45.2987,0.059389,0.07734,0.99013
45.3007,0.059389,0.07734,0.992434
45.3032,0.000132,0.07734,0.994921
45.3047,0.001274,0.07734,0.997745
45.3067,0.001274,0.07734,0.999535
45.3087,0.001274,0.10368,1.00173
45.3107,0.101449,0.24612,1.0041
45.3127,0.367643,0.35754,1.00596
45.3142,0.617518,0.41688,1.00695
45.3158,0.815347,0.4146,1.00691
45.3177,1.00391,0.36258,1.00604
45.3198,1.00584,0.26496,1.00442
45.3216,0.843932,0.11808,1.00197
45.3237,0.506203,0.11808,0.999184
45.3257,0.224821,0.11808,0.995334
45.3277,0.130494,0.11808,0.992162
45.3296,0.120006,0.11808,0.989067
45.3317,0.118311,0.11808,0.98674
45.3337,0.099608,0.11808,0.984994
45.3362,0.056168,0.11808,0.983787
45.3376,0.069107,0.11808,0.982685
45.3392,0.012301,0.11808,0.98225
45.3407,0.030011,0.11808,0.981892
45.3428,0.058056,0.11808,0.981498
45.3448,0.085022,0.11808,0.98146
45.3467,0.029046,0.11808,0.981801
45.3487,0.056163,0.11808,0.982322
45.3508,0.011755,0.11808,0.982933
45.3528,0.011755,0.11808,0.983598
45.3547,0.012345,0.11808,0.984527
45.3567,0.006706,0.11808,0.985447
45.3588,0.003185,0.11808,0.986486
45.3608,0.012145,0.11808,0.987464
45.3627,0.012145,0.11808,0.98852
45.3647,0.012145,0.11808,0.989538
45.3668,0.012145,0.11808,0.990487
45.3692,0.012145,0.11808,0.991497
45.3702,0.008636,0.11808,0.99242
45.3722,0.008636,0.11808,0.992844
45.3738,0.008636,0.11808,0.993476
45.3758,0.008636,0.11808,0.993833
45.3772,0.008636,0.11808,0.99443
45.3788,0.008636,0.11808,0.994708
45.3802,0.008636,0.11808,0.994939
45.3818,0.008636,0.11808,0.995109
45.3832,9e-05,0.11808,0.995147
45.3848,9e-05,0.11808,0.995229
45.3862,9e-05,0.11808,0.995263
45.3878,9e-05,0.11808,0.995212
45.3892,0.008704,0.11808,0.995061
45.3908,0.016674,0.11808,0.995102
45.3922,0.016674,0.11808,0.995018
45.3936,0.016774,0.11808,0.994886
45.3958,0.021577,0.11808,0.994804
45.3978,0.021577,0.11808,0.994726
45.3998,0.000732,0.11808,0.994561
45.4016,0.008616,0.11808,0.99449
45.4038,0.035081,0.11808,0.994428
45.4058,0.035081,0.11808,0.994255
45.4078,0.035081,0.11808,0.994283
45.4096,0.021928,0.11808,0.994093
45.4118,0.026603,0.11808,0.994217
45.4138,0.01758,0.11808,0.994203
45.4152,0.01758,0.11808,0.994196
45.4168,0.026002,0.11808,0.9941
45.4182,0.000891,0.11808,0.994163
45.4198,0.009231,0.11808,0.994169
45.4212,0.009231,0.11808,0.994131
45.4228,0.00126,0.11808,0.994182
45.4242,0.001155,0.11808,0.994144
45.4256,0.00621,0.11808,0.994245
45.4278,0.000831,0.11808,0.994216
45.4298,0.005221,0.11808,0.99419
45.4312,0.005221,0.11808,0.994206
45.4328,0.005221,0.11808,0.994283
45.4342,0.005221,0.11808,0.994242
45.4358,0.005221,0.11808,0.99422
45.4378,0.005221,0.11808,0.99417
45.4398,0.026633,0.11808,0.994182
45.4416,0.004669,0.11808,0.994231
45.4438,0.004669,0.11808,0.99417
45.4458,0.004669,0.11808,0.994224
45.4478,0.004669,0.11808,0.994165
45.4496,0.017725,0.11808,0.994195
45.4512,0.021913,0.11808,0.99424
45.4528,0.008956,0.11808,0.994252
45.4548,0.030469,0.11808,0.994321
45.4568,0.00168,0.11808,0.994168
45.4588,0.00168,0.11808,0.994274
45.4608,0.00405,0.11808,0.994141
45.4628,0.000779,0.11808,0.994189
45.4648,0.000779,0.11808,0.994189
45.4668,0.000766,0.11808,0.994179
45.4688,0.021324,0.11808,0.994163
45.4698,0.027113,0.11808,0.994158
45.4718,0.012995,0.11808,0.994105
45.4736,0.012995,0.11808,0.994074
45.4758,0.000768,0.11808,0.994094
45.4778,0.026983,0.11808,0.99406
45.4798,0.000883,0.11808,0.99401
45.4816,0.000883,0.11808,0.994063
45.4832,0.000883,0.11808,0.993995
45.4848,0.005327,0.11808,0.993992
45.4868,0.000851,0.11808,0.993981
45.4888,0.026705,0.11808,0.994082
45.4908,0.013455,0.11808,0.993978
45.4918,0.017658,0.11808,0.994035
45.4938,0.013363,0.11808,0.994034
45.4958,0.001264,0.11808,0.994049
45.4976,0.001264,0.11808,0.99405
45.4992,0.000478,0.11808,0.994057
45.5008,0.000478,0.11808,0.994128
45.5028,0.005418,0.11808,0.99409
45.5048,0.026649,0.11808,0.994005
45.5058,0.026586,0.11808,0.994061
45.5078,0.026586,0.11808,0.994044
45.5098,0.02679,0.11808,0.994035
45.5118,0.02679,0.11808,0.99402
45.5136,0.02679,0.11808,0.994099
45.5148,0.000759,0.11808,0.994069
45.5168,0.018357,0.11808,0.994021
45.5188,0.018357,0.11808,0.993937
45.5212,0.009965,0.11808,0.99413
45.5238,0.009965,0.11808,0.99389
45.5258,0.026221,0.11808,0.993876
45.5278,0.026221,0.11808,0.993933
45.5296,0.026221,0.11808,0.993914
45.5318,0.026221,0.11808,0.993871
45.5338,0.026221,0.11808,0.993742
45.5358,0.026221,0.11808,0.993794
45.5376,0.018407,0.11808,0.993736
45.5398,0.009385,0.11808,0.993647
45.5418,0.018979,0.11808,0.993651
45.5438,0.005699,0.11808,0.993623
45.5448,0.005699,0.11808,0.993648
45.5468,0.014266,0.11808,0.993595
45.5488,0.014266,0.11808,0.993554
45.5508,0.014266,0.11808,0.99354
45.5528,0.005024,0.11808,0.993456
45.5548,0.005024,0.11808,0.993435
45.5558,0.005024,0.11808,0.993531
45.5578,0.014845,0.11808,0.993503
45.5598,0.005051,0.11808,0.993381
45.5616,0.005051,0.11808,0.993496
45.5628,0.009402,0.11808,0.993308
45.5648,0.009402,0.11808,0.99339
45.5668,0.009402,0.11808,0.993235
45.5688,0.009402,0.11808,0.993207
45.5708,0.00086,0.11808,0.993144
45.5728,0.011436,0.11808,0.993036
45.5748,0.011436,0.11808,0.992963
45.5768,0.011436,0.11808,0.992943
45.5782,0.011436,0.11808,0.99286
45.5798,0.007042,0.11808,0.99282
45.5818,0.007042,0.11808,0.992704
45.5838,0.022977,0.11808,0.992612
45.5862,0.01333,0.11808,0.992452
45.5888,0.02552,0.11808,0.992377
45.5908,0.02552,0.11808,0.992229
45.5928,0.02552,0.11808,0.992098
45.5942,0.010228,0.11808,0.992049
45.5958,0.001292,0.11808,0.99195
45.5978,0.013583,0.11808,0.991785
45.5998,0.013583,0.11808,0.99167
45.6016,0.013583,0.11808,0.991516
45.6038,0.010575,0.11808,0.991442
45.6058,0.009177,0.11808,0.991186
45.6078,0.009177,0.11808,0.991072
45.6096,0.009177,0.11808,0.990988
45.6112,0.007475,0.11808,0.990695
45.6128,0.020303,0.11808,0.990469
45.6148,0.020303,0.11808,0.990312
45.6168,0.020303,0.11808,0.990127
45.6188,0.01131,0.11808,0.989844
45.6208,0.002136,0.11808,0.989691
45.6228,0.002136,0.11808,0.989425
45.6248,0.002136,0.11808,0.989231
45.6262,0.002136,0.11808,0.988838
45.6282,0.013783,0.11808,0.988747
45.6298,0.013783,0.11808,0.988454
45.6318,0.013783,0.11808,0.988193
45.6336,0.013783,0.11808,0.987936
45.6358,0.03221,0.11808,0.987657
45.6378,0.026915,0.11808,0.987453
45.6398,0.026915,0.11808,0.987193
45.6416,0.007334,0.11808,0.987012
45.6432,0.007334,0.11808,0.986754
45.6448,0.001379,0.11808,0.986568
45.6468,0.036384,0.11808,0.986503
45.6492,0.036384,0.11808,0.986319
45.6518,0.036384,0.11808,0.986239
45.6538,0.036384,0.11808,0.985966
45.6558,0.036384,0.11808,0.985821
45.6576,0.036384,0.11808,0.985683
45.6592,0.018873,0.11808,0.98565
45.6608,0.018873,0.11808,0.985501
45.6628,0.012075,0.11808,0.985424
45.6648,0.028833,0.11808,0.985419
45.6668,0.028833,0.11808,0.985297
45.6688,0.028833,0.11808,0.985197
45.6708,0.028833,0.11808,0.985064
45.6728,0.027935,0.11808,0.984879
45.6748,0.027935,0.11808,0.984706
45.6768,0.027935,0.11808,0.984689
45.6788,0.003381,0.11808,0.984657
45.6808,0.002887,0.11808,0.98452
45.6828,0.003406,0.11808,0.984408
45.6848,0.020443,0.11808,0.984331
45.6868,0.020443,0.11808,0.984171
45.6888,0.020443,0.11808,0.983983
45.6908,0.035633,0.11808,0.983928
45.6928,0.015685,0.11808,0.983791
45.6948,0.028073,0.11808,0.983628
45.6968,0.00356,0.11808,0.983568
45.6988,0.00356,0.11808,0.983482
45.7008,0.00356,0.11808,0.983388
45.7028,0.035862,0.11808,0.98331
45.7038,0.035862,0.11808,0.983308
45.7056,0.003578,0.11808,0.983313
45.7072,0.003578,0.11808,0.983216
45.7088,0.003578,0.11808,0.983195
45.7108,0.011901,0.11808,0.983196
45.7128,0.036116,0.11808,0.983246
45.7148,0.036146,0.11808,0.983248
45.7168,0.036146,0.11808,0.983377
45.7188,0.003831,0.11808,0.983458
45.7208,0.00797,0.11808,0.983585
45.7228,0.00797,0.11808,0.9836
45.7248,0.00797,0.11808,0.983746
45.7268,0.00797,0.11808,0.98375
45.7288,0.00797,0.11808,0.983869
45.7308,0.028789,0.11808,0.984021
45.7328,0.020725,0.11808,0.984157
45.7348,0.020725,0.11808,0.984176
45.7368,0.003781,0.11808,0.984468
45.7388,0.021058,0.11808,0.984592
45.7408,0.00376,0.11808,0.984652
45.7428,0.029219,0.11808,0.984839
45.7448,0.029219,0.11808,0.98518
45.7468,0.02143,0.11808,0.985198
45.7492,0.012565,0.11808,0.985527
45.7508,0.013774,0.11808,0.985894
45.7528,0.003436,0.11808,0.986096
45.7548,0.003436,0.11808,0.986372
45.7568,0.003436,0.11808,0.986618
45.7588,0.010703,0.11808,0.987128
45.7608,0.041984,0.11808,0.987495
45.7628,0.003084,0.11808,0.987846
45.7648,0.005409,0.11808,0.9883
45.7668,0.005409,0.11808,0.988599
45.7688,0.02575,0.11808,0.989032
45.7708,0.02575,0.11808,0.989381
45.7728,0.02575,0.11808,0.989797
45.7748,0.02575,0.11808,0.99009
45.7768,0.02575,0.11808,0.990433
45.7788,0.02575,0.11808,0.990813
45.7808,0.02575,0.11808,0.991079
45.7828,0.02575,0.11808,0.991463
45.7852,0.027397,0.11808,0.991789
45.7868,0.019438,0.11808,0.992175
45.7888,0.019438,0.11808,0.992542
45.7908,0.019438,0.11808,0.992886
45.7928,0.004978,0.11808,0.993178
45.7948,0.004978,0.11808,0.993654
45.7968,0.004978,0.11808,0.994026
45.7988,0.004978,0.11808,0.994355
45.8008,0.000825,0.11808,0.99482
45.8028,0.0045,0.11808,0.995132
45.8048,0.004702,0.11808,0.995479
45.8068,0.004702,0.11808,0.995847
45.8088,0.004702,0.11808,0.996139
45.8108,0.020633,0.11808,0.996628
45.8128,0.014018,0.11808,0.996795
45.8148,0.012477,0.11808,0.997211
45.8168,0.012477,0.11808,0.997486
45.8188,0.012477,0.11808,0.997891
45.8208,0.012477,0.11808,0.99817
45.8228,0.01128,0.11808,0.998608
45.8248,0.01765,0.11808,0.99896
45.8268,0.010075,0.11808,0.999332
45.8288,0.010075,0.11808,0.999863
45.8308,0.010075,0.02052,1.00034
45.8328,0.037968,0.04572,1.00076
45.8348,0.078573,0.07056,1.00118
45.8368,0.138159,0.0903,1.00151
45.8388,0.188942,0.10548,1.00176
45.8408,0.229294,0.1068,1.00178
45.8428,0.24807,0.08292,1.00138
45.8448,0.244291,0.04134,1.00069
45.8468,0.16724,0.04134,0.999844
45.8488,0.078017,0.04134,0.99882
45.8508,0.048688,0.04134,0.998273
45.8532,0.049018,0.04134,0.997768
45.8548,0.032452,0.04134,0.997259
45.8568,0.039334,0.04134,0.99716
45.8588,0.027174,0.04134,0.997116
45.8608,0.033172,0.04134,0.997167
45.8628,0.003047,0.04134,0.9973
45.8648,0.004323,0.04134,0.997511
45.8668,0.012947,0.04134,0.997775
45.8688,0.014182,0.04134,0.997971
45.8708,0.016075,0.04134,0.998341
45.8728,0.016075,0.04134,0.998622
45.8748,0.001623,0.04134,0.999166
45.8768,0.010866,0.04134,0.999536
45.8788,0.00949,0.0054,1.00009
45.8808,0.00949,0.03378,1.00056
45.8828,0.036452,0.06228,1.00104
45.8848,0.112278,0.08904,1.00148
45.8868,0.174816,0.09792,1.00163
45.8888,0.217777,0.09798,1.00163
45.8908,0.240496,0.07926,1.00132
45.8928,0.228128,0.0429,1.00072
45.8948,0.166225,0.0429,0.999905
45.8968,0.084461,0.0429,0.999243
45.8988,0.061565,0.0429,0.998524
45.9008,0.035588,0.0429,0.997922
45.9028,0.038394,0.0429,0.997589
45.9048,0.04448,0.0429,0.997253
45.9068,0.020989,0.0429,0.997302
45.9088,0.016736,0.0429,0.997234
45.9108,0.035158,0.0429,0.997362
45.9128,0.026342,0.0429,0.997557
45.9148,0.030026,0.0429,0.997897
45.9168,0.015764,0.0429,0.998233
45.9188,0.019087,0.0429,0.998572
45.9208,0.01488,0.0429,0.9991
45.9233,0.016728,0.0429,0.999679
45.9248,0.010497,0.02862,1.00048
45.9268,0.049714,0.06462,1.00108
45.9288,0.118166,0.111,1.00185
45.9308,0.198185,0.1374,1.00229
45.9328,0.293859,0.16596,1.00277
45.9348,0.389419,0.171,1.00285
45.9368,0.427545,0.15768,1.00263
45.9388,0.430893,0.12156,1.00203
45.9408,0.374594,0.06918,1.00115
45.9428,0.292584,0.06918,0.999953
45.9448,0.133046,0.06918,0.998831
45.9468,0.073488,0.06918,0.997854
45.9488,0.072563,0.06918,0.997149
45.9508,0.087943,0.06918,0.9968
45.9528,0.059148,0.06918,0.996784
45.9548,0.04114,0.06918,0.997166
45.9568,0.036007,0.06918,0.997727
45.9593,0.049979,0.06918,0.998458
45.9608,0.043001,0.06918,0.999647
45.9628,0.044695,0.0348,1.00058
45.9648,0.079592,0.13266,1.00221
45.9668,0.241046,0.21288,1.00355
45.9688,0.431908,0.2868,1.00478
45.9708,0.5921,0.3465,1.00578
45.9728,0.801578,0.37698,1.00628
45.9748,0.902106,0.36066,1.00601
45.9768,0.923979,0.28704,1.00478
45.9788,0.859488,0.15822,1.00264
45.9808,0.603254,0.15822,0.999993
45.9828,0.30166,0.15822,0.996914
45.9848,0.11641,0.15822,0.994321
45.9868,0.09766,0.15822,0.991886
45.9888,0.114871,0.15822,0.990013
45.9908,0.126614,0.15822,0.988613
45.9933,0.110729,0.15822,0.987913
45.9948,0.107897,0.15822,0.987869
45.9968,0.106607,0.15822,0.98806
45.9988,0.084495,0.15822,0.98877
46.0008,0.0754,0.15822,0.989771
46.0028,0.073097,0.15822,0.991023
46.0048,0.024326,0.15822,0.992532
46.0069,0.025276,0.15822,0.994422
46.0088,0.014307,0.15822,0.996234
46.0108,0.024107,0.15822,0.998274
46.0129,0.036352,0.03354,1.00056
46.0149,0.054536,0.1923,1.00321
46.0168,0.306718,0.32694,1.00545
46.0189,0.571322,0.46518,1.00775
46.0209,0.964436,0.5,1.00925
46.0229,1.19409,0.5,1.00949
46.0249,1.25161,0.5,1.00877
46.0269,1.24557,0.41016,1.00684
46.0289,1.16088,0.22296,1.00372
46.0309,0.842275,0.22296,0.999474
46.0328,0.36931,0.22296,0.994546
46.0349,0.219482,0.22296,0.990158
46.0369,0.156039,0.22296,0.98576
46.0389,0.143908,0.22296,0.982345
46.0409,0.158208,0.22296,0.979597
46.0429,0.144211,0.22296,0.977679
46.0449,0.114191,0.22296,0.976381
46.0469,0.116596,0.22296,0.975685
46.0489,0.140993,0.22296,0.975433
46.0509,0.115076,0.22296,0.975821
46.0529,0.085893,0.22296,0.976533
46.0549,0.059164,0.22296,0.977721
46.0569,0.031308,0.22296,0.9792
46.0589,0.029361,0.22296,0.981095
46.0609,0.031934,0.22296,0.983118
46.0633,0.027906,0.22296,0.985409
46.0649,0.045156,0.22296,0.988377
46.0669,0.045431,0.22296,0.990393
46.0689,0.013118,0.22296,0.993002
46.0709,0.013118,0.22296,0.995601
46.0729,0.013118,0.22296,0.998246
46.0749,0.007582,0.05466,1.00091
46.0769,0.050458,0.24084,1.00401
46.0789,0.363362,0.37842,1.00631
46.0809,0.686342,0.5,1.00839
46.0829,1.02338,0.5,1.00928
46.0849,1.22522,0.5,1.00909
46.0869,1.23187,0.4518,1.00753
46.0889,1.15583,0.29088,1.00485
46.0909,0.997808,0.03864,1.00064
46.0929,0.437826,0.03864,0.995176
46.0949,0.17396,0.03864,0.98986
46.0969,0.142595,0.03864,0.985762
46.0989,0.122736,0.03864,0.981378
46.1009,0.118602,0.03864,0.977853
46.1029,0.112794,0.03864,0.974813
46.1049,0.085575,0.03864,0.97222
46.1069,0.105334,0.03864,0.97004
46.1089,0.109452,0.03864,0.968498
46.1109,0.095143,0.03864,0.967464
46.1129,0.096781,0.03864,0.967133
46.1149,0.078093,0.03864,0.967135
46.1169,0.051025,0.03864,0.967469
46.1189,0.04261,0.03864,0.968144
46.1209,0.032512,0.03864,0.968869
46.1229,0.02652,0.03864,0.969908
46.1249,0.018136,0.03864,0.970949
46.1269,0.012209,0.03864,0.972135
46.1289,0.01967,0.03864,0.973427
46.1309,0.018231,0.03864,0.974958
46.1329,0.035606,0.03864,0.976367
46.1349,0.010989,0.03864,0.97784
46.1369,0.010989,0.03864,0.979254
46.1389,0.010989,0.03864,0.980684
46.1409,0.020327,0.03864,0.982018
46.1429,0.020327,0.03864,0.983301
46.1449,0.020327,0.03864,0.984475
46.1469,0.020327,0.03864,0.985634
46.1489,0.020327,0.03864,0.986564
46.1509,0.020327,0.03864,0.987633
46.1529,0.020327,0.03864,0.988635
46.1549,0.009571,0.03864,0.989485
46.1569,0.009571,0.03864,0.990159
46.1589,0.009571,0.03864,0.990867
46.1609,0.006729,0.03864,0.991475
46.1629,0.006128,0.03864,0.99196
46.1649,0.006128,0.03864,0.992548
46.1673,0.006128,0.03864,0.993093
46.1689,0.006128,0.03864,0.993627
46.1709,0.006128,0.03864,0.993947
46.1729,0.005003,0.03864,0.99432
46.1749,0.005003,0.03864,0.994619
46.1769,0.005003,0.03864,0.994943
46.1789,0.000409,0.03864,0.995098
46.1809,0.000409,0.03864,0.995291
46.1829,0.000409,0.03864,0.995234
46.1849,0.000409,0.03864,0.995303
46.1869,0.000649,0.03864,0.995371
46.1889,0.000649,0.03864,0.995259
46.1909,0.000649,0.03864,0.995228
46.1929,0.000649,0.03864,0.995189
46.1949,0.004911,0.03864,0.995102
46.1969,0.001024,0.03864,0.994961
46.1989,0.001014,0.03864,0.994936
46.2013,0.001014,0.03864,0.994919
46.2029,0.001014,0.03864,0.994767
46.2049,0.001014,0.03864,0.994753
46.2069,0.001014,0.03864,0.994751
46.2089,0.009843,0.03864,0.99469
46.2109,0.009197,0.03864,0.994701
46.2129,0.009197,0.03864,0.994572
46.2149,0.009197,0.03864,0.994591
46.2169,0.009373,0.03864,0.994465
46.2189,0.009079,0.03864,0.994533
46.2209,0.009079,0.03864,0.994488
46.2229,0.005343,0.03864,0.994503
46.2249,0.02627,0.03864,0.994545
46.2269,0.001249,0.03864,0.994532
46.2289,0.001249,0.03864,0.99465
46.2309,0.000925,0.03864,0.994707
46.2329,0.017427,0.03864,0.99466
46.2349,0.017427,0.03864,0.994741
46.2369,0.017427,0.03864,0.994731
46.2389,0.017325,0.03864,0.994794
46.2409,0.005119,0.03864,0.994776
46.2429,0.009589,0.03864,0.994832
46.2449,0.009589,0.03864,0.994854
46.2469,0.017496,0.03864,0.994758
46.2489,0.02551,0.03864,0.994862
46.2509,0.005265,0.03864,0.994783
46.2529,0.005265,0.03864,0.99482
46.2549,0.001143,0.03864,0.994893
46.2569,0.017228,0.03864,0.99484
46.2589,0.01343,0.03864,0.994824
46.2609,0.01343,0.03864,0.994875
46.2629,0.01343,0.03864,0.99492
46.2649,0.009126,0.03864,0.994973
46.2669,0.01316,0.03864,0.994948
46.2693,0.01316,0.03864,0.995088
46.2709,0.01316,0.03864,0.995037
46.2729,0.004831,0.03864,0.995155
46.2749,0.000865,0.03864,0.995148
46.2769,0.000865,0.03864,0.995166
46.2789,0.000865,0.03864,0.995176
46.2809,0.000865,0.03864,0.995207
46.2829,0.012364,0.03864,0.995219
46.2849,0.004945,0.03864,0.995391
46.2869,0.004823,0.03864,0.995321
46.2889,0.004823,0.03864,0.995435
46.2909,0.004823,0.03864,0.995329
46.2929,0.009056,0.03864,0.995425
46.2949,0.023845,0.03864,0.995629
46.2969,0.023845,0.03864,0.995655
46.2989,0.023845,0.03864,0.995818
46.3009,0.000609,0.03864,0.995938
46.3029,0.015397,0.03864,0.99609
46.3049,0.0293,0.03864,0.996346
46.3069,0.011805,0.03864,0.996651
46.3089,0.011805,0.03864,0.996955
46.3109,0.011805,0.03864,0.997227
46.3129,0.012953,0.03864,0.997698
46.3149,0.014343,0.03864,0.998133
46.3169,0.014343,0.03864,0.998566
46.3189,0.000239,0.03864,0.999059
46.3209,0.000239,0.03864,0.999398
46.3229,0.000239,0.03864,0.999947
46.3249,0.013482,0.02556,1.00043
46.3269,0.03809,0.05718,1.00095
46.3289,0.097772,0.08478,1.00141
46.3309,0.162475,0.11088,1.00185
46.3329,0.238778,0.12756,1.00213
46.3349,0.312201,0.12852,1.00214
46.3369,0.334586,0.10752,1.00179
46.3389,0.319483,0.08064,1.00134
46.3409,0.290404,0.04566,1.00076
46.3429,0.212053,0.01272,1.00021
46.3449,0.139477,0.01272,0.999788
46.3469,0.106613,0.01272,0.999538
46.3489,0.074653,0.01272,0.999578
46.3509,0.044958,0.00174,1.00003
46.3529,0.036136,0.04536,1.00076
46.3549,0.087696,0.0894,1.00149
46.3569,0.182577,0.14052,1.00234
46.3589,0.300514,0.18588,1.0031
46.3609,0.41108,0.21252,1.00354
46.3629,0.513849,0.21606,1.0036
46.3649,0.559666,0.20382,1.0034
46.3669,0.568186,0.16998,1.00283
46.3689,0.525375,0.10788,1.0018
46.3709,0.421214,0.04974,1.00083
46.3733,0.304253,0.04974,0.999829
46.3749,0.184521,0.04974,0.998854
46.3769,0.113814,0.04974,0.998884
46.3789,0.080485,0.04974,0.999086
46.3809,0.0618,0.04974,0.999651
46.3829,0.074948,0.03264,1.00054
46.3849,0.082116,0.11658,1.00194
46.3869,0.216503,0.20502,1.00342
46.3889,0.419714,0.27978,1.00466
46.3909,0.60329,0.34572,1.00576
46.3929,0.791844,0.36924,1.00615
46.3949,0.895833,0.35052,1.00584
46.3969,0.945519,0.28278,1.00471
46.3989,0.851997,0.17958,1.00299
46.4009,0.675586,0.05514,1.00092
46.4029,0.435816,0.05514,0.998732
46.4049,0.230144,0.05514,0.99692
46.4069,0.196421,0.05514,0.995763
46.4093,0.14514,0.05514,0.995481
46.4109,0.126253,0.05514,0.996146
46.4129,0.112141,0.05514,0.997023
46.4149,0.08644,0.05514,0.998852
46.4169,0.075016,0.06012,1.001
46.4189,0.112707,0.23262,1.00388
46.4209,0.395696,0.3873,1.00646
46.4229,0.759322,0.5,1.00862
46.4249,1.06547,0.5,1.00993
46.4269,1.20804,0.5,1.01023
46.4289,1.29988,0.5,1.00901
46.4309,1.31031,0.41976,1.007
46.4329,1.25067,0.24054,1.00401
46.4349,0.96682,0.04038,1.00067
46.4369,0.527313,0.04038,0.997118
46.4389,0.317416,0.04038,0.994269
46.4409,0.294666,0.04038,0.992772
46.4429,0.269103,0.04038,0.992351
46.4449,0.231562,0.04038,0.99337
46.4469,0.193954,0.04038,0.995205
46.4489,0.138795,0.04038,0.998078
46.4509,0.091993,0.09084,1.00151
46.4529,0.107121,0.33984,1.00566
46.4549,0.537867,0.5,1.00933
46.4569,0.967662,0.5,1.01207
46.4589,1.14289,0.5,1.01348
46.4609,1.24469,0.5,1.01292
46.4629,1.31154,0.5,1.01133
46.4649,1.36715,0.5,1.00879
46.4669,1.39181,0.33804,1.00563
46.4689,1.23278,0.13344,1.00222
46.4709,0.828995,0.13344,0.998879
46.4729,0.461329,0.13344,0.996143
46.4749,0.354581,0.13344,0.994816
46.4773,0.282985,0.13344,0.994861
46.4789,0.228887,0.13344,0.996958
46.4809,0.193531,0.13344,0.999155
46.4829,0.110769,0.16002,1.00267
46.4849,0.259246,0.4143,1.00691
46.4869,0.708776,0.5,1.01055
46.4889,1.02122,0.5,1.01312
46.4909,1.15258,0.5,1.01393
46.4929,1.21887,0.5,1.013
46.4949,1.32023,0.5,1.01078
46.4969,1.39442,0.4809,1.00802
46.4989,1.42634,0.28644,1.00477
46.5009,1.20044,0.08664,1.00144
46.5029,0.806502,0.08664,0.998456
46.5049,0.488116,0.08664,0.996628
46.5069,0.364989,0.08664,0.996255
46.5089,0.256394,0.08664,0.997278
46.5109,0.221267,0.08664,0.999604
46.5129,0.090675,0.1734,1.00289
46.5149,0.243604,0.41952,1.00699
46.5169,0.675354,0.5,1.01074
46.5189,1.01591,0.5,1.01308
46.5209,1.16202,0.5,1.01375
46.5229,1.24392,0.5,1.01262
46.5249,1.33388,0.5,1.01044
46.5269,1.40071,0.45996,1.00767
46.5289,1.41765,0.2835,1.00473
46.5309,1.16745,0.10614,1.00177
46.5329,0.814017,0.10614,0.999333
46.5349,0.530873,0.10614,0.997908
46.5369,0.33512,0.10614,0.997871
46.5389,0.270645,0.10614,0.999461
46.5409,0.162613,0.12828,1.00214
46.5429,0.232273,0.37236,1.00621
46.5449,0.610701,0.5,1.00971
46.5479,1.08309,0.5,1.01244
46.5499,1.17435,0.5,1.01349
46.5519,1.28219,0.5,1.01217
46.5538,1.37686,0.5,1.00985
46.5559,1.44231,0.45606,1.0076
46.5579,1.44554,0.27396,1.00457
46.5599,1.20314,0.12378,1.00206
46.5618,0.859598,0.00528,1.00009
46.5639,0.5014,0.00528,0.999272
46.5659,0.342158,0.00528,0.999997
46.5679,0.232632,0.09312,1.00155
46.5698,0.2422,0.31416,1.00524
46.5719,0.606301,0.49236,1.00821
46.5739,0.946783,0.5,1.01147
46.5759,1.15037,0.5,1.01305
46.5778,1.21007,0.5,1.01289
46.5799,1.31399,0.5,1.01189
46.5824,1.40616,0.5,1.00921
46.5844,1.46412,0.3915,1.00653
46.5864,1.38204,0.23334,1.00389
46.5879,1.10304,0.11298,1.00188
46.5899,0.797146,0.033,1.00055
46.5919,0.540489,0.00828,1.00014
46.5938,0.346974,0.06966,1.00116
46.5959,0.315987,0.16494,1.00275
46.5979,0.383808,0.3501,1.00584
46.5999,0.665059,0.5,1.00851
46.6018,1.01275,0.5,1.01058
46.6039,1.1858,0.5,1.0113
46.6059,1.26932,0.5,1.01064
46.6079,1.36199,0.5,1.009
46.6098,1.42389,0.40314,1.00672
46.6119,1.31195,0.2721,1.00454
46.6139,1.12881,0.12084,1.00201
46.6159,0.817619,0.02064,1.00034
46.6184,0.500435,0.02064,0.999541
46.6204,0.31399,0.03066,1.00051
46.6219,0.225879,0.14526,1.00242
46.6239,0.317064,0.28206,1.0047
46.6258,0.552798,0.4473,1.00746
46.6279,0.924044,0.5,1.00938
46.6299,1.14216,0.5,1.01073
46.6319,1.23324,0.5,1.01037
46.6338,1.3369,0.5,1.00871
46.6359,1.40152,0.41436,1.00691
46.6379,1.34705,0.2493,1.00416
46.6399,1.09882,0.09792,1.00163
46.6418,0.750481,0.09792,0.999523
46.6439,0.437087,0.09792,0.998811
46.6459,0.311309,0.09792,0.99902
46.6479,0.209904,0.0405,1.00068
46.6498,0.167959,0.21174,1.00353
46.6524,0.441142,0.35616,1.00594
46.6539,0.669618,0.5,1.00966
46.656,0.987915,0.5,1.01087
46.6578,1.16771,0.5,1.01128
46.6599,1.27712,0.5,1.0103
46.6619,1.35008,0.48504,1.00808
46.664,1.38406,0.32994,1.0055
46.6658,1.24941,0.1545,1.00258
46.668,0.832059,0.00618,1.0001
46.6699,0.517644,0.00618,0.997639
46.6719,0.35884,0.00618,0.996901
46.6738,0.265435,0.00618,0.997589
46.6759,0.202358,0.00618,0.999298
46.6779,0.108761,0.14286,1.00238
46.68,0.205796,0.35856,1.00598
46.6818,0.565378,0.5,1.00901
46.684,0.978528,0.5,1.01117
46.6864,1.15881,0.5,1.01206
46.6879,1.23762,0.5,1.01077
46.6898,1.3307,0.5,1.0088
46.692,1.37698,0.39318,1.00655
46.694,1.32476,0.17016,1.00284
46.696,0.979946,0.17016,0.999682
46.6978,0.525123,0.17016,0.996918
46.7,0.356553,0.17016,0.995551
46.702,0.274754,0.17016,0.995258
46.7039,0.217769,0.17016,0.996757
46.7058,0.170677,0.17016,0.998987
46.708,0.080464,0.09264,1.00154
46.71,0.118028,0.34872,1.00581
46.712,0.514148,0.5,1.00875
46.7138,0.922212,0.5,1.01103
46.716,1.11606,0.5,1.0119
46.718,1.20223,0.5,1.01086
46.72,1.30665,0.5,1.00868
46.7224,1.35183,0.33876,1.00565
46.725,1.21076,0.04176,1.0007
46.727,0.732184,0.04176,0.996298
46.729,0.378847,0.04176,0.993009
46.731,0.309933,0.04176,0.991336
46.733,0.236804,0.04176,0.990676
46.735,0.222299,0.04176,0.991206
46.737,0.179581,0.04176,0.992721
46.739,0.1274,0.04176,0.995119
46.741,0.088836,0.04176,0.998072
46.743,0.03997,0.08142,1.00136
46.745,0.061666,0.29832,1.00497
46.747,0.404334,0.48066,1.00801
46.749,0.836727,0.5,1.01014
46.751,1.06793,0.5,1.01109
46.753,1.18433,0.5,1.01024
46.755,1.28538,0.48096,1.00802
46.7574,1.28181,0.29556,1.00493
46.7594,1.07356,0.03072,1.00051
46.7614,0.58497,0.03072,0.995976
46.7634,0.30921,0.03072,0.991599
46.765,0.243328,0.03072,0.988501
46.767,0.19764,0.03072,0.986684
46.769,0.217883,0.03072,0.985332
46.771,0.166295,0.03072,0.985114
46.773,0.18014,0.03072,0.985823
46.775,0.133899,0.03072,0.987042
46.777,0.102735,0.03072,0.989162
46.779,0.071862,0.03072,0.991493
46.781,0.038599,0.03072,0.99445
46.783,0.026139,0.03072,0.997397
46.785,0.012417,0.03132,1.00052
46.788,0.04165,0.2406,1.00401
46.79,0.3048,0.5,1.0084
46.792,0.82034,0.5,1.01068
46.7938,1.09566,0.5,1.01167
46.796,1.16768,0.5,1.01128
46.798,1.23965,0.5,1.00911
46.8,1.25442,0.35088,1.00585
46.8018,1.1016,0.08382,1.0014
46.804,0.573733,0.08382,0.996536
46.806,0.320625,0.08382,0.990644
46.808,0.161363,0.08382,0.986263
46.8098,0.12459,0.08382,0.982138
46.812,0.155293,0.08382,0.979062
46.814,0.174291,0.08382,0.975919
46.816,0.131195,0.08382,0.974047
46.8178,0.114179,0.08382,0.972968
46.82,0.117412,0.08382,0.972346
46.822,0.097491,0.08382,0.972369
46.824,0.08771,0.08382,0.972856
46.8258,0.077004,0.08382,0.973749
46.8284,0.059457,0.08382,0.97475
46.83,0.04333,0.08382,0.976796
46.832,0.052682,0.08382,0.978104
46.8338,0.039169,0.08382,0.979812
46.836,0.003764,0.08382,0.981479
46.838,0.003764,0.08382,0.983648
46.84,0.003764,0.08382,0.985577
46.8418,0.01902,0.08382,0.987557
46.8434,0.0143,0.08382,0.98936
46.845,0.0143,0.08382,0.990868
46.847,0.006013,0.08382,0.992422
46.849,0.006013,0.08382,0.994321
46.851,0.006013,0.08382,0.995987
46.853,0.006013,0.08382,0.997747
46.855,0.006013,0.08382,0.999163
46.857,0.006013,0.0366,1.00061
46.859,0.019342,0.10662,1.00178
46.8614,0.161992,0.1635,1.00273
46.8634,0.28189,0.20556,1.00343
46.8654,0.419889,0.2037,1.0034
46.8674,0.490283,0.17286,1.00288
46.8694,0.463658,0.11166,1.00186
46.8714,0.363963,0.01338,1.00022
46.8734,0.164263,0.01338,0.998318
46.8754,0.057139,0.01338,0.995919
46.877,0.063811,0.01338,0.994141
46.879,0.053394,0.01338,0.992689
46.881,0.016056,0.01338,0.990994
46.883,0.05374,0.01338,0.989466
46.885,0.045433,0.01338,0.988184
46.887,0.045433,0.01338,0.987083
46.889,0.01917,0.01338,0.985926
46.891,0.01917,0.01338,0.984883
46.893,0.019916,0.01338,0.984082
46.895,0.012016,0.01338,0.983286
46.897,0.012076,0.01338,0.98259
46.899,0.012076,0.01338,0.981964
46.901,0.012076,0.01338,0.981444
46.903,0.028901,0.01338,0.980781
46.905,0.042217,0.01338,0.980354
46.907,0.030777,0.01338,0.980047
46.909,0.010271,0.01338,0.979701
46.911,0.02102,0.01338,0.979465
46.913,0.02102,0.01338,0.979115
46.915,0.014712,0.01338,0.978856
46.917,0.004363,0.01338,0.978614
46.919,0.015161,0.01338,0.978399
46.921,0.015161,0.01338,0.978095
46.923,0.024029,0.01338,0.977878
46.925,0.024029,0.01338,0.977466
46.927,0.024029,0.01338,0.977178
46.9294,0.024029,0.01338,0.976869
46.931,0.024029,0.01338,0.976399
46.933,0.024029,0.01338,0.976068
46.935,0.024029,0.01338,0.975664
46.937,0.016089,0.01338,0.975182
46.939,0.016089,0.01338,0.974717
46.941,0.003959,0.01338,0.974269
46.943,0.005767,0.01338,0.973822
46.945,0.012211,0.01338,0.973285
46.947,0.022591,0.01338,0.972856
46.949,0.022591,0.01338,0.972386
46.951,0.022591,0.01338,0.971943
46.953,0.002983,0.01338,0.971365
46.955,0.002983,0.01338,0.970808
46.957,0.002983,0.01338,0.970252
46.959,0.002983,0.01338,0.969633
46.961,0.002535,0.01338,0.968799
46.963,0.002535,0.01338,0.968255
46.965,0.002535,0.01338,0.967438
46.967,0.002535,0.01338,0.96672
46.969,0.002535,0.01338,0.965958
46.971,0.002287,0.01338,0.965209
46.973,0.008223,0.01338,0.964408
46.975,0.000671,0.01338,0.963473
46.977,0.000671,0.01338,0.962685
46.979,0.007137,0.01338,0.961848
46.981,0.007137,0.01338,0.960833
46.983,0.003286,0.01338,0.960043
46.985,0.008215,0.01338,0.959066
46.987,0.027469,0.01338,0.958213
46.989,0.027469,0.01338,0.95724
46.991,0.027469,0.01338,0.956249
46.993,0.005141,0.01338,0.955346
46.995,0.005141,0.01338,0.954407
46.9974,0.005141,0.01338,0.953407
46.999,0.005141,0.01338,0.952324
47.001,0.005141,0.01338,0.951482
47.003,0.002015,0.01338,0.950345
47.005,0.020573,0.01338,0.949334
47.007,0.020573,0.01338,0.948413
47.009,0.020573,0.01338,0.947214
47.011,0.002819,0.01338,0.946162
47.013,0.033223,0.01338,0.945063
47.015,0.016515,0.01338,0.943944
47.017,0.016515,0.01338,0.942827
47.019,0.006888,0.01338,0.9417
47.021,0.016494,0.01338,0.94059
47.023,0.016494,0.01338,0.939202
47.025,0.003811,0.01338,0.937838
47.027,0.003811,0.01338,0.93654
47.0294,0.003811,0.01338,0.935204
47.031,0.003811,0.01338,0.933638
47.033,0.003811,0.01338,0.932426
47.035,0.003811,0.01338,0.931024
47.037,0.007958,0.01338,0.929637
47.039,0.007958,0.01338,0.928249
47.041,0.007958,0.01338,0.926832
47.043,0.007958,0.01338,0.925353
47.045,0.022143,0.01338,0.924033
47.047,0.022143,0.01338,0.922567
47.049,0.001943,0.01338,0.921122
47.051,0.001943,0.01338,0.919837
47.053,0.016695,0.01338,0.918476
47.055,0.016695,0.01338,0.917104
47.057,0.016695,0.01338,0.915881
47.059,0.016695,0.01338,0.914684
47.061,0.036527,0.01338,0.913505
47.063,0.024405,0.01338,0.912249
47.065,0.024405,0.01338,0.911203
47.067,0.024405,0.01338,0.909981
47.069,0.003322,0.01338,0.908843
47.071,0.008303,0.01338,0.907751
47.073,0.008303,0.01338,0.90662
47.075,0.008303,0.01338,0.905591
47.077,0.013886,0.01338,0.904555
47.079,0.013886,0.01338,0.903389
47.081,0.013886,0.01338,0.902251
47.083,0.013886,0.01338,0.901087
47.085,0.013886,0.01338,0.900071
47.087,0.013886,0.01338,0.898889
47.089,0.013886,0.01338,0.897844
47.091,0.013886,0.01338,0.896577
47.093,0.013886,0.01338,0.895419
47.095,0.006585,0.01338,0.894214
47.0974,0.006585,0.01338,0.89299
47.099,0.017278,0.01338,0.891413
47.101,0.003532,0.01338,0.890377
47.103,0.003532,0.01338,0.889217
47.105,0.003532,0.01338,0.888097
47.107,0.003532,0.01338,0.886803
47.109,0.006982,0.01338,0.885539
47.111,0.002123,0.01338,0.88431
47.113,0.002123,0.01338,0.88315
47.115,0.008633,0.01338,0.881936
47.117,0.032818,0.01338,0.880694
47.119,0.014009,0.01338,0.879537
47.121,0.014009,0.01338,0.878351
47.123,0.019597,0.01338,0.877268
47.125,0.011667,0.01338,0.876075
47.127,0.012627,0.01338,0.875141
47.129,0.011125,0.01338,0.874015
47.131,0.011125,0.01338,0.87297
47.133,0.000958,0.01338,0.871971
47.135,0.01679,0.01338,0.870939
47.137,0.00697,0.01338,0.870017
47.139,0.040899,0.01338,0.869119
47.141,0.040899,0.01338,0.868272
47.143,0.009329,0.01338,0.86733
47.145,0.009329,0.01338,0.866553
47.147,0.009005,0.01338,0.865745
47.149,0.012834,0.01338,0.864956
47.151,0.012232,0.01338,0.86413
47.153,0.004415,0.01338,0.863473
47.155,0.011679,0.01338,0.862822
47.157,0.011679,0.01338,0.862136
47.159,0.011679,0.01338,0.861721
47.161,0.007139,0.01338,0.86122
47.1634,0.004951,0.01338,0.860712
47.165,0.009881,0.01338,0.860118
47.167,0.008879,0.01338,0.859852
47.169,0.004253,0.01338,0.85943
47.171,0.009259,0.01338,0.859105
47.173,0.003677,0.01338,0.858817
47.175,0.010886,0.01338,0.858561
47.177,0.005221,0.01338,0.858361
47.179,0.000694,0.01338,0.858153
47.181,0.003025,0.01338,0.85807
47.183,0.00568,0.01338,0.85785
47.185,0.012141,0.01338,0.857808
47.187,0.010719,0.01338,0.857755
47.189,0.003232,0.01338,0.857598
47.191,0.014994,0.01338,0.857609
47.193,0.014994,0.01338,0.857592
47.195,0.011112,0.01338,0.857563
47.197,0.007542,0.01338,0.857488
47.199,0.00897,0.01338,0.857603
47.201,0.00897,0.01338,0.857542
47.203,0.012828,0.01338,0.857621
47.205,0.002922,0.01338,0.857572
47.207,0.009315,0.01338,0.857612
47.209,0.009315,0.01338,0.857651
47.211,0.003633,0.01338,0.857728
47.213,0.003633,0.01338,0.857719
47.215,0.003633,0.01338,0.85769
47.217,0.004558,0.01338,0.857699
47.219,0.004558,0.01338,0.857704
47.221,0.004558,0.01338,0.857751
47.223,0.004558,0.01338,0.857679
47.225,0.004558,0.01338,0.857746
47.227,0.008555,0.01338,0.857694
47.229,0.008555,0.01338,0.857693
47.231,0.008362,0.01338,0.857764
47.233,0.005369,0.01338,0.85777
47.235,0.005369,0.01338,0.857764
47.237,0.005369,0.01338,0.857778
47.239,0.002986,0.01338,0.85783
47.241,0.000726,0.01338,0.85788
47.243,0.000726,0.01338,0.857826
47.245,0.007835,0.01338,0.857887
47.247,0.007835,0.01338,0.857856
47.249,0.007835,0.01338,0.85777
47.251,0.007835,0.01338,0.857819
47.253,0.015807,0.01338,0.857707
47.255,0.000544,0.01338,0.857778
47.257,0.000544,0.01338,0.857833
47.259,0.012714,0.01338,0.857819
47.261,0.000976,0.01338,0.85784
47.263,0.00312,0.01338,0.857878
47.265,0.00312,0.01338,0.857879
47.268,0.00312,0.01338,0.857858
47.27,0.00312,0.01338,0.857854
47.272,0.00312,0.01338,0.857816
47.2739,0.00312,0.01338,0.857693
47.276,0.00312,0.01338,0.857828
47.278,0.008502,0.01338,0.857875
47.28,0.003561,0.01338,0.857807
47.2819,0.003561,0.01338,0.857798
47.284,0.003561,0.01338,0.857893
47.286,0.003561,0.01338,0.857871
47.288,0.012729,0.01338,0.857899
47.2899,0.000744,0.01338,0.857795
47.292,0.000744,0.01338,0.857836
47.294,0.000744,0.01338,0.857835
47.296,0.000744,0.01338,0.857778
47.2979,0.008357,0.01338,0.857848
47.3,0.007775,0.01338,0.857802
47.302,0.008069,0.01338,0.857946
47.304,0.008069,0.01338,0.857853
47.3059,0.008069,0.01338,0.857855
47.308,0.008069,0.01338,0.85775
47.31,0.005709,0.01338,0.857805
47.312,0.003022,0.01338,0.857814
47.3139,0.003022,0.01338,0.857894
47.316,0.003022,0.01338,0.85788
47.318,0.003022,0.01338,0.85784
47.32,0.003022,0.01338,0.857889
47.3219,0.008653,0.01338,0.857838
47.324,0.008187,0.01338,0.857798
47.326,0.008187,0.01338,0.857781
47.328,0.008187,0.01338,0.85788
47.3299,0.008187,0.01338,0.857915
47.332,0.005756,0.01338,0.857902
47.334,0.001029,0.01338,0.857901
47.3365,0.015642,0.01338,0.857789
47.3379,0.015642,0.01338,0.857761
47.3401,0.015642,0.01338,0.857798
47.342,0.010226,0.01338,0.857854
47.344,0.003173,0.01338,0.857905
47.3459,0.003173,0.01338,0.857893
47.3481,0.003173,0.01338,0.857816
47.3501,0.003173,0.01338,0.857891
47.3521,0.005958,0.01338,0.857829
47.3539,0.007878,0.01338,0.857887
47.3561,0.007878,0.01338,0.857807
47.3581,0.007878,0.01338,0.85786
47.3601,0.007878,0.01338,0.857855
47.3619,0.007878,0.01338,0.857813
47.3641,0.007878,0.01338,0.85794
47.3661,0.008182,0.01338,0.857859
47.3681,0.007852,0.01338,0.857805
47.3705,0.010392,0.01338,0.857845
47.3721,0.010392,0.01338,0.857875
47.3741,0.010392,0.01338,0.85786
47.3761,0.007712,0.01338,0.857843
47.3779,0.006505,0.01338,0.857858
47.3801,0.003281,0.01338,0.857792
47.3821,0.003281,0.01338,0.857832
47.3841,0.003281,0.01338,0.857813
47.3859,0.003281,0.01338,0.857853
47.3881,0.003281,0.01338,0.857919
47.3901,0.003716,0.01338,0.857816
47.3921,0.012526,0.01338,0.857887
47.3939,0.012526,0.01338,0.857913
47.3961,0.012526,0.01338,0.857819
47.3981,0.012526,0.01338,0.857854
47.4001,0.012526,0.01338,0.857767
47.4019,0.012526,0.01338,0.8578
47.4041,0.000791,0.01338,0.857883
47.4061,0.000791,0.01338,0.8579
47.4081,0.000791,0.01338,0.85786
47.4099,0.000791,0.01338,0.85781
47.4121,0.000791,0.01338,0.857816
47.4141,0.000791,0.01338,0.857774
47.4161,0.000837,0.01338,0.857814
47.4179,0.008117,0.01338,0.857792
47.4201,0.007925,0.01338,0.857876
47.4221,0.003101,0.01338,0.857859
47.4241,0.003101,0.01338,0.857826
47.4259,0.003101,0.01338,0.857938
47.4281,0.003101,0.01338,0.857839
47.4301,0.007991,0.01338,0.857886
47.4321,0.010302,0.01338,0.857817
47.4339,0.003223,0.01338,0.857797
47.4361,0.003223,0.01338,0.85788
47.4381,0.003074,0.01338,0.85788
47.4401,0.003074,0.01338,0.857879
47.4419,0.000929,0.01338,0.857809
47.4441,0.008435,0.01338,0.857923
47.4461,0.008435,0.01338,0.857873
47.4481,0.008435,0.01338,0.857818
47.4499,0.008435,0.01338,0.857775
47.4521,0.008435,0.01338,0.857874
47.4541,0.003288,0.01338,0.857874
47.4561,0.003288,0.01338,0.857898
47.4579,0.003288,0.01338,0.857838
47.4601,0.003105,0.01338,0.857784
47.4621,0.003485,0.01338,0.857931
47.4641,0.00589,0.01338,0.857903
47.4659,0.00589,0.01338,0.857853
47.4681,0.00589,0.01338,0.857906
47.4701,0.00589,0.01338,0.857839
47.4721,0.000516,0.01338,0.857889
47.4739,0.007877,0.01338,0.857906
47.4761,0.000662,0.01338,0.857941
47.4781,0.000662,0.01338,0.85791
47.4801,0.000662,0.01338,0.857819
47.4819,0.003067,0.01338,0.85783
47.4835,0.003067,0.01338,0.857885
47.4851,0.000795,0.01338,0.857909
47.4871,0.000795,0.01338,0.857793
47.4891,0.005849,0.01338,0.857947
47.4911,0.00531,0.01338,0.857789
47.4931,0.00531,0.01338,0.857877
47.4951,0.00531,0.01338,0.857799
47.4971,0.00531,0.01338,0.857854
47.4991,0.007899,0.01338,0.857891
47.5011,0.003077,0.01338,0.857816
47.5031,0.003077,0.01338,0.857912
47.5051,0.003077,0.01338,0.857854
47.5071,0.00322,0.01338,0.857849
47.5091,0.005658,0.01338,0.857875
47.5111,0.003632,0.01338,0.857905
47.5131,0.003632,0.01338,0.85785
47.5151,0.003632,0.01338,0.857811
47.5171,0.003632,0.01338,0.857906
47.5191,0.003343,0.01338,0.857803
47.5211,0.00809,0.01338,0.857844
47.5231,0.00809,0.01338,0.857897
47.5251,0.00809,0.01338,0.857852
47.5271,0.00809,0.01338,0.857865
47.5291,0.00809,0.01338,0.857856
47.5311,0.003043,0.01338,0.857864
47.5331,0.003038,0.01338,0.857864
47.5351,0.003038,0.01338,0.857802
47.5371,0.003038,0.01338,0.85785
47.5395,0.003038,0.01338,0.8578
47.5411,0.003038,0.01338,0.85784
47.5431,0.003204,0.01338,0.857907
47.5451,0.008319,0.01338,0.857811
47.5471,0.008128,0.01338,0.857797
47.5491,0.008128,0.01338,0.857826
47.5511,0.008128,0.01338,0.857889
47.5531,0.008128,0.01338,0.857797
47.5551,0.008128,0.01338,0.857893
47.5571,0.007822,0.01338,0.85786
47.5591,0.007903,0.01338,0.85789
47.5611,0.007903,0.01338,0.857876
47.5631,0.007903,0.01338,0.857805
47.5651,0.007903,0.01338,0.857876
47.5671,0.007903,0.01338,0.857819
47.5691,0.003266,0.01338,0.857831
47.5711,0.003272,0.01338,0.857837
47.5735,0.003272,0.01338,0.85792
47.5751,0.003272,0.01338,0.857815
47.5771,0.003272,0.01338,0.857918
47.5791,0.005945,0.01338,0.857826
47.5811,0.001307,0.01338,0.857887
47.5831,0.001307,0.01338,0.857844
47.5851,0.001307,0.01338,0.857866
47.5871,0.001307,0.01338,0.857901
47.5891,0.001373,0.01338,0.857825
47.5911,0.005845,0.01338,0.857807
47.5931,0.008746,0.01338,0.857887
47.5945,0.008454,0.01338,0.857874
47.5961,0.005469,0.01338,0.857892
47.5981,0.002498,0.01338,0.857824
47.6001,0.008174,0.01338,0.857823
47.6019,0.003224,0.01338,0.857811
47.6041,0.003224,0.01338,0.857796
47.6065,0.003224,0.01338,0.857907
47.6081,0.000862,0.01338,0.857845
47.6099,0.007644,0.01338,0.857896
47.6115,0.003563,0.01338,0.857835
47.6131,0.003563,0.01338,0.857821
47.6151,0.003563,0.01338,0.857785
47.6171,0.008307,0.01338,0.85794
47.6191,0.008307,0.01338,0.857816
47.6205,0.008259,0.01338,0.857848
47.6221,0.008042,0.01338,0.857837
47.6241,0.007878,0.01338,0.857875
47.6259,0.007878,0.01338,0.857819
47.6275,0.003219,0.01338,0.857841
47.6291,0.003219,0.01338,0.857839
47.6311,0.000296,0.01338,0.8578
47.6331,0.000296,0.01338,0.85786
47.6345,0.006771,0.01338,0.857839
47.6371,0.006771,0.01338,0.857828
47.6391,0.006771,0.01338,0.857847
47.6405,0.006771,0.01338,0.857869
47.6419,0.000789,0.01338,0.85779
47.6435,0.000789,0.01338,0.857855
47.6451,0.000789,0.01338,0.857848
47.6471,0.000789,0.01338,0.857762
47.6491,0.000789,0.01338,0.857839
47.6505,0.000789,0.01338,0.857837
47.6531,0.000789,0.01338,0.857904
47.6551,0.003208,0.01338,0.85791
47.6571,0.00559,0.01338,0.857904
47.6591,0.00559,0.01338,0.857818
47.6611,0.00559,0.01338,0.857755
47.6631,0.00559,0.01338,0.857928
47.6651,0.005702,0.01338,0.857901
47.6671,0.003291,0.01338,0.857835
47.6685,0.007839,0.01338,0.857863
47.6705,0.008447,0.01338,0.857883
47.6721,0.008447,0.01338,0.857829
47.6739,0.008629,0.01338,0.857867
47.6755,0.003488,0.01338,0.85788
47.6771,0.001102,0.01338,0.857876
47.6791,0.001102,0.01338,0.857803
47.6811,0.007765,0.01338,0.85788
47.6831,0.007765,0.01338,0.857795
47.6851,0.003653,0.01338,0.85791
47.6871,0.008141,0.01338,0.857827
47.6891,0.000811,0.01338,0.857881
47.6911,0.000811,0.01338,0.857802
47.6931,0.000811,0.01338,0.857865
47.6951,0.000811,0.01338,0.857847
47.6971,0.003197,0.01338,0.857828
47.6991,0.003197,0.01338,0.857857
47.7005,0.00022,0.01338,0.85788
47.7025,0.00022,0.01338,0.857853
47.7041,0.00022,0.01338,0.857908
47.7059,0.008421,0.01338,0.857823
47.7075,0.008421,0.01338,0.857856
47.7091,0.008421,0.01338,0.857818
47.7111,0.008051,0.01338,0.857919
47.7131,0.008051,0.01338,0.857883
47.7151,0.000991,0.01338,0.857828
47.7171,0.000991,0.01338,0.857822
47.7191,0.000991,0.01338,0.857831
47.7205,0.007844,0.01338,0.857857
47.7219,0.0148,0.01338,0.857867
47.7235,0.008024,0.01338,0.857859
47.7251,0.008024,0.01338,0.857872
47.7271,0.000815,0.01338,0.857839
47.7291,0.000815,0.01338,0.857862
47.7311,0.000815,0.01338,0.857735
47.7335,0.000815,0.01338,0.857879
47.7351,0.000815,0.01338,0.857891
47.7371,0.000815,0.01338,0.85782
47.7391,0.000815,0.01338,0.857805
47.7411,0.000815,0.01338,0.857928
47.7431,0.000815,0.01338,0.857896
47.7451,0.000815,0.01338,0.857907
47.7471,0.003082,0.01338,0.857872
47.7491,0.003135,0.01338,0.857797
47.7511,0.008237,0.01338,0.857776
47.7531,0.008178,0.01338,0.857845
47.7551,0.008178,0.01338,0.857798
47.7571,0.008178,0.01338,0.857918
47.7591,0.008178,0.01338,0.857857
47.7605,0.008178,0.01338,0.857864
47.7619,0.008178,0.01338,0.857794
47.7641,0.001793,0.01338,0.857957
47.7665,0.001793,0.01338,0.857919
47.7681,0.001044,0.01338,0.857891
47.7699,0.007485,0.01338,0.857827
47.7715,0.005936,0.01338,0.857835
47.7731,0.005936,0.01338,0.857832
47.7751,0.005936,0.01338,0.857903
47.7771,0.005936,0.01338,0.857839
47.7791,0.005936,0.01338,0.857844
47.7811,0.005286,0.01338,0.857882
47.7831,0.008078,0.01338,0.857838
47.7851,0.008024,0.01338,0.857876
47.7871,0.008024,0.01338,0.857937
47.7891,0.008024,0.01338,0.857854
47.7911,0.000823,0.01338,0.857925
47.7931,0.000823,0.01338,0.857913
47.7951,0.000823,0.01338,0.857843
47.7971,0.008474,0.01338,0.857888
47.7995,0.004546,0.01338,0.857876
47.8011,0.004546,0.01338,0.85783
47.8031,0.005774,0.01338,0.857822
47.8051,0.007495,0.01338,0.85779
47.8071,0.007495,0.01338,0.857814
47.8091,0.007495,0.01338,0.857862
47.8111,0.007495,0.01338,0.857802
47.8131,0.007495,0.01338,0.857931
47.8145,0.007495,0.01338,0.857865
47.8161,0.007495,0.01338,0.857848
47.8175,0.007495,0.01338,0.857863
47.8191,0.007495,0.01338,0.857785
47.8211,0.005897,0.01338,0.857888
47.8231,0.007996,0.01338,0.85784
47.8251,0.007996,0.01338,0.857795
47.8271,0.000984,0.01338,0.857838
47.8291,0.000984,0.01338,0.857924
47.8311,0.000984,0.01338,0.857847
47.8325,0.00822,0.01338,0.857875
47.834,0.00822,0.01338,0.857845
47.8355,0.00822,0.01338,0.857869
47.8371,0.005937,0.01338,0.857834
47.8391,0.00597,0.01338,0.857882
47.8411,0.000883,0.01338,0.857932
47.8431,0.000883,0.01338,0.857897
47.8451,0.000883,0.01338,0.857793
47.8471,0.000883,0.01338,0.857901
47.8491,0.000883,0.01338,0.857936
47.8505,0.008224,0.01338,0.857877
47.8521,0.008224,0.01338,0.857854
47.8541,0.008224,0.01338,0.857899
47.8555,0.007974,0.01338,0.857884
47.8571,0.007974,0.01338,0.85785
47.8591,0.008565,0.01338,0.857885
47.8611,0.008565,0.01338,0.857827
47.8631,0.000957,0.01338,0.857892
47.8651,0.008083,0.01338,0.857913
47.8671,0.008083,0.01338,0.857799
47.8691,0.008083,0.01338,0.857856
47.8705,0.008083,0.01338,0.857859
47.8721,0.008083,0.01338,0.857828
47.8735,0.003189,0.01338,0.857822
47.8761,0.008259,0.01338,0.857939
47.8781,0.008259,0.01338,0.857876
47.8801,0.008129,0.01338,0.857819
47.882,0.008129,0.01338,0.857854
47.8835,0.000882,0.01338,0.857851
47.8851,0.000882,0.01338,0.857931
47.8871,0.000882,0.01338,0.857811
47.8885,0.000882,0.01338,0.857858
47.89,0.000882,0.01338,0.857805
47.8921,0.000882,0.01338,0.857819
47.8941,0.000882,0.01338,0.857863
47.8961,0.000882,0.01338,0.857884
47.8975,0.007946,0.01338,0.857869
47.8991,0.007946,0.01338,0.857842
47.9011,0.007946,0.01338,0.857891
47.9031,0.007946,0.01338,0.857834
47.9046,0.008354,0.01338,0.857852
47.906,0.008354,0.01338,0.857857
47.9081,0.010873,0.01338,0.857822
47.9101,0.010873,0.01338,0.857857
47.9121,0.005939,0.01338,0.857952
47.914,0.008325,0.01338,0.857868
47.9155,0.008325,0.01338,0.857876
47.9171,0.008325,0.01338,0.857799
47.9191,0.008917,0.01338,0.857858
47.9211,0.008917,0.01338,0.857882
47.9236,0.008917,0.01338,0.857862
47.9251,0.008339,0.01338,0.857824
47.9271,0.001013,0.01338,0.857789
47.9291,0.003153,0.01338,0.857902
47.9311,0.00087,0.01338,0.857913
47.9331,0.006139,0.01338,0.857799
47.9351,0.006139,0.01338,0.857739
47.9371,0.006139,0.01338,0.857886
47.9391,0.008145,0.01338,0.857865
47.9411,0.005691,0.01338,0.857875
47.9431,0.008041,0.01338,0.85789
47.9451,0.008041,0.01338,0.857925
47.9471,0.003405,0.01338,0.857825
47.9491,0.003405,0.01338,0.857877
47.9506,0.008281,0.01338,0.857856
47.9521,0.008281,0.01338,0.85788
47.954,0.008281,0.01338,0.857784
47.9566,0.003125,0.01338,0.857811
47.9581,0.005828,0.01338,0.857871
47.9601,0.008703,0.01338,0.857853
47.962,0.000896,0.01338,0.857871
47.9636,0.000896,0.01338,0.857869
47.9651,0.005832,0.01338,0.857892
47.9671,0.005759,0.01338,0.857847
47.9691,0.003632,0.01338,0.857892
47.9711,0.003632,0.01338,0.857769
47.9731,0.003632,0.01338,0.857863
47.9746,0.003632,0.01338,0.85787
47.9761,0.003567,0.01338,0.857905
47.978,0.003567,0.01338,0.857867
47.9796,0.003567,0.01338,0.857887
47.9811,0.008115,0.01338,0.857874
47.9831,0.003375,0.01338,0.857926
47.9851,0.003375,0.01338,0.857868
47.9866,0.003375,0.01338,0.857873
47.9886,0.003674,0.01338,0.85788
47.9901,0.003674,0.01338,0.857869
47.9921,0.000986,0.01338,0.857905
47.994,0.000986,0.01338,0.857819
47.9956,0.00841,0.01338,0.857888
47.9971,0.00841,0.01338,0.857877
47.9992,0.00841,0.01338,0.857948
48.0012,0.00841,0.01338,0.857865
48.0032,0.00841,0.01338,0.857894
48.0052,0.008514,0.01338,0.8579
48.0072,0.008376,0.01338,0.857901
48.0092,0.008376,0.01338,0.857862
48.0112,0.008376,0.01338,0.857904
48.0132,0.008376,0.01338,0.857853
48.0152,0.008376,0.01338,0.857769
48.0172,0.005754,0.01338,0.857877
48.0192,0.005754,0.01338,0.857803
48.0216,0.008355,0.01338,0.857835
48.0232,0.008355,0.01338,0.857894
48.0252,0.008355,0.01338,0.857957
48.0272,0.008355,0.01338,0.857884
48.0292,0.00604,0.01338,0.857826
48.0312,0.007794,0.01338,0.857931
48.0332,0.007794,0.01338,0.857838
48.0352,0.008158,0.01338,0.857872
48.0372,0.008158,0.01338,0.857867
48.0392,0.00328,0.01338,0.85781
48.0412,0.00376,0.01338,0.857849
48.0432,0.000957,0.01338,0.85789
48.0452,0.000957,0.01338,0.857721
48.0472,0.000957,0.01338,0.857837
48.0492,0.000957,0.01338,0.85789
48.0512,0.000957,0.01338,0.85788
48.0532,0.003413,0.01338,0.857951
48.0556,0.008357,0.01338,0.857787
48.0572,0.008357,0.01338,0.857829
48.0592,0.007882,0.01338,0.857908
48.0612,0.007882,0.01338,0.857911
48.0632,0.008415,0.01338,0.85781
48.0652,0.008415,0.01338,0.857868
48.0672,0.00613,0.01338,0.857907
48.0692,0.00613,0.01338,0.857815
48.0712,0.005553,0.01338,0.857844
48.0732,0.008157,0.01338,0.857875
48.0752,0.008157,0.01338,0.857946
48.0772,0.008157,0.01338,0.857852
48.0792,0.008157,0.01338,0.857819
48.0812,0.008157,0.01338,0.857872
48.0832,0.008157,0.01338,0.857827
48.0852,0.003207,0.01338,0.857872
48.0872,0.003207,0.01338,0.857893
48.0896,0.003633,0.01338,0.857887
48.0912,0.003633,0.01338,0.857933
48.0932,0.003633,0.01338,0.857884
48.0952,0.00807,0.01338,0.857843
48.0972,0.005804,0.01338,0.857841
48.0992,0.000929,0.01338,0.857918
48.1012,0.000929,0.01338,0.857866
48.1032,0.000929,0.01338,0.857818
48.1052,0.001111,0.01338,0.85784
48.1072,0.001111,0.01338,0.857889
48.1092,0.001111,0.01338,0.85788
48.1112,0.001111,0.01338,0.857818
48.1132,0.001111,0.01338,0.857853
48.1152,0.001111,0.01338,0.857875
48.1172,0.007851,0.01338,0.857846
48.1192,0.007851,0.01338,0.857776
48.1212,0.007851,0.01338,0.857879
48.1232,0.007851,0.01338,0.857883
48.1252,0.008269,0.01338,0.857875
48.1272,0.008269,0.01338,0.8579
48.1292,0.008269,0.01338,0.857877
48.1312,0.008014,0.01338,0.857877
48.1332,0.005421,0.01338,0.857851
48.1352,0.005421,0.01338,0.857888
48.1372,0.005421,0.01338,0.857894
48.1392,0.005908,0.01338,0.857836
48.1412,0.001886,0.01338,0.857909
48.1432,0.008765,0.01338,0.857774
48.1452,0.008765,0.01338,0.857847
48.1472,0.008844,0.01338,0.857875
48.1492,0.008844,0.01338,0.857846
48.1512,0.003414,0.01338,0.857861
48.1532,0.003587,0.01338,0.857851
48.1552,0.003587,0.01338,0.85781
48.1572,0.000953,0.01338,0.857782
48.1592,0.000953,0.01338,0.857927
48.1612,0.005974,0.01338,0.857847
48.1632,0.005974,0.01338,0.857913
48.1652,0.005974,0.01338,0.857897
48.1672,0.001565,0.01338,0.857859
48.1692,0.013634,0.01338,0.857838
48.1712,0.013634,0.01338,0.857823
48.1732,0.000944,0.01338,0.857871
48.1752,0.000378,0.01338,0.857963
48.1772,0.008403,0.01338,0.857839
48.1792,0.008403,0.01338,0.857777
48.1812,0.000889,0.01338,0.857868
48.1832,0.000889,0.01338,0.857845
48.1852,0.001677,0.01338,0.857828
48.1872,0.001677,0.01338,0.857796
48.1892,0.001677,0.01338,0.857901
48.1916,0.001677,0.01338,0.857921
48.1932,0.001677,0.01338,0.857858
48.1952,0.001677,0.01338,0.857877
48.1972,0.008348,0.01338,0.857877
48.1992,0.008348,0.01338,0.857839
48.2012,0.008348,0.01338,0.857886
48.2032,0.00319,0.01338,0.8579
48.2052,0.009209,0.01338,0.85793
48.2072,0.009209,0.01338,0.857847
48.2092,0.009209,0.01338,0.857924
48.2112,0.008849,0.01338,0.857844
48.2132,0.003272,0.01338,0.857862
48.2152,0.00816,0.01338,0.85797
48.2172,0.00816,0.01338,0.857819
48.2192,0.003507,0.01338,0.857939
48.2212,0.003507,0.01338,0.857889
48.2232,0.00082,0.01338,0.85786
48.2256,0.005578,0.01338,0.85786
48.2272,0.003299,0.01338,0.857851
48.2292,0.003299,0.01338,0.857872
48.2312,0.003299,0.01338,0.85784
48.2332,0.003299,0.01338,0.857827
48.2352,0.003299,0.01338,0.857772
48.2372,0.008295,0.01338,0.85788
48.2392,0.003348,0.01338,0.857842
48.2412,0.000473,0.01338,0.857845
48.2432,0.00829,0.01338,0.857848
48.2452,0.003249,0.01338,0.857894
48.2472,0.008265,0.01338,0.8578
48.2492,0.008265,0.01338,0.857939
48.2512,0.011044,0.01338,0.857793
48.2532,0.003661,0.01338,0.857843
48.2552,0.003743,0.01338,0.857794
48.2572,0.003743,0.01338,0.857843
48.2592,0.007795,0.01338,0.857928
48.2616,0.007795,0.01338,0.857781
48.2632,0.007795,0.01338,0.857899
48.2652,0.008505,0.01338,0.857898
48.2672,0.008505,0.01338,0.857825
48.2692,0.008505,0.01338,0.857844
48.2712,0.008505,0.01338,0.857868
48.2732,0.008505,0.01338,0.857841
48.2752,0.008505,0.01338,0.85786
48.2772,0.008254,0.01338,0.857861
48.2792,0.003251,0.01338,0.857848
48.2812,0.003251,0.01338,0.857772
48.2832,0.008587,0.01338,0.857877
48.2852,0.008587,0.01338,0.857903
48.2872,0.008177,0.01338,0.857898
48.2892,0.003559,0.01338,0.857774
48.2912,0.003559,0.01338,0.857822
48.2932,0.003559,0.01338,0.857832
48.2956,0.003559,0.01338,0.857806
48.2972,0.003559,0.01338,0.85788
48.2992,0.003559,0.01338,0.857822
48.3012,0.008386,0.01338,0.857833
48.3032,0.008386,0.01338,0.857922
48.3052,0.008386,0.01338,0.857893
48.3072,0.001024,0.01338,0.857817
48.3092,0.008039,0.01338,0.85783
48.3112,0.008389,0.01338,0.85783
48.3132,0.003315,0.01338,0.857857
48.3152,0.003315,0.01338,0.857914
48.3172,0.003315,0.01338,0.857849
48.3192,0.003315,0.01338,0.857769
48.3212,0.000286,0.01338,0.857862
48.3232,0.000286,0.01338,0.857821
48.3252,0.008439,0.01338,0.857869
48.3272,0.008111,0.01338,0.857897
48.3296,0.003077,0.01338,0.857899
48.3312,0.003077,0.01338,0.857874
48.3322,0.003077,0.01338,0.857864
48.3342,0.007773,0.01338,0.857853
48.3362,0.007773,0.01338,0.857921
48.338,0.000714,0.01338,0.857854
48.3396,0.000714,0.01338,0.857808
48.3412,0.000714,0.01338,0.857919
48.3422,0.002336,0.01338,0.857852
48.3442,0.003292,0.01338,0.857885
48.346,0.003292,0.01338,0.857857
48.3482,0.003292,0.01338,0.857859
48.3502,0.003292,0.01338,0.857857
48.3522,0.003292,0.01338,0.857857
48.3536,0.007864,0.01338,0.857888
48.3552,0.007864,0.01338,0.85786
48.3572,0.007864,0.01338,0.857874
48.3596,0.000828,0.01338,0.85787
48.3612,0.00491,0.01338,0.85793
48.3632,0.00491,0.01338,0.857893
48.3652,0.00491,0.01338,0.857884
48.3672,0.00491,0.01338,0.85788
48.3692,0.003276,0.01338,0.85787
48.3712,0.003276,0.01338,0.857917
48.3726,0.003276,0.01338,0.857887
48.3742,0.003324,0.01338,0.857884
48.3762,0.008285,0.01338,0.857885
48.378,0.007901,0.01338,0.857862
48.3802,0.007901,0.01338,0.857866
48.3816,0.007832,0.01338,0.857839
48.3832,0.003351,0.01338,0.857891
48.3852,0.003351,0.01338,0.857922
48.3872,0.003186,0.01338,0.857946
48.3892,0.003186,0.01338,0.857882
48.3916,0.003186,0.01338,0.857886
48.3932,0.003614,0.01338,0.857879
48.3952,0.003614,0.01338,0.857898
48.3972,0.003614,0.01338,0.857855
48.3992,0.003614,0.01338,0.85792
48.4012,0.003614,0.01338,0.857948
48.4032,0.003614,0.01338,0.857839
48.4052,0.003465,0.01338,0.857886
48.4072,0.008403,0.01338,0.85782
48.4092,0.005531,0.01338,0.857786
48.4112,0.005531,0.01338,0.857842
48.4132,0.005531,0.01338,0.85784
48.4152,0.005531,0.01338,0.857833
48.4172,0.005531,0.01338,0.857811
48.4192,0.005428,0.01338,0.857885
48.4212,0.005428,0.01338,0.857851
48.4232,0.005428,0.01338,0.857823
48.4256,0.005428,0.01338,0.857837
48.4272,0.003074,0.01338,0.857899
48.4286,0.003074,0.01338,0.857911
48.4302,0.003074,0.01338,0.857823
48.4322,0.003074,0.01338,0.857835
48.4341,0.003074,0.01338,0.857946
48.4362,0.009713,0.01338,0.857939
48.4382,0.003774,0.01338,0.857799
48.4402,0.008032,0.01338,0.857843
48.4421,0.008032,0.01338,0.857834
48.4442,0.008032,0.01338,0.857822
48.4462,0.008032,0.01338,0.85788
48.4482,0.008032,0.01338,0.857812
48.4501,0.008032,0.01338,0.857793
48.4522,0.000817,0.01338,0.857934
48.4542,0.007847,0.01338,0.857939
48.4556,0.002901,0.01338,0.857901
48.4576,0.008219,0.01338,0.857876
48.4592,0.005314,0.01338,0.857903
48.4606,0.005314,0.01338,0.857872
48.4622,0.005314,0.01338,0.85788
48.4642,0.005314,0.01338,0.857809
48.4661,0.008272,0.01338,0.857799
48.4676,0.008272,0.01338,0.857797
48.4692,0.008272,0.01338,0.85788
48.4712,0.003054,0.01338,0.857887
48.4732,0.005856,0.01338,0.857794
48.4752,0.005856,0.01338,0.857861
48.4772,0.001223,0.01338,0.857901
48.4792,0.001223,0.01338,0.857864
48.4806,0.005858,0.01338,0.857856
48.4821,0.007847,0.01338,0.857931
48.4842,0.006739,0.01338,0.857906
48.4856,0.003518,0.01338,0.857765
48.4876,0.010493,0.01338,0.85783
48.4892,0.010447,0.01338,0.857962
48.4906,0.005594,0.01338,0.857871
48.4922,0.005594,0.01338,0.857854
48.4936,0.005594,0.01338,0.857873
48.4952,0.005594,0.01338,0.857801
48.4966,0.005594,0.01338,0.857907
48.4981,0.008046,0.01338,0.857929
48.5002,0.008046,0.01338,0.857846
48.5016,0.003015,0.01338,0.857879
48.5032,0.008539,0.01338,0.857897
48.5046,0.007943,0.01338,0.857855
48.5061,0.007958,0.01338,0.857831
48.5082,0.008002,0.01338,0.85786
48.5096,0.006172,0.01338,0.85783
48.5112,0.003151,0.01338,0.857814
48.5126,0.003151,0.01338,0.857895
48.5142,0.003151,0.01338,0.857951
48.5162,0.003173,0.01338,0.857811
48.5176,0.008088,0.01338,0.857835
48.5192,0.008088,0.01338,0.857839
48.5206,0.000343,0.01338,0.857918
48.5221,0.000343,0.01338,0.857875
48.5242,0.008367,0.01338,0.857839
48.5256,0.00316,0.01338,0.857809
48.5272,0.00316,0.01338,0.857825
48.5286,0.00316,0.01338,0.857848
48.5301,0.00316,0.01338,0.857843
48.5322,0.00316,0.01338,0.857848
48.5336,0.00316,0.01338,0.857814
48.5352,0.00316,0.01338,0.857863
48.5372,0.00316,0.01338,0.857921
48.5392,0.00316,0.01338,0.857866
48.5412,0.002895,0.01338,0.857839
48.5436,0.002895,0.01338,0.857839
48.5452,0.002895,0.01338,0.857778
48.5472,0.005508,0.01338,0.857858
48.5492,0.005508,0.01338,0.857889
48.5512,0.005508,0.01338,0.857813
48.5532,0.012386,0.01338,0.857853
48.5546,0.002955,0.01338,0.857861
48.5562,0.000736,0.01338,0.857821
48.5582,0.010709,0.01338,0.857917
48.5596,0.003145,0.01338,0.857878
48.5612,0.003145,0.01338,0.857841
48.5632,0.003145,0.01338,0.857868
48.5652,0.013412,0.01338,0.857814
48.5672,0.005245,0.01338,0.857901
48.5692,0.005245,0.01338,0.8578
48.5712,0.008514,0.01338,0.857929
48.5726,0.000272,0.01338,0.857883
48.5749,0.000272,0.01338,0.857853
48.5767,0.000272,0.01338,0.857754
48.5787,0.007819,0.01338,0.857866
48.5813,0.005996,0.01338,0.857866
48.5832,0.005996,0.01338,0.85788
48.5853,0.005996,0.01338,0.857798
48.5873,0.007841,0.01338,0.857888
48.5892,0.007841,0.01338,0.857846
48.5913,0.000962,0.01338,0.857873
48.5932,0.000962,0.01338,0.857885
48.5952,0.001058,0.01338,0.857839
48.5972,0.001058,0.01338,0.857837
48.5992,0.001058,0.01338,0.857814
48.6012,0.002935,0.01338,0.85789
48.6027,0.000967,0.01338,0.857847
48.6042,0.000967,0.01338,0.857834
48.6057,0.000967,0.01338,0.857872
48.6077,0.000749,0.01338,0.857819
48.6092,0.000749,0.01338,0.857907
48.6112,0.000749,0.01338,0.857857
48.6127,0.000749,0.01338,0.85785
48.6142,0.000749,0.01338,0.857914
48.6162,0.000749,0.01338,0.857884
48.6181,0.003434,0.01338,0.857926
48.6197,0.003434,0.01338,0.857906
48.6212,0.008079,0.01338,0.857926
48.6232,0.008079,0.01338,0.857842
48.6252,0.007764,0.01338,0.857953
48.6272,0.001676,0.01338,0.85784
48.6292,0.001676,0.01338,0.857785
48.6312,0.000746,0.01338,0.857826
48.6332,0.000746,0.01338,0.857922
48.6352,0.000746,0.01338,0.857813
48.6372,0.008239,0.01338,0.857802
48.6397,0.007647,0.01338,0.857877
48.6412,0.00823,0.01338,0.857832
48.6432,0.002987,0.01338,0.857864
48.6447,0.002987,0.01338,0.857866
48.6462,0.003117,0.01338,0.857903
48.6477,0.010477,0.01338,0.857896
48.6492,0.010477,0.01338,0.857834
48.6512,0.000899,0.01338,0.857838
48.6532,0.000899,0.01338,0.857855
48.6552,0.000899,0.01338,0.85788
48.6572,0.000899,0.01338,0.857861
48.6592,0.003244,0.01338,0.857841
48.6612,0.005527,0.01338,0.857813
48.6632,0.007996,0.01338,0.857859
48.6652,0.007955,0.01338,0.857861
48.6673,0.007955,0.01338,0.857805
48.6693,0.007955,0.01338,0.857936
48.6717,0.007955,0.01338,0.857797
48.6733,0.008562,0.01338,0.85786
48.6753,0.00824,0.01338,0.857832
48.6773,0.00824,0.01338,0.857876
48.6793,0.00824,0.01338,0.857858
48.6813,0.005558,0.01338,0.85788
48.6827,0.007927,0.01338,0.857866
48.6842,0.003272,0.01338,0.857885
48.6863,0.00392,0.01338,0.857809
48.6883,0.00392,0.01338,0.857857
48.6901,0.00392,0.01338,0.857903
48.6923,0.00392,0.01338,0.857923
48.6937,0.00392,0.01338,0.857874
48.6953,0.00392,0.01338,0.857847
48.6967,0.00392,0.01338,0.85788
48.6981,0.00392,0.01338,0.857895
48.6997,0.008541,0.01338,0.857835
48.7013,0.00289,0.01338,0.857879
48.7037,0.00289,0.01338,0.857953
48.7053,0.00778,0.01338,0.85782
48.7073,0.00778,0.01338,0.857878
48.7093,0.00778,0.01338,0.857879
48.7113,0.005281,0.01338,0.857791
48.7133,0.005281,0.01338,0.857821
48.7153,0.005281,0.01338,0.857793
48.7173,0.007952,0.01338,0.857861
48.7193,0.007952,0.01338,0.857914
48.7213,0.007952,0.01338,0.857868
48.7227,0.003475,0.01338,0.857847
48.7253,0.005936,0.01338,0.85784
48.7273,0.005936,0.01338,0.857822
48.7293,0.005936,0.01338,0.857892
48.7313,0.000375,0.01338,0.857863
48.7333,0.007911,0.01338,0.857871
48.7353,0.007907,0.01338,0.857869
48.7377,0.008402,0.01338,0.85787
48.7393,0.005464,0.01338,0.857874
48.7413,0.005464,0.01338,0.857834
48.7433,0.005464,0.01338,0.857821
48.7453,0.008415,0.01338,0.8578
48.7473,0.008415,0.01338,0.857857
48.7493,0.008415,0.01338,0.857829
48.7513,0.008415,0.01338,0.857823
48.7533,0.008415,0.01338,0.857819
48.7553,0.008415,0.01338,0.857819
48.7567,0.008415,0.01338,0.857848
48.7583,0.008415,0.01338,0.857901
48.7603,0.007844,0.01338,0.857817
48.7621,0.007844,0.01338,0.857908
48.7637,0.007844,0.01338,0.857871
48.7653,0.008404,0.01338,0.857956
48.7673,0.008404,0.01338,0.857907
48.7697,0.008404,0.01338,0.857929
48.7717,0.008404,0.01338,0.857895
48.7733,0.007893,0.01338,0.857848
48.7753,0.007893,0.01338,0.857922
48.7773,0.007893,0.01338,0.857874
48.7793,0.010046,0.01338,0.857845
48.7813,0.003217,0.01338,0.857917
48.7833,0.008081,0.01338,0.857832
48.7853,0.007996,0.01338,0.857877
48.7873,0.007996,0.01338,0.857943
48.7887,0.007996,0.01338,0.857873
48.7907,0.007996,0.01338,0.857834
48.7923,0.007996,0.01338,0.857845
48.7941,0.007996,0.01338,0.85781
48.7957,0.003277,0.01338,0.857912
48.7973,0.003277,0.01338,0.857775
48.7993,0.003277,0.01338,0.857841
48.8017,0.003277,0.01338,0.857882
48.8033,0.001727,0.01338,0.857864
48.8053,0.001727,0.01338,0.857781
48.8073,0.001727,0.01338,0.857914
48.8093,0.005257,0.01338,0.857843
48.8113,0.005257,0.01338,0.857855
48.8133,0.005257,0.01338,0.857907
48.8153,0.005257,0.01338,0.857839
48.8173,0.005257,0.01338,0.857905
48.8193,0.005257,0.01338,0.857896
48.8213,0.007982,0.01338,0.857899
48.8233,0.003167,0.01338,0.857784
48.8253,0.003167,0.01338,0.857908
48.8273,0.00792,0.01338,0.85781
48.8293,0.00792,0.01338,0.857905
48.8313,0.007993,0.01338,0.857852
48.8333,0.000767,0.01338,0.857778
48.8357,0.008001,0.01338,0.857877
48.8373,0.008001,0.01338,0.857858
48.8393,0.000751,0.01338,0.857873
48.8413,0.005817,0.01338,0.857828
48.8433,0.000773,0.01338,0.85789
48.8453,0.000773,0.01338,0.857886
48.8473,0.000557,0.01338,0.857886
48.8493,0.005888,0.01338,0.857936
48.8513,0.005888,0.01338,0.85784
48.8533,0.005888,0.01338,0.857838
48.8553,0.005888,0.01338,0.857811
48.8573,0.005888,0.01338,0.857834
48.8593,0.007944,0.01338,0.857873
48.8613,0.008638,0.01338,0.857928
48.8633,0.005777,0.01338,0.857811
48.8653,0.005777,0.01338,0.857816
48.8673,0.008036,0.01338,0.857878
48.8697,0.008036,0.01338,0.857837
48.8717,0.003131,0.01338,0.857889
48.8733,0.001768,0.01338,0.857906
48.8753,0.001768,0.01338,0.857891
48.8773,0.001768,0.01338,0.857881
48.8793,0.001768,0.01338,0.85786
48.8813,0.001768,0.01338,0.857818
48.8833,0.001768,0.01338,0.857877
48.8853,0.004294,0.01338,0.857846
48.8873,0.000826,0.01338,0.857886
48.8893,0.000826,0.01338,0.857856
48.8913,0.012725,0.01338,0.857922
48.8933,0.003482,0.01338,0.857824
48.8953,0.012997,0.01338,0.857889
48.8973,0.012997,0.01338,0.857839
48.8993,0.012997,0.01338,0.857842
48.9013,0.012997,0.01338,0.857811
48.9037,0.012997,0.01338,0.85785
48.9053,0.012733,0.01338,0.857872
48.9073,0.012733,0.01338,0.857852
48.9093,0.012733,0.01338,0.857846
48.9113,0.000404,0.01338,0.857819
48.9133,0.003256,0.01338,0.857856
48.9153,0.003256,0.01338,0.857806
48.9173,0.003256,0.01338,0.857884
48.9193,0.003256,0.01338,0.857819
48.9213,0.008225,0.01338,0.857943
48.9233,0.008225,0.01338,0.857938
48.9253,0.008225,0.01338,0.857902
48.9273,0.000944,0.01338,0.857901
48.9293,0.002832,0.01338,0.857881
48.9313,0.002832,0.01338,0.857822
48.9333,0.002832,0.01338,0.857821
48.9353,0.002832,0.01338,0.85788
48.9377,0.002832,0.01338,0.857823
48.9393,0.008102,0.01338,0.857919
48.9413,0.008102,0.01338,0.857869
48.9433,0.008102,0.01338,0.857868
48.9453,0.003158,0.01338,0.857843
48.9473,0.003158,0.01338,0.857844
48.9493,0.003158,0.01338,0.857855
48.9513,0.003158,0.01338,0.857805
48.9533,0.008248,0.01338,0.857847
48.9553,0.002321,0.01338,0.857865
48.9573,0.002321,0.01338,0.857821
48.9593,0.002321,0.01338,0.857841
48.9613,0.002321,0.01338,0.8579
48.9633,0.002829,0.01338,0.85783
48.9653,0.00579,0.01338,0.857851
48.9673,0.00579,0.01338,0.857818
48.9693,0.00579,0.01338,0.85786
48.9723,0.00579,0.01338,0.85786
48.9743,0.00579,0.01338,0.85786
48.9763,0.00579,0.01338,0.857842
48.9781,0.00579,0.01338,0.857829
48.9803,0.012866,0.01338,0.857904
48.9823,0.004989,0.01338,0.857898
48.9843,0.004989,0.01338,0.857885
48.9861,0.004989,0.01338,0.857867
48.9877,0.004989,0.01338,0.857839
48.9897,0.003307,0.01338,0.857871
48.9917,0.003307,0.01338,0.857846
48.9933,0.003307,0.01338,0.857832
48.9953,0.003307,0.01338,0.857888
48.9973,0.00353,0.01338,0.85783
48.9993,0.000875,0.01338,0.857878
49.0013,0.000875,0.01338,0.857845
49.0033,0.010594,0.01338,0.857871
49.0057,0.010594,0.01338,0.857843
49.0073,0.007997,0.01338,0.857869
49.0093,0.000839,0.01338,0.857926
49.0113,0.000839,0.01338,0.85784
49.0133,0.000839,0.01338,0.857839
49.0153,0.000632,0.01338,0.857936
49.0173,0.000881,0.01338,0.857877
49.0193,0.000881,0.01338,0.857886
49.0213,0.000612,0.01338,0.857917
49.0233,0.000612,0.01338,0.857861
49.0253,0.002962,0.01338,0.857861
49.0273,0.008155,0.01338,0.857853
49.0293,0.007598,0.01338,0.857835
49.0313,0.005807,0.01338,0.857917
49.0333,0.008075,0.01338,0.857837
49.0353,0.008075,0.01338,0.857864
49.0373,0.008075,0.01338,0.85787
49.0397,0.008075,0.01338,0.857862
49.0413,0.008075,0.01338,0.857849
49.0433,0.008075,0.01338,0.857856
49.0453,0.008075,0.01338,0.857839
49.0473,0.008075,0.01338,0.857862
49.0493,0.008075,0.01338,0.857872
49.0513,0.008075,0.01338,0.857902
49.0533,0.003095,0.01338,0.857812
49.0553,0.003095,0.01338,0.857862
49.0573,0.003095,0.01338,0.857816
49.0593,0.003095,0.01338,0.857861
49.0613,0.008123,0.01338,0.857837
49.0633,0.008123,0.01338,0.85786
49.0653,0.008123,0.01338,0.857852
49.0673,0.007983,0.01338,0.857926
49.0693,0.007764,0.01338,0.857883
49.0713,0.007764,0.01338,0.857829
49.0737,0.007764,0.01338,0.857786
49.0757,0.012426,0.01338,0.85784
49.0773,0.001313,0.01338,0.857844
49.0793,0.008127,0.01338,0.857901
49.0813,0.008127,0.01338,0.857859
49.0833,0.008127,0.01338,0.857873
49.0853,0.008127,0.01338,0.857889
49.0873,0.008127,0.01338,0.857947
49.0893,0.008163,0.01338,0.857821
49.0913,0.008163,0.01338,0.857843
49.0933,0.008163,0.01338,0.857863
49.0953,0.008163,0.01338,0.857874
49.0973,0.008163,0.01338,0.857836
49.0993,0.003146,0.01338,0.857916
49.1013,0.003146,0.01338,0.85788
49.1033,0.008602,0.01338,0.857763
49.1047,0.008602,0.01338,0.857846
49.1073,0.007983,0.01338,0.857863
49.1093,0.007983,0.01338,0.85782
49.1113,0.003119,0.01338,0.857918
49.1133,0.012924,0.01338,0.85795
49.1147,0.012924,0.01338,0.857854
49.1167,0.002782,0.01338,0.857833
49.1183,0.007845,0.01338,0.857851
49.1203,0.007845,0.01338,0.857891
49.1222,0.007845,0.01338,0.857788
49.1243,0.007845,0.01338,0.857908
49.1263,0.007845,0.01338,0.85788
49.1283,0.008151,0.01338,0.857849
49.1302,0.008151,0.01338,0.857864
49.1317,0.008151,0.01338,0.857878
49.1333,0.008298,0.01338,0.857859
49.1353,0.008298,0.01338,0.857917
49.1367,0.008298,0.01338,0.857873
49.1393,0.008298,0.01338,0.857845
49.1413,0.003518,0.01338,0.857858
49.1433,0.005622,0.01338,0.857839
49.1453,0.005622,0.01338,0.857896
49.1473,0.002929,0.01338,0.857813
49.1493,0.002929,0.01338,0.857836
49.1513,0.002929,0.01338,0.857927
49.1533,0.000711,0.01338,0.857885
49.1553,0.000711,0.01338,0.85786
49.1573,0.000711,0.01338,0.857901
49.1593,0.000711,0.01338,0.857899
49.1613,0.000711,0.01338,0.857944
49.1633,0.000711,0.01338,0.85786
49.1647,0.00041,0.01338,0.857913
49.1667,0.000757,0.01338,0.85788
49.1683,0.000757,0.01338,0.857883
49.1697,0.000757,0.01338,0.857897
49.1723,0.000757,0.01338,0.857837
49.1743,0.000757,0.01338,0.857822
49.1763,0.000757,0.01338,0.857764
49.1782,0.000757,0.01338,0.857896
49.1797,0.003118,0.01338,0.857863
49.1813,0.003118,0.01338,0.857879
49.1833,0.003118,0.01338,0.857811
49.1853,0.003118,0.01338,0.857832
49.1873,0.007567,0.01338,0.85788
49.1893,0.0082,0.01338,0.857854
49.1907,0.0082,0.01338,0.857862
49.1927,0.007983,0.01338,0.857871
49.1947,0.002313,0.01338,0.857842
49.1967,0.002313,0.01338,0.857823
49.1987,0.002313,0.01338,0.85785
49.2007,0.003272,0.01338,0.857823
49.2027,0.008452,0.01338,0.857819
49.2053,0.008452,0.01338,0.857818
49.2073,0.007903,0.01338,0.857813
49.2093,0.007992,0.01338,0.857898
49.2113,0.007992,0.01338,0.857851
49.2133,0.007992,0.01338,0.857826
49.2153,0.007992,0.01338,0.857781
49.2173,0.007992,0.01338,0.857777
49.2193,0.007992,0.01338,0.857882
49.2213,0.007992,0.01338,0.857823
49.2233,0.007992,0.01338,0.857905
49.2253,0.002913,0.01338,0.857793
49.2268,0.002913,0.01338,0.857854
49.2283,0.002913,0.01338,0.857911
49.2303,0.002913,0.01338,0.857783
49.2323,0.012835,0.01338,0.857841
49.2342,0.012835,0.01338,0.857871
49.2363,0.012835,0.01338,0.857892
49.2387,0.012835,0.01338,0.857812
49.2406,0.000678,0.01338,0.857898
49.2422,0.000638,0.01338,0.857887
49.2444,0.000638,0.01338,0.857809
49.2458,0.003111,0.01338,0.857839
49.2478,0.010002,0.01338,0.85793
49.2498,0.005409,0.01338,0.858022
49.2518,0.005409,0.01338,0.8579
49.2533,0.005409,0.01338,0.858057
49.2553,0.005194,0.01338,0.858107
49.2573,0.005194,0.01338,0.858143
49.2588,0.002673,0.01338,0.858248
49.2603,0.002673,0.01338,0.85832
49.2618,0.002673,0.01338,0.858292
49.2633,0.002263,0.01338,0.858458
49.2648,0.002263,0.01338,0.858437
49.2662,0.00116,0.01338,0.858445
49.2688,0.00116,0.01338,0.858512
49.2703,0.00116,0.01338,0.858571
49.2718,0.00116,0.01338,0.858664
49.2733,0.00116,0.01338,0.858539
49.2748,0.001682,0.01338,0.858588
49.2763,0.001682,0.01338,0.858544
49.2778,0.001988,0.01338,0.858561
49.2793,0.001988,0.01338,0.858498
49.2808,0.002845,0.01338,0.858468
49.2822,0.002845,0.01338,0.858413
49.2843,0.002845,0.01338,0.858411
49.2858,0.007582,0.01338,0.858291
49.2873,0.007582,0.01338,0.858311
49.2888,0.007715,0.01338,0.858352
49.2902,0.00306,0.01338,0.858274
49.2918,0.009651,0.01338,0.858186
49.2933,0.00306,0.01338,0.858249
49.2958,0.00306,0.01338,0.858214
49.2973,0.01358,0.01338,0.858248
49.2988,0.003355,0.01338,0.858313
49.3013,0.003355,0.01338,0.858218
49.3028,0.003024,0.01338,0.858246
49.3043,0.003024,0.01338,0.858333
49.3058,0.006597,0.01338,0.858321
49.3078,0.006597,0.01338,0.858387
49.3093,0.000463,0.01338,0.858376
49.3108,0.001613,0.01338,0.858404
49.3123,0.001613,0.01338,0.858445
49.3142,0.006133,0.01338,0.858474
49.3163,0.006133,0.01338,0.858512
49.3183,0.000227,0.01338,0.858599
49.3203,0.000227,0.01338,0.85864
49.3222,0.000227,0.01338,0.85874
49.3238,0.000227,0.01338,0.858817
49.3253,0.000227,0.01338,0.858881
49.3278,0.00491,0.01338,0.858982
49.3293,0.001807,0.01338,0.859072
49.3313,0.005405,0.01338,0.859196
49.3333,0.005319,0.01338,0.859358
49.3353,0.012087,0.01338,0.859444
49.3374,0.003635,0.01338,0.859692
49.3388,0.001497,0.01338,0.859901
49.3408,0.002458,0.01338,0.860014
49.3424,0.002422,0.01338,0.860315
49.3444,0.002422,0.01338,0.860392
49.3462,0.002836,0.01338,0.860679
49.3484,0.002836,0.01338,0.860986
49.3504,0.002836,0.01338,0.861241
49.3524,0.002836,0.01338,0.861427
49.3542,0.004387,0.01338,0.861678
49.3558,0.004387,0.01338,0.861825
49.3574,0.004387,0.01338,0.861937
49.3598,0.002343,0.01338,0.862105
49.3614,0.002343,0.01338,0.862253
49.3634,0.002343,0.01338,0.862312
49.3654,0.002343,0.01338,0.862385
49.3674,0.002343,0.01338,0.862473
49.3694,0.002343,0.01338,0.862487
49.3714,0.002343,0.01338,0.86247
49.3734,0.002343,0.01338,0.862605
49.3748,0.002343,0.01338,0.862547
49.3764,0.003888,0.01338,0.862638
49.3782,0.003888,0.01338,0.86258
49.3804,0.003888,0.01338,0.86246
49.3818,0.003888,0.01338,0.86247
49.3834,0.00952,0.01338,0.862303
49.3854,0.006235,0.01338,0.862234
49.3874,0.006235,0.01338,0.862247
49.3894,0.006235,0.01338,0.862165
49.3918,0.001538,0.01338,0.862179
49.3934,0.00187,0.01338,0.862148
49.3948,0.003021,0.01338,0.862071
49.3964,0.003726,0.01338,0.862153
49.3984,0.015997,0.01338,0.862164
49.4004,0.002951,0.01338,0.862267
49.4022,0.002951,0.01338,0.862286
49.4038,0.002951,0.01338,0.862217
49.4054,0.001449,0.01338,0.862204
49.4068,0.001449,0.01338,0.862228
49.4084,0.003511,0.01338,0.862267
49.4102,0.003511,0.01338,0.8623
49.4124,0.003511,0.01338,0.86221
49.4144,0.002795,0.01338,0.862224
49.4164,0.002795,0.01338,0.862261
49.4182,0.002795,0.01338,0.862175
49.4198,0.005887,0.01338,0.862151
49.4218,0.005887,0.01338,0.862265
49.4234,0.005887,0.01338,0.862164
49.4254,0.005887,0.01338,0.862212
49.4274,0.005887,0.01338,0.862257
49.4288,0.001604,0.01338,0.862234
49.4304,0.005829,0.01338,0.862271
49.4324,0.005829,0.01338,0.862424
49.4342,0.001896,0.01338,0.86245
49.4358,0.001896,0.01338,0.862532
49.4378,0.001896,0.01338,0.862621
49.4394,0.002309,0.01338,0.862687
49.4414,0.010255,0.01338,0.862839
49.4434,0.009871,0.01338,0.862977
49.4454,0.009871,0.01338,0.863172
49.4474,0.008986,0.01338,0.863413
49.4494,0.012459,0.01338,0.863748
49.4514,0.012459,0.01338,0.863928
49.4538,0.012459,0.01338,0.864343
49.4554,0.01472,0.01338,0.864709
49.4574,0.030652,0.01338,0.865077
49.4588,0.030652,0.01338,0.865511
49.4608,0.030652,0.01338,0.865815
49.4628,0.0089,0.01338,0.866127
49.4644,0.0089,0.01338,0.866549
49.4662,0.0089,0.01338,0.866951
49.4678,0.0089,0.01338,0.86735
49.4698,0.0089,0.01338,0.867585
49.4714,0.0089,0.01338,0.867958
49.4734,0.0089,0.01338,0.868221
49.4748,0.012741,0.01338,0.868545
49.4764,0.008899,0.01338,0.868908
49.4784,0.008899,0.01338,0.869175
49.4804,0.020842,0.01338,0.869471
49.4822,0.009723,0.01338,0.869882
49.4838,0.007768,0.01338,0.870269
49.4864,0.007768,0.01338,0.870489
49.4884,0.012388,0.01338,0.870978
49.4902,0.015349,0.01338,0.871253
49.4924,0.004983,0.01338,0.871655
49.4944,0.004983,0.01338,0.872026
49.4964,0.006917,0.01338,0.872373
49.4982,0.006917,0.01338,0.872684
49.4998,0.006917,0.01338,0.87297
49.5018,0.006917,0.01338,0.873165
49.5034,0.009276,0.01338,0.873526
49.5054,0.006614,0.01338,0.87366
49.5068,0.027848,0.01338,0.873898
49.5084,0.00831,0.01338,0.874168
49.5104,0.00831,0.01338,0.87434
49.5124,0.004598,0.01338,0.874588
49.5142,0.008014,0.01338,0.874824
49.5158,0.008014,0.01338,0.874998
49.5178,0.012354,0.01338,0.87523
49.5194,0.012354,0.01338,0.875544
49.5214,0.036838,0.01338,0.875862
49.5234,0.008753,0.01338,0.876238
49.5254,0.008753,0.01338,0.876618
49.5274,0.004714,0.01338,0.876956
49.5294,0.041685,0.01338,0.877519
49.5314,0.009219,0.01338,0.877987
49.5334,0.009219,0.01338,0.878467
49.5354,0.043323,0.01338,0.878947
49.5374,0.043323,0.01338,0.879575
49.5394,0.043323,0.01338,0.88002
49.5414,0.016845,0.01338,0.880617
49.5434,0.004796,0.01338,0.881024
49.5454,0.004796,0.01338,0.881531
49.5474,0.009343,0.01338,0.882046
49.5494,0.001987,0.01338,0.882474
49.5514,0.001987,0.01338,0.883035
49.5538,0.008946,0.01338,0.883645
49.5558,0.008946,0.01338,0.884142
49.5578,0.008946,0.01338,0.884643
49.5598,0.004052,0.01338,0.885244
49.5614,0.014235,0.01338,0.885672
49.5634,0.003885,0.01338,0.886118
49.5654,0.003885,0.01338,0.886614
49.5674,0.012147,0.01338,0.887137
49.5694,0.012147,0.01338,0.887544
49.5714,0.012147,0.01338,0.888071
49.5734,0.013551,0.01338,0.888601
49.5754,0.013551,0.01338,0.889173
49.5774,0.013551,0.01338,0.8897
49.5794,0.013551,0.01338,0.890218
49.5814,0.007863,0.01338,0.890844
49.5834,0.007863,0.01338,0.891356
49.5854,0.007863,0.01338,0.891963
49.5884,0.0043,0.01338,0.892428
49.5904,0.004434,0.01338,0.893264
49.5924,0.001262,0.01338,0.893749
49.5942,0.001262,0.01338,0.894318
49.5958,0.002918,0.01338,0.894925
49.5978,0.002918,0.01338,0.895258
49.5994,0.002918,0.01338,0.895856
49.6014,0.002918,0.01338,0.896289
49.6034,0.002918,0.01338,0.89685
49.6054,0.002918,0.01338,0.897305
49.6074,0.002918,0.01338,0.897827
49.6094,0.002918,0.01338,0.898385
49.6114,0.003477,0.01338,0.898948
49.6134,0.003477,0.01338,0.899462
49.6154,0.003477,0.01338,0.899973
49.6174,0.000214,0.01338,0.900559
49.6194,0.001028,0.01338,0.901069
49.6218,0.001028,0.01338,0.901639
49.6238,0.001028,0.01338,0.902421
49.6258,0.022488,0.01338,0.902961
49.6278,0.022488,0.01338,0.903583
49.6294,0.008237,0.01338,0.904208
49.6314,0.008237,0.01338,0.904586
49.6334,0.008237,0.01338,0.905222
49.6354,0.008237,0.01338,0.905734
49.6374,0.017319,0.01338,0.906206
49.6394,0.017319,0.01338,0.906894
49.6414,0.017319,0.01338,0.907524
49.6434,0.017319,0.01338,0.90809
49.6454,0.010595,0.01338,0.908725
49.6474,0.010595,0.01338,0.909284
49.6494,0.010595,0.01338,0.909919
49.6514,0.010595,0.01338,0.910468
49.6534,0.024351,0.01338,0.910976
49.6554,0.00043,0.01338,0.911584
49.6574,0.00043,0.01338,0.912076
49.6594,0.037412,0.01338,0.912742
49.6614,0.004983,0.01338,0.913232
49.6634,0.022871,0.01338,0.913831
49.6654,0.009773,0.01338,0.914464
49.6674,0.003744,0.01338,0.914983
49.6694,0.003744,0.01338,0.915622
49.6714,0.003744,0.01338,0.916215
49.6734,0.045434,0.01338,0.916693
49.6754,0.045434,0.01338,0.917255
49.6774,0.045434,0.01338,0.917867
49.6794,0.045434,0.01338,0.918262
49.6814,0.008256,0.01338,0.918839
49.6834,0.028408,0.01338,0.91939
49.6854,0.014386,0.01338,0.920039
49.6874,0.014386,0.01338,0.920584
49.6894,0.014386,0.01338,0.921106
49.6914,0.005208,0.01338,0.92168
49.6934,0.013558,0.01338,0.92219
49.6954,0.000538,0.01338,0.922708
49.6974,0.000538,0.01338,0.923237
49.6994,0.001619,0.01338,0.923736
49.7014,0.015548,0.01338,0.924301
49.7034,0.014122,0.01338,0.924802
49.7054,0.014122,0.01338,0.92524
49.7074,0.012182,0.01338,0.925874
49.7094,0.012182,0.01338,0.926308
49.7114,0.011836,0.01338,0.926808
49.7134,0.00682,0.01338,0.927299
49.7154,0.000116,0.01338,0.927759
49.7174,0.000116,0.01338,0.928185
49.7194,0.001264,0.01338,0.928642
49.7214,0.012734,0.01338,0.928999
49.7234,0.012734,0.01338,0.929467
49.7258,0.012734,0.01338,0.929872
49.7274,0.012734,0.01338,0.930383
49.7294,0.007276,0.01338,0.93072
49.7314,0.003158,0.01338,0.931035
49.7334,0.000952,0.01338,0.931518
49.7354,0.008589,0.01338,0.931848
49.7374,0.000855,0.01338,0.93221
49.7394,0.000855,0.01338,0.932625
49.7414,0.000488,0.01338,0.932973
49.7434,0.002071,0.01338,0.933292
49.7454,0.002071,0.01338,0.933679
49.7474,0.002071,0.01338,0.933957
49.7494,0.010195,0.01338,0.934291
49.7514,0.010195,0.01338,0.934606
49.7534,0.010195,0.01338,0.934894
49.7554,0.010195,0.01338,0.935161
49.7574,0.025817,0.01338,0.935447
49.7594,0.026584,0.01338,0.935717
49.7618,0.026584,0.01338,0.935985
49.7638,0.016359,0.01338,0.936444
49.7658,0.004872,0.01338,0.936666
49.7678,0.004872,0.01338,0.936854
49.7698,0.004872,0.01338,0.937182
49.7718,0.006826,0.01338,0.93736
49.7734,0.006826,0.01338,0.937608
49.7754,0.012539,0.01338,0.937858
49.7774,0.018457,0.01338,0.938044
49.7794,0.018457,0.01338,0.93827
49.7814,0.018457,0.01338,0.938455
49.7834,0.030994,0.01338,0.938659
49.7854,0.014026,0.01338,0.938763
49.7874,0.014026,0.01338,0.939
49.7894,0.014026,0.01338,0.939244
49.7914,0.014103,0.01338,0.939463
49.7934,0.020873,0.01338,0.939539
49.7954,0.008552,0.01338,0.939739
49.7974,0.008552,0.01338,0.940045
49.7994,0.008552,0.01338,0.940177
49.8014,0.013551,0.01338,0.940405
49.8034,0.013551,0.01338,0.940562
49.8054,0.020777,0.01338,0.940728
49.8074,0.020777,0.01338,0.941022
49.8094,0.032903,0.01338,0.94111
49.8114,0.032903,0.01338,0.941471
49.8134,0.03362,0.01338,0.941604
49.8154,0.03362,0.01338,0.941931
49.8174,0.012897,0.01338,0.942099
49.8194,0.012897,0.01338,0.942414
49.8214,0.012897,0.01338,0.942697
49.8234,0.0023,0.01338,0.942784
49.8254,0.021052,0.01338,0.943091
49.8274,0.021052,0.01338,0.943391
49.8298,0.01983,0.01338,0.943594
49.8314,0.01983,0.01338,0.943866
49.8334,0.018744,0.01338,0.944091
49.8354,0.018744,0.01338,0.944314
49.8374,0.018744,0.01338,0.944554
49.8394,0.018744,0.01338,0.944779
49.8414,0.018744,0.01338,0.944841
49.8434,0.003363,0.01338,0.945094
49.8454,0.019265,0.01338,0.945265
49.8474,0.019265,0.01338,0.945417
49.8494,0.019265,0.01338,0.945469
49.8514,0.007136,0.01338,0.94579
49.8534,0.010372,0.01338,0.94578
49.8554,0.010372,0.01338,0.945953
49.8574,0.010372,0.01338,0.946034
49.8588,0.010372,0.01338,0.946027
49.8608,0.010372,0.01338,0.946324
49.8628,0.003314,0.01338,0.946362
49.8654,0.003314,0.01338,0.946581
49.8674,0.003314,0.01338,0.946735
49.8694,0.01955,0.01338,0.946875
49.8714,0.027748,0.01338,0.946961
49.8734,0.011733,0.01338,0.947123
49.8754,0.01179,0.01338,0.947322
49.8774,0.007668,0.01338,0.947413
49.8794,0.011856,0.01338,0.947602
49.8814,0.019865,0.01338,0.947766
49.8834,0.008218,0.01338,0.948073
49.8854,0.008218,0.01338,0.948193
49.8874,0.008218,0.01338,0.948438
49.8894,0.011799,0.01338,0.948783
49.8914,0.011799,0.01338,0.948867
49.8934,0.011799,0.01338,0.949175
49.8954,0.011799,0.01338,0.949384
49.8974,0.000688,0.01338,0.94965
49.8994,0.000688,0.01338,0.950096
49.9014,0.000688,0.01338,0.950252
49.9034,0.001302,0.01338,0.950529
49.9054,0.001302,0.01338,0.950749
49.9074,0.001302,0.01338,0.951156
49.9094,0.001302,0.01338,0.951427
49.9114,0.001302,0.01338,0.951663
49.9134,0.048076,0.01338,0.951944
49.9154,0.048076,0.01338,0.952273
49.9174,0.048076,0.01338,0.952495
49.9194,0.02073,0.01338,0.952775
49.9214,0.02073,0.01338,0.952967
49.9234,0.02073,0.01338,0.953262
49.9254,0.02073,0.01338,0.953545
49.9274,0.014553,0.01338,0.953758
49.9294,0.02098,0.01338,0.953946
49.9314,0.00315,0.01338,0.95431
49.9339,0.00315,0.01338,0.954378
49.9359,0.00315,0.01338,0.954736
49.9379,0.00315,0.01338,0.954962
49.9399,0.017424,0.01338,0.955203
49.9418,0.017424,0.01338,0.955344
49.9439,0.015817,0.01338,0.955603
49.9459,0.023679,0.01338,0.955768
49.9479,0.023679,0.01338,0.956032
49.9498,0.023679,0.01338,0.956216
49.9519,0.00355,0.01338,0.95641
49.9539,0.00355,0.01338,0.956658
49.9559,0.025577,0.01338,0.956936
49.9579,0.025577,0.01338,0.957078
49.9599,0.021384,0.01338,0.957189
49.9619,0.008234,0.01338,0.957501
49.9639,0.021075,0.01338,0.957631
49.9659,0.021075,0.01338,0.957905
49.9679,0.029922,0.01338,0.958118
49.9703,0.029922,0.01338,0.958278
49.9724,0.029922,0.01338,0.958395
49.9744,0.003264,0.01338,0.958649
49.9764,0.011607,0.01338,0.958676
49.9783,0.023939,0.01338,0.95888
49.9799,0.023939,0.01338,0.959096
49.9819,0.023939,0.01338,0.959302
49.9839,0.023939,0.01338,0.959397
49.9854,0.023939,0.01338,0.959519
49.9869,0.023939,0.01338,0.959737
49.9889,0.023939,0.01338,0.95981
49.9905,0.023939,0.01338,0.960043
49.9924,0.023939,0.01338,0.96008
49.9943,0.013463,0.01338,0.960252
49.9959,0.013463,0.01338,0.960441
49.9974,0.013463,0.01338,0.96052
49.9994,0.009268,0.01338,0.960688
50.0019,0.007482,0.01338,0.960762
50.0039,0.007482,0.01338,0.96099
50.0055,0.007482,0.01338,0.961197
50.0075,0.011591,0.01338,0.961257
50.0095,0.003035,0.01338,0.961426
50.0109,0.003035,0.01338,0.961611
50.0129,0.006578,0.01338,0.961741
50.0145,0.006578,0.01338,0.961953
50.0165,0.006578,0.01338,0.962095
50.0183,0.006578,0.01338,0.962244
50.0205,0.006578,0.01338,0.962427
50.0225,0.005289,0.01338,0.96269
50.0245,0.008018,0.01338,0.962794
50.0263,0.008018,0.01338,0.963077
50.0279,0.006185,0.01338,0.963279
50.0295,0.001359,0.01338,0.963315
50.0315,0.003885,0.01338,0.963539
50.0339,0.003885,0.01338,0.963724
50.0359,0.003885,0.01338,0.963944
50.0375,0.006239,0.01338,0.964192
50.0389,0.006239,0.01338,0.964353
50.0405,0.007216,0.01338,0.96448
50.0419,0.007216,0.01338,0.964552
50.0439,0.007216,0.01338,0.964787
50.0455,0.004163,0.01338,0.964949
50.0469,0.004163,0.01338,0.965059
50.0485,0.000866,0.01338,0.965188
50.0499,0.001698,0.01338,0.965378
50.0525,0.001698,0.01338,0.965524
50.0539,0.000186,0.01338,0.965731
50.0555,0.000546,0.01338,0.965915
50.0569,0.000546,0.01338,0.966049
50.0583,0.000546,0.01338,0.966213
50.0599,0.000152,0.01338,0.966212
50.0615,0.000152,0.01338,0.966407
50.0639,0.000152,0.01338,0.966595
50.0655,1.3e-05,0.01338,0.966775
50.0669,1.3e-05,0.01338,0.966762
50.0689,0.000976,0.01338,0.966984
50.0705,0.000976,0.01338,0.967096
50.0719,0.000976,0.01338,0.967104
50.0735,0.000976,0.01338,0.967159
50.0749,0.000976,0.01338,0.967399
50.0765,0.000976,0.01338,0.967436
50.0779,0.005342,0.01338,0.967564
50.0795,0.005342,0.01338,0.967582
50.0815,0.002545,0.01338,0.967695
50.0829,0.002545,0.01338,0.96781
50.0855,0.002545,0.01338,0.967887
50.0869,0.000987,0.01338,0.967944
50.0885,0.000987,0.01338,0.968132
50.0899,0.010341,0.01338,0.968137
50.0919,0.005095,0.01338,0.968292
50.0935,0.005095,0.01338,0.96838
50.0955,0.005095,0.01338,0.968504
50.0975,0.005095,0.01338,0.96859
50.0989,0.003576,0.01338,0.968651
50.1009,0.003576,0.01338,0.968675
50.1025,0.003576,0.01338,0.968779
50.1045,0.003576,0.01338,0.968867
50.1063,0.003576,0.01338,0.968963
50.1079,0.003576,0.01338,0.969065
50.1095,0.003576,0.01338,0.96918
50.1115,0.000317,0.01338,0.969189
50.1135,0.000317,0.01338,0.969341
50.1149,0.000317,0.01338,0.969463
50.1169,0.005184,0.01338,0.96953
50.1185,0.000135,0.01338,0.969689
50.1205,0.007216,0.01338,0.969658
50.1224,0.007216,0.01338,0.969765
50.1239,0.001893,0.01338,0.96991
50.1255,0.001893,0.01338,0.969975
50.1275,0.001893,0.01338,0.969993
50.1295,0.001893,0.01338,0.970243
50.1309,0.000942,0.01338,0.970325
50.1329,0.000942,0.01338,0.970455
50.1345,0.006462,0.01338,0.970509
50.1365,0.006462,0.01338,0.970693
50.1383,0.006462,0.01338,0.970899
50.1399,0.003611,0.01338,0.970895
50.1415,0.003611,0.01338,0.971124
50.1435,0.003611,0.01338,0.971263
50.1455,0.004278,0.01338,0.971369
50.1475,0.004278,0.01338,0.971608
50.1495,0.002963,0.01338,0.971865
50.1515,0.002963,0.01338,0.972007
50.1535,0.002963,0.01338,0.97221
50.1549,0.002963,0.01338,0.972506
50.1565,0.002963,0.01338,0.972711
50.1585,0.002963,0.01338,0.972826
50.1605,0.000718,0.01338,0.97315
50.1623,0.000718,0.01338,0.97338
50.1645,0.000718,0.01338,0.973598
50.1665,0.009329,0.01338,0.973892
50.1685,0.009329,0.01338,0.97426
50.1703,0.009329,0.01338,0.974444
50.1719,0.012004,0.01338,0.97469
50.1735,0.01703,0.01338,0.974901
50.1755,0.01703,0.01338,0.975174
50.1775,0.014548,0.01338,0.975416
50.1795,0.014548,0.01338,0.975667
50.1815,0.014548,0.01338,0.975938
50.1835,0.014548,0.01338,0.976185
50.1855,0.000184,0.01338,0.976407
50.1875,0.018195,0.01338,0.976675
50.1895,0.018195,0.01338,0.976869
50.1915,0.018195,0.01338,0.97717
50.1935,0.018195,0.01338,0.977393
50.1955,0.018195,0.01338,0.977598
50.1975,0.012862,0.01338,0.977735
50.1995,0.012862,0.01338,0.978068
50.2015,0.012862,0.01338,0.978236
50.2035,0.012862,0.01338,0.978466
50.2055,0.012862,0.01338,0.978681
50.2075,0.012862,0.01338,0.979019
50.2095,0.012862,0.01338,0.97928
50.2115,0.012862,0.01338,0.979404
50.2135,0.01919,0.01338,0.979701
50.2155,0.01919,0.01338,0.979963
50.2175,0.01919,0.01338,0.980205
50.2195,0.01919,0.01338,0.980532
50.2219,0.019206,0.01338,0.980657
50.2235,0.02016,0.01338,0.981087
50.2255,0.02016,0.01338,0.981254
50.2275,0.005033,0.01338,0.981615
50.2295,0.027861,0.01338,0.98182
50.2315,0.027861,0.01338,0.982139
50.2335,0.027861,0.01338,0.982371
50.2355,0.027861,0.01338,0.982756
50.2375,0.021041,0.01338,0.982898
50.2395,0.021041,0.01338,0.983162
50.2415,0.021041,0.01338,0.98343
50.2429,0.037317,0.01338,0.983701
50.2445,0.037317,0.01338,0.98391
50.2465,0.037317,0.01338,0.984234
50.2485,0.008974,0.01338,0.984526
50.2503,0.026478,0.01338,0.984854
50.2519,0.026478,0.01338,0.985159
50.2539,0.026478,0.01338,0.985421
50.2555,0.026478,0.01338,0.985748
50.2575,0.026478,0.01338,0.986
50.2589,0.025624,0.01338,0.986328
50.2605,0.025624,0.01338,0.986606
50.2625,0.037513,0.01338,0.986909
50.2645,0.037513,0.01338,0.987413
50.2663,0.037513,0.01338,0.987761
50.2679,0.037513,0.01338,0.988091
50.2695,0.037513,0.01338,0.988356
50.2715,0.037513,0.01338,0.988585
50.2735,0.010526,0.01338,0.989015
50.2749,0.00801,0.01338,0.989352
50.2765,0.00801,0.01338,0.989637
50.2785,0.001306,0.01338,0.989829
50.2805,0.027929,0.01338,0.99035
50.2823,0.027929,0.01338,0.990587
50.2839,0.027929,0.01338,0.991017
50.2859,0.027929,0.01338,0.991257
50.2875,0.027929,0.01338,0.991622
50.2895,0.027929,0.01338,0.991897
50.2909,0.027929,0.01338,0.992222
50.2925,0.027929,0.01338,0.992439
50.2945,0.010845,0.01338,0.992785
50.2965,0.010845,0.01338,0.993209
50.2983,0.010845,0.01338,0.993546
50.2999,0.001328,0.01338,0.993912
50.3015,0.014305,0.01338,0.994228
50.3035,0.001464,0.01338,0.99451
50.3055,0.001464,0.01338,0.994853
50.3075,0.001464,0.01338,0.995109
50.3095,0.024284,0.01338,0.995517
50.3115,0.024284,0.01338,0.995828
50.3135,0.024284,0.01338,0.996177
50.3155,0.024284,0.01338,0.996546
50.3179,0.012532,0.01338,0.996891
50.3195,0.003535,0.01338,0.997244
50.3215,0.008893,0.01338,0.997563
50.3235,0.020902,0.01338,0.997793
50.3255,0.020902,0.01338,0.998267
50.3275,0.020902,0.01338,0.998488
50.3295,0.020902,0.01338,0.9988
50.3315,0.020902,0.01338,0.999227
50.3335,0.002552,0.01338,0.999499
50.3355,0.011466,0.01338,0.999782
50.3375,0.011466,0.00606,1.0001
50.3395,0.013037,0.03012,1.0005
50.3415,0.038153,0.04326,1.00072
50.3435,0.091766,0.0561,1.00094
50.3455,0.137548,0.0723,1.00121
50.3475,0.166615,0.07338,1.00122
50.3495,0.189867,0.08154,1.00136
50.3519,0.226563,0.06972,1.00116
50.3543,0.217563,0.06744,1.00112
50.3565,0.214666,0.0645,1.00108
50.3585,0.19403,0.05898,1.00098
50.3605,0.184352,0.05448,1.00091
50.3623,0.180119,0.04374,1.00073
50.3645,0.164278,0.03972,1.00066
50.3665,0.128838,0.03738,1.00062
50.3685,0.116921,0.03354,1.00056
50.3703,0.123055,0.03042,1.00051
50.3725,0.108477,0.03162,1.00053
50.3745,0.097916,0.0336,1.00056
50.3765,0.098473,0.03186,1.00053
50.3783,0.095154,0.03738,1.00062
50.3805,0.110699,0.03918,1.00065
50.3825,0.119365,0.03324,1.00055
50.3845,0.100653,0.03954,1.00066
50.3865,0.112483,0.03552,1.00059
50.3895,0.109843,0.03984,1.00066
50.3915,0.110076,0.04476,1.00075
50.3935,0.128812,0.04686,1.00078
50.3955,0.135808,0.04452,1.00074
50.3975,0.130858,0.05112,1.00085
50.3995,0.142886,0.04758,1.00079
50.4015,0.152196,0.05256,1.00088
50.4035,0.147473,0.05052,1.00084
50.4055,0.147476,0.0516,1.00086
50.4075,0.152127,0.05334,1.00089
50.4095,0.163855,0.04998,1.00083
50.4115,0.159208,0.04716,1.00079
50.4135,0.145586,0.0414,1.00069
50.4155,0.143253,0.04332,1.00072
50.4175,0.138576,0.0432,1.00072
50.4205,0.127412,0.0405,1.00068
50.4225,0.121893,0.0429,1.00072
50.4249,0.134035,0.03714,1.00062
50.4269,0.127184,0.03534,1.00059
50.4295,0.110365,0.03348,1.00056
50.4315,0.114824,0.03954,1.00066
50.4335,0.10532,0.03828,1.00064
50.4355,0.124757,0.04032,1.00067
50.4375,0.124757,0.04074,1.00068
50.4395,0.124179,0.03978,1.00066
50.4415,0.114535,0.04038,1.00067
50.4435,0.128991,0.03498,1.00058
50.4455,0.124632,0.039,1.00065
50.4475,0.110179,0.03822,1.00064
50.4495,0.1149,0.03792,1.00063
50.4515,0.119671,0.04332,1.00072
50.4535,0.129211,0.04386,1.00073
50.4555,0.11935,0.03738,1.00062
50.4575,0.117271,0.03858,1.00064
50.4599,0.115137,0.039,1.00065
50.4625,0.115015,0.0411,1.00069
50.4645,0.129276,0.03924,1.00065
50.4664,0.114684,0.04506,1.00075
50.4685,0.12402,0.04128,1.00069
50.4705,0.124293,0.04482,1.00075
50.4725,0.138359,0.04566,1.00076
50.4744,0.133631,0.04374,1.00073
50.4765,0.133444,0.0474,1.00079
50.4785,0.138199,0.04746,1.00079
50.4805,0.150168,0.0468,1.00078
50.4824,0.135024,0.04794,1.0008
50.4845,0.140055,0.04794,1.0008
50.4865,0.152211,0.04812,1.0008
50.4885,0.142749,0.04566,1.00076
50.4904,0.138232,0.04914,1.00082
50.4925,0.15228,0.04866,1.00081
50.4945,0.15722,0.05058,1.00084
50.4969,0.147576,0.0492,1.00082
50.4989,0.15211,0.05262,1.00088
50.5015,0.152211,0.05358,1.00089
50.5035,0.154505,0.04842,1.00081
50.5055,0.159224,0.06132,1.00102
50.5075,0.161451,0.0558,1.00093
50.5095,0.170491,0.05556,1.00093
50.5115,0.166099,0.05652,1.00094
50.5135,0.174929,0.05544,1.00092
50.5155,0.166148,0.05754,1.00096
50.5175,0.166108,0.05514,1.00092
50.5195,0.170753,0.05514,1.00092
50.5215,0.177767,0.06276,1.00105
50.5235,0.180107,0.06228,1.00104
50.5255,0.175861,0.06618,1.0011
50.5275,0.198711,0.0579,1.00097
50.5295,0.184757,0.06078,1.00101
50.5319,0.18691,0.06528,1.00109
50.5339,0.189232,0.06372,1.00106
50.5365,0.189413,0.06348,1.00106
50.5384,0.193911,0.06246,1.00104
50.5405,0.198258,0.06144,1.00102
50.5425,0.18052,0.06624,1.0011
50.5445,0.189517,0.06552,1.00109
50.5464,0.1962,0.0597,1.001
50.5485,0.195946,0.06474,1.00108
50.5505,0.18489,0.06102,1.00102
50.5525,0.184485,0.06378,1.00106
50.5544,0.198173,0.06006,1.001
50.5565,0.182497,0.06384,1.00106
50.5585,0.185829,0.06426,1.00107
50.5605,0.185097,0.06846,1.00114
50.5624,0.207587,0.06786,1.00113
50.5645,0.194313,0.0678,1.00113
50.5665,0.208524,0.06594,1.0011
50.569,0.203164,0.06342,1.00106
50.571,0.191855,0.06696,1.00112
50.5735,0.202813,0.06318,1.00105
50.5755,0.194445,0.0648,1.00108
50.5775,0.194189,0.06762,1.00113
50.5795,0.196786,0.05958,1.00099
50.5815,0.180644,0.06444,1.00107
50.5835,0.189307,0.06306,1.00105
50.5855,0.200683,0.06756,1.00113
50.5875,0.196452,0.06624,1.0011
50.5895,0.194563,0.07026,1.00117
50.5915,0.212487,0.06732,1.00112
50.5935,0.201085,0.06708,1.00112
50.5955,0.211809,0.0657,1.0011
50.5975,0.198692,0.06774,1.00113
50.5995,0.207686,0.06618,1.0011
50.6015,0.201546,0.06408,1.00107
50.6035,0.203248,0.06882,1.00115
50.6055,0.212448,0.0669,1.00111
50.6075,0.196952,0.06858,1.00114
50.6095,0.199238,0.06732,1.00112
50.6115,0.203969,0.0723,1.00121
50.6135,0.203595,0.07122,1.00119
50.6155,0.213496,0.0774,1.00129
50.6175,0.230373,0.07506,1.00125
50.6195,0.22691,0.0744,1.00124
50.6215,0.228009,0.07122,1.00119
50.6235,0.220993,0.07482,1.00125
50.6255,0.222258,0.0729,1.00122
50.6275,0.231016,0.07764,1.00129
50.6295,0.230397,0.07212,1.0012
50.6315,0.223763,0.07074,1.00118
50.6335,0.21329,0.07566,1.00126
50.6355,0.223003,0.06678,1.00111
50.6375,0.221004,0.07056,1.00118
50.64,0.208464,0.0714,1.00119
50.6424,0.210866,0.07152,1.00119
50.6445,0.213217,0.0672,1.00112
50.6465,0.211217,0.0738,1.00123
50.6485,0.212952,0.07674,1.00128
50.6504,0.226457,0.07218,1.0012
50.6526,0.227048,0.07728,1.00129
50.6545,0.229971,0.07872,1.00131
50.6565,0.239775,0.0783,1.00131
50.6584,0.242344,0.07692,1.00128
50.6606,0.232376,0.0819,1.00137
50.6626,0.229263,0.0795,1.00133
50.6646,0.240242,0.07902,1.00132
50.6664,0.239242,0.07632,1.00127
50.6686,0.230205,0.08118,1.00135
50.6705,0.241048,0.0846,1.00141
50.6725,0.248594,0.08688,1.00145
50.675,0.252641,0.08478,1.00141
50.6776,0.265335,0.07938,1.00132
50.6796,0.253667,0.08616,1.00144
50.6816,0.246705,0.08334,1.00139
50.683,0.259241,0.081,1.00135
50.685,0.249894,0.08022,1.00134
50.687,0.245655,0.08472,1.00141
50.6896,0.246165,0.08946,1.00149
50.6916,0.271529,0.08376,1.0014
50.6936,0.25968,0.0894,1.00149
50.6956,0.268529,0.09366,1.00156
50.6976,0.270569,0.0894,1.00149
50.699,0.284579,0.09558,1.00159
50.701,0.276159,0.09246,1.00154
50.703,0.27995,0.09888,1.00165
50.7056,0.293708,0.10188,1.0017
50.7076,0.304837,0.10296,1.00172
50.7096,0.312115,0.10182,1.0017
50.712,0.302035,0.10302,1.00172
50.7144,0.315384,0.09978,1.00166
50.7166,0.300397,0.09804,1.00163
50.7186,0.287017,0.09624,1.0016
50.7206,0.300256,0.09306,1.00155
50.7224,0.29015,0.0954,1.00159
50.7246,0.285488,0.09426,1.00157
50.7266,0.287551,0.09906,1.00165
50.7286,0.29492,0.0966,1.00161
50.7304,0.288689,0.09414,1.00157
50.7326,0.278426,0.09582,1.0016
50.7346,0.294637,0.09024,1.0015
50.7366,0.276584,0.09594,1.0016
50.7384,0.283926,0.08808,1.00147
50.7406,0.282305,0.09084,1.00151
50.7426,0.273632,0.08922,1.00149
50.7446,0.272022,0.09378,1.00156
50.747,0.283937,0.09402,1.00157
50.7496,0.281228,0.09078,1.00151
50.7516,0.287051,0.09426,1.00157
50.7536,0.277482,0.09636,1.00161
50.755,0.29789,0.09864,1.00164
50.757,0.287036,0.10446,1.00174
50.759,0.308921,0.10404,1.00173
50.7616,0.306017,0.10578,1.00176
50.7636,0.314052,0.10872,1.00181
50.7656,0.323703,0.1122,1.00187
50.7676,0.330689,0.11442,1.00191
50.7696,0.339254,0.114,1.0019
50.7716,0.351881,0.1131,1.00189
50.7736,0.338821,0.1191,1.00199
50.7756,0.348405,0.12066,1.00201
50.7776,0.365132,0.12042,1.00201
50.7796,0.358489,0.12168,1.00203
50.782,0.366435,0.12444,1.00207
50.7846,0.364852,0.12414,1.00207
50.7864,0.369607,0.13284,1.00221
50.7886,0.390753,0.13464,1.00224
50.7906,0.405584,0.13092,1.00218
50.7926,0.398823,0.13368,1.00223
50.7944,0.395439,0.13362,1.00223
50.7966,0.406856,0.13344,1.00222
50.7986,0.402958,0.13296,1.00222
50.8006,0.402964,0.14106,1.00235
50.8024,0.417438,0.13482,1.00225
50.8046,0.416841,0.13884,1.00231
50.8066,0.413559,0.14316,1.00239
50.8086,0.420494,0.14238,1.00237
50.8104,0.428329,0.13638,1.00227
50.8126,0.419294,0.1449,1.00242
50.8146,0.427058,0.14064,1.00234
50.8166,0.423147,0.13674,1.00228
50.819,0.415825,0.13662,1.00228
50.8216,0.414712,0.13338,1.00222
50.8236,0.410216,0.13344,1.00222
50.8256,0.402166,0.13296,1.00222
50.8276,0.405244,0.13794,1.0023
50.8296,0.404808,0.13656,1.00228
50.8316,0.416692,0.14034,1.00234
50.8336,0.423156,0.13794,1.0023
50.8356,0.422254,0.13506,1.00225
50.8376,0.408503,0.1365,1.00228
50.8396,0.410314,0.13422,1.00224
50.8416,0.4084,0.13758,1.00229
50.8436,0.402542,0.13548,1.00226
50.8456,0.407651,0.13842,1.00231
50.8476,0.413927,0.13824,1.0023
50.8496,0.416483,0.1311,1.00219
50.8516,0.411234,0.13608,1.00227
50.854,0.403834,0.13542,1.00226
50.856,0.402784,0.13608,1.00227
50.858,0.409408,0.13146,1.00219
50.86,0.411088,0.13776,1.0023
50.862,0.403547,0.13296,1.00222
50.864,0.399202,0.13128,1.00219
50.866,0.408503,0.12462,1.00208
50.8686,0.388091,0.12786,1.00213
50.8706,0.385395,0.13182,1.0022
50.8726,0.385457,0.1323,1.00221
50.8744,0.401791,0.1287,1.00215
50.8766,0.398314,0.13074,1.00218
50.8786,0.399247,0.13068,1.00218
50.8806,0.387162,0.12594,1.0021
50.8824,0.388912,0.1263,1.00211
50.8846,0.388255,0.12768,1.00213
50.8866,0.379769,0.12444,1.00207
50.8886,0.377957,0.12816,1.00214
50.891,0.380688,0.1341,1.00224
50.893,0.389089,0.12564,1.00209
50.895,0.392023,0.13188,1.0022
50.897,0.386396,0.13206,1.0022
50.899,0.400253,0.13434,1.00224
50.9016,0.399361,0.13638,1.00227
50.9036,0.413486,0.13494,1.00225
50.9056,0.414918,0.13566,1.00226
50.9076,0.409272,0.13686,1.00228
50.9096,0.409271,0.1356,1.00226
50.9116,0.408272,0.12918,1.00215
50.9136,0.403025,0.13926,1.00232
50.9156,0.407454,0.13548,1.00226
50.9176,0.409926,0.13716,1.00229
50.9196,0.409321,0.13554,1.00226
50.9216,0.404738,0.13014,1.00217
50.9236,0.404526,0.1302,1.00217
50.926,0.386074,0.1305,1.00218
50.928,0.396098,0.1242,1.00207
50.93,0.381365,0.11958,1.00199
50.9326,0.376378,0.11574,1.00193
50.9346,0.362672,0.11718,1.00195
50.9366,0.350045,0.11802,1.00197
50.9384,0.356643,0.1146,1.00191
50.9406,0.352521,0.11148,1.00186
50.9426,0.346069,0.11166,1.00186
50.9446,0.337239,0.11058,1.00184
50.9464,0.349372,0.10764,1.00179
50.9486,0.32378,0.1011,1.00169
50.9506,0.311726,0.1014,1.00169
50.9526,0.314601,0.09468,1.00158
50.9548,0.296279,0.10068,1.00168
50.9566,0.304373,0.09384,1.00156
50.9586,0.288142,0.08988,1.0015
50.961,0.274659,0.0888,1.00148
50.9636,0.271108,0.08196,1.00137
50.9656,0.272062,0.08592,1.00143
50.9676,0.259299,0.08586,1.00143
50.9696,0.253933,0.08286,1.00138
50.9716,0.250823,0.0801,1.00134
50.9736,0.245983,0.08322,1.00139
50.9756,0.248415,0.0765,1.00128
50.9776,0.242424,0.08424,1.0014
50.9796,0.240655,0.08298,1.00138
50.9816,0.243209,0.08328,1.00139
50.9836,0.253613,0.087,1.00145
50.9856,0.256748,0.0873,1.00145
50.9876,0.257073,0.08214,1.00137
50.9896,0.249962,0.07902,1.00132
50.9916,0.254056,0.08004,1.00133
50.9936,0.240597,0.0759,1.00127
50.996,0.230838,0.07848,1.00131
50.9986,0.231621,0.0753,1.00126
51.0006,0.226423,0.07416,1.00124
51.0024,0.235057,0.0633,1.00106
51.0046,0.210115,0.0618,1.00103
51.0066,0.189223,0.0627,1.00104
51.0086,0.189136,0.05862,1.00098
51.0104,0.19185,0.05196,1.00087
51.0126,0.16084,0.04746,1.00079
51.0146,0.149679,0.04914,1.00082
51.0166,0.153033,0.045,1.00075
51.0184,0.148045,0.0369,1.00062
51.0206,0.123948,0.03612,1.0006
51.0226,0.11517,0.03378,1.00056
51.0246,0.110524,0.02934,1.00049
51.0264,0.090702,0.02874,1.00048
51.0286,0.084154,0.02124,1.00035
51.0306,0.083473,0.02376,1.0004
51.0326,0.065178,0.01722,1.00029
51.0344,0.054439,0.01218,1.0002
51.0366,0.058574,0.01512,1.00025
51.0386,0.034564,0.01212,1.0002
51.0406,0.035326,0.01236,1.00021
51.0424,0.045784,0.00276,1.00005
51.0446,0.015181,0.00192,1.00003
51.0466,0.008091,0.00522,1.00009
51.0486,0.026539,0.00522,0.999986
51.0504,0.000269,0.00522,0.999912
51.052,0.000269,0.00174,1.00003
51.054,0.000269,0.00174,0.999996
51.056,0.000269,0.00174,0.999946
51.0576,0.000269,0.00174,0.999838
51.059,0.000269,0.00174,0.999856
51.0606,0.007165,0.00174,0.999814
51.0626,0.007165,0.00174,0.999697
51.065,0.007165,0.00174,0.999725
51.0664,0.007165,0.00174,0.999603
51.068,0.003766,0.00174,0.999609
51.0696,0.003766,0.00174,0.999561
51.0716,0.003766,0.00174,0.999404
51.0736,0.012208,0.00174,0.999416
51.0756,0.013458,0.00174,0.99918
51.0776,0.013458,0.00174,0.999098
51.0796,0.013458,0.00174,0.99891
51.0816,0.013458,0.00174,0.998773
51.0836,0.002151,0.00174,0.998558
51.0856,0.002151,0.00174,0.998369
51.0876,0.002151,0.00174,0.99822
51.0896,0.002151,0.00174,0.99801
51.0916,0.00785,0.00174,0.997805
51.0936,0.00785,0.00174,0.997491
51.096,0.00785,0.00174,0.997183
51.0976,0.00785,0.00174,0.996865
51.0996,0.008506,0.00174,0.996621
51.1016,0.008506,0.00174,0.996316
51.1036,0.008506,0.00174,0.995928
51.1056,0.008506,0.00174,0.995649
51.1076,0.001442,0.00174,0.995295
51.1096,0.009717,0.00174,0.994944
51.1116,0.009717,0.00174,0.994406
51.1136,0.009717,0.00174,0.994146
51.1156,0.009717,0.00174,0.993707
51.1176,0.000882,0.00174,0.993199
51.1196,0.037427,0.00174,0.992896
51.1216,0.000544,0.00174,0.992491
51.1236,0.000544,0.00174,0.992043
51.1256,0.000544,0.00174,0.991673
51.1276,0.023268,0.00174,0.991289
51.13,0.023268,0.00174,0.990814
51.1316,0.023268,0.00174,0.990237
51.1336,0.023268,0.00174,0.989921
51.1356,0.006312,0.00174,0.989352
51.1376,0.027748,0.00174,0.988988
51.1396,0.022974,0.00174,0.988526
51.1416,0.022974,0.00174,0.987977
51.1436,0.000194,0.00174,0.987571
51.1456,0.001861,0.00174,0.987108
51.1476,0.004973,0.00174,0.986661
51.1496,0.010793,0.00174,0.986235
51.1516,0.010793,0.00174,0.985721
51.1536,0.010793,0.00174,0.985201
51.1556,0.010793,0.00174,0.984705
51.1576,0.005572,0.00174,0.984082
51.1596,0.01377,0.00174,0.983491
51.1616,0.01377,0.00174,0.982995
51.1646,0.01377,0.00174,0.982405
51.1666,0.01377,0.00174,0.981385
51.1686,0.01377,0.00174,0.980781
51.1705,0.01086,0.00174,0.980042
51.1726,0.01086,0.00174,0.979368
51.1746,0.01086,0.00174,0.978682
51.1766,0.01086,0.00174,0.977974
51.1785,0.01086,0.00174,0.977255
51.18,0.020012,0.00174,0.976417
51.1816,0.020012,0.00174,0.975873
51.1836,0.020012,0.00174,0.975274
51.1856,0.009503,0.00174,0.974415
51.1876,0.009503,0.00174,0.973611
51.1896,0.009503,0.00174,0.97281
51.1916,0.009503,0.00174,0.971987
51.1936,0.007375,0.00174,0.971063
51.196,0.007375,0.00174,0.97026
51.1976,0.007375,0.00174,0.969
51.1996,0.007375,0.00174,0.968302
51.2016,0.007375,0.00174,0.967338
51.2036,0.007375,0.00174,0.966545
51.2056,0.007375,0.00174,0.965477
51.2076,0.007375,0.00174,0.964582
51.2096,0.009495,0.00174,0.96359
51.2116,0.009495,0.00174,0.962664
51.2136,0.009495,0.00174,0.961724
51.2156,0.010464,0.00174,0.960797
51.2176,0.010464,0.00174,0.959831
51.2196,0.012114,0.00174,0.958879
51.2216,0.012114,0.00174,0.957886
51.2236,0.000796,0.00174,0.956991
51.2256,0.018187,0.00174,0.95598
51.2276,0.018187,0.00174,0.954983
51.23,0.021653,0.00174,0.954051
51.2316,0.021653,0.00174,0.952766
51.2336,0.028805,0.00174,0.952024
51.2356,0.015115,0.00174,0.951071
51.2376,0.015115,0.00174,0.950149
51.2396,0.002152,0.00174,0.949138
51.2416,0.022765,0.00174,0.948157
51.2436,0.022765,0.00174,0.94726
51.2456,0.022765,0.00174,0.946218
51.2476,0.022765,0.00174,0.945263
51.2496,0.017407,0.00174,0.944369
51.2516,0.017407,0.00174,0.943382
51.2536,0.017407,0.00174,0.942371
51.2556,0.017407,0.00174,0.941432
51.2576,0.015761,0.00174,0.940404
51.2596,0.015761,0.00174,0.939379
51.2616,0.01152,0.00174,0.938357
51.2641,0.005096,0.00174,0.93731
51.2656,0.000244,0.00174,0.936219
51.2676,0.000244,0.00174,0.935396
51.2696,0.000244,0.00174,0.934606
51.2716,0.000244,0.00174,0.933556
51.2736,0.000244,0.00174,0.932538
51.2756,0.000244,0.00174,0.93157
51.2776,0.000244,0.00174,0.930723
51.2796,0.008216,0.00174,0.929779
51.2816,0.011699,0.00174,0.928765
51.2836,0.002579,0.00174,0.927865
51.2856,0.002579,0.00174,0.92707
51.2876,0.002579,0.00174,0.926019
51.2896,0.008389,0.00174,0.925074
51.2916,0.008389,0.00174,0.924314
51.2936,0.008389,0.00174,0.923364
51.2956,0.008389,0.00174,0.922528
51.2981,0.042433,0.00174,0.921683
51.3006,0.013704,0.00174,0.920579
51.3026,0.001527,0.00174,0.919719
51.3046,0.028914,0.00174,0.918975
51.3065,0.028914,0.00174,0.918145
51.3081,0.028914,0.00174,0.917462
51.3096,0.006199,0.00174,0.916744
51.3116,0.017909,0.00174,0.916251
51.3136,0.004769,0.00174,0.91555
51.3156,0.004949,0.00174,0.9148
51.3176,0.030577,0.00174,0.914075
51.3196,0.001024,0.00174,0.913437
51.3216,0.001024,0.00174,0.912764
51.3236,0.009619,0.00174,0.912124
51.3256,0.009619,0.00174,0.911443
51.3276,0.005186,0.00174,0.910797
51.3301,0.005186,0.00174,0.910085
51.3326,0.01145,0.00174,0.90931
51.3346,0.010379,0.00174,0.90864
51.3366,0.005807,0.00174,0.908075
51.3385,0.035036,0.00174,0.907489
51.3401,0.009408,0.00174,0.907117
51.3416,0.020804,0.00174,0.90672
51.3437,0.020804,0.00174,0.90633
51.3457,0.020804,0.00174,0.90595
51.3477,0.000491,0.00174,0.905423
51.3496,0.016181,0.00174,0.90501
51.3517,0.017151,0.00174,0.90458
51.3537,0.017151,0.00174,0.904082
51.3557,0.014434,0.00174,0.903749
51.3576,0.009513,0.00174,0.903288
51.3597,0.025825,0.00174,0.902996
51.3617,0.025825,0.00174,0.902658
51.3641,0.004711,0.00174,0.902204
51.3656,0.0002,0.00174,0.901884
51.3677,0.0002,0.00174,0.901744
51.3697,0.001677,0.00174,0.901511
51.3717,0.020276,0.00174,0.90129
51.3737,0.021452,0.00174,0.901031
51.3757,0.004751,0.00174,0.900971
51.3777,0.004751,0.00174,0.90079
51.3797,0.004751,0.00174,0.900684
51.3817,0.008815,0.00174,0.900497
51.3837,0.014763,0.00174,0.900538
51.3857,0.014763,0.00174,0.900381
51.3877,0.013933,0.00174,0.900398
51.3897,0.008748,0.00174,0.900421
51.3917,0.019034,0.00174,0.900485
51.3937,0.004226,0.00174,0.900453
51.3957,0.004565,0.00174,0.900524
51.3981,0.004565,0.00174,0.900601
51.3997,0.009335,0.00174,0.900745
51.4017,0.006174,0.00174,0.900784
51.4037,0.003201,0.00174,0.900878
51.4057,0.003201,0.00174,0.901009
51.4077,0.003201,0.00174,0.901168
51.4097,0.002049,0.00174,0.901316
51.4117,0.002049,0.00174,0.901448
51.4137,0.002049,0.00174,0.901706
51.4157,0.002049,0.00174,0.901919
51.4177,0.009908,0.00174,0.902077
51.4197,0.00251,0.00174,0.902228
51.4217,0.00251,0.00174,0.902506
51.4237,0.00251,0.00174,0.902629
51.4257,0.004804,0.00174,0.902916
51.4277,0.004804,0.00174,0.903159
51.4297,0.004804,0.00174,0.903326
51.4317,0.004804,0.00174,0.903555
51.4341,0.030039,0.00174,0.903741
51.4357,0.00846,0.00174,0.904122
51.4377,0.025774,0.00174,0.904297
51.4397,0.025774,0.00174,0.904595
51.4417,0.010087,0.00174,0.904897
51.4437,0.010087,0.00174,0.90513
51.4457,0.009742,0.00174,0.905493
51.4477,0.000258,0.00174,0.905747
51.4497,0.014452,0.00174,0.906054
51.4517,0.019757,0.00174,0.906391
51.4537,0.018193,0.00174,0.906776
51.4557,0.00015,0.00174,0.907094
51.4577,0.01294,0.00174,0.907503
51.4597,0.01294,0.00174,0.90796
51.4617,0.01294,0.00174,0.908463
51.4637,0.005281,0.00174,0.908767
51.4657,0.02719,0.00174,0.909178
51.4681,0.02719,0.00174,0.90966
51.4697,0.02719,0.00174,0.910245
51.4717,0.02719,0.00174,0.910529
51.4737,0.02719,0.00174,0.911058
51.4757,0.013258,0.00174,0.91154
51.4777,0.013258,0.00174,0.912093
51.4797,0.013258,0.00174,0.912634
51.4817,0.029287,0.00174,0.913158
51.4837,0.029287,0.00174,0.913973
51.4857,0.027007,0.00174,0.914484
51.4877,0.027007,0.00174,0.91526
51.4897,0.027007,0.00174,0.915813
51.4917,0.010466,0.00174,0.916479
51.4937,0.010466,0.00174,0.917107
51.4957,0.003278,0.00174,0.917947
51.4977,0.014013,0.00174,0.918588
51.4997,0.014013,0.00174,0.919333
51.5017,0.034311,0.00174,0.920071
51.5041,0.034311,0.00174,0.920887
51.5057,0.00827,0.00174,0.921849
51.5077,0.005125,0.00174,0.922548
51.5097,0.009094,0.00174,0.92318
51.5117,0.008835,0.00174,0.923983
51.5137,0.012137,0.00174,0.924728
51.5157,0.012137,0.00174,0.925471
51.5177,0.012137,0.00174,0.926238
51.5197,0.012137,0.00174,0.927025
51.5217,3.2e-05,0.00174,0.92778
51.5237,3.2e-05,0.00174,0.92853
51.5257,0.000932,0.00174,0.92923
51.5277,0.001042,0.00174,0.930054
51.5297,0.001042,0.00174,0.930859
51.5317,0.001042,0.00174,0.931641
51.5337,0.001042,0.00174,0.93246
51.5357,0.001659,0.00174,0.933255
51.5381,0.001659,0.00174,0.934011
51.5407,0.000756,0.00174,0.935053
51.5427,0.000756,0.00174,0.93602
51.5447,0.000756,0.00174,0.936822
51.5465,0.000756,0.00174,0.937534
51.5481,0.000756,0.00174,0.938295
51.5497,0.007991,0.00174,0.93897
51.5517,0.007991,0.00174,0.939574
51.5537,0.007991,0.00174,0.940276
51.5557,0.016572,0.00174,0.94107
51.5577,0.01003,0.00174,0.941823
51.5597,0.01003,0.00174,0.942566
51.5617,0.01003,0.00174,0.943445
51.5637,0.011089,0.00174,0.944252
51.5657,0.014201,0.00174,0.945126
51.5677,0.006856,0.00174,0.9459
51.5697,0.006856,0.00174,0.946711
51.5721,0.027722,0.00174,0.947575
51.5737,0.027722,0.00174,0.948563
51.5757,0.011629,0.00174,0.949274
51.5777,0.008267,0.00174,0.950115
51.5797,0.011266,0.00174,0.950909
51.5817,0.011266,0.00174,0.951866
51.5837,0.006145,0.00174,0.952688
51.5857,0.033128,0.00174,0.953503
51.5877,0.033128,0.00174,0.954327
51.5891,0.033128,0.00174,0.955021
51.5907,0.019749,0.00174,0.955664
51.5921,0.001229,0.00174,0.956275
51.5937,0.001229,0.00174,0.956888
51.5951,0.006866,0.00174,0.957489
51.5967,0.006866,0.00174,0.958179
51.5981,0.006866,0.00174,0.958774
51.5997,0.006894,0.00174,0.959467
51.6011,0.006894,0.00174,0.960028
51.6031,0.005978,0.00174,0.960694
51.6057,0.005978,0.00174,0.961839
51.6071,0.003463,0.00174,0.962637
51.6087,0.000647,0.00174,0.963293
51.6101,0.000647,0.00174,0.963921
51.6111,0.000647,0.00174,0.964618
51.6127,0.000647,0.00174,0.964971
51.6141,0.006907,0.00174,0.965606
51.6157,0.000387,0.00174,0.966286
51.6171,0.009656,0.00174,0.967008
51.6185,0.009656,0.00174,0.967544
51.6207,0.000366,0.00174,0.968278
51.6221,0.003011,0.00174,0.969129
51.6237,0.003011,0.00174,0.969825
51.6251,0.003011,0.00174,0.970488
51.6265,0.007908,0.00174,0.971118
51.6281,0.00959,0.00174,0.97172
51.6301,0.00959,0.00174,0.972424
51.6317,0.000482,0.00174,0.973293
51.6337,0.000482,0.00174,0.97388
51.6357,0.00187,0.00174,0.974879
51.6377,0.006369,0.00174,0.975785
51.6397,0.006369,0.00174,0.976566
51.6417,0.006369,0.00174,0.977435
51.6437,0.006369,0.00174,0.978178
51.6457,0.009972,0.00174,0.978998
51.6477,0.009972,0.00174,0.979866
51.6497,0.009972,0.00174,0.980735
51.6517,0.009972,0.00174,0.981561
51.6537,0.028825,0.00174,0.982444
51.6557,0.028825,0.00174,0.983177
51.6577,0.00475,0.00174,0.98387
51.6597,0.014243,0.00174,0.984679
51.6617,0.01664,0.00174,0.985519
51.6641,0.036291,0.00174,0.986264
51.6657,0.036291,0.00174,0.987256
51.6677,0.038817,0.00174,0.987874
51.6697,0.01037,0.00174,0.988686
51.6717,0.021771,0.00174,0.989502
51.6737,0.021771,0.00174,0.990259
51.6757,0.011803,0.00174,0.991103
51.6777,0.000102,0.00174,0.991794
51.6797,0.00923,0.00174,0.992633
51.6817,0.001735,0.00174,0.993413
51.6837,0.001383,0.00174,0.99424
51.6857,0.004639,0.00174,0.995035
51.6877,0.004242,0.00174,0.995901
51.6897,0.017617,0.00174,0.996779
51.6917,0.004331,0.00174,0.997678
51.6937,0.004331,0.00174,0.998618
51.6957,0.007631,0.00174,0.999411
51.6977,0.012081,0.0252,1.00042
51.7001,0.046132,0.09012,1.0015
51.7021,0.151388,0.1575,1.00263
51.7041,0.312453,0.2103,1.00351
51.7061,0.480498,0.25722,1.00429
51.7081,0.631751,0.2778,1.00463
51.7101,0.75324,0.29154,1.00486
51.7121,0.817495,0.3015,1.00503
51.7141,0.872611,0.29592,1.00493
51.7167,0.878087,0.2916,1.00486
51.7187,0.870958,0.27408,1.00457
51.7207,0.844348,0.26664,1.00444
51.7225,0.822055,0.24642,1.00411
51.7247,0.779144,0.2325,1.00388
51.7267,0.729106,0.20874,1.00348
51.7287,0.676724,0.19068,1.00318
51.7305,0.615844,0.16776,1.0028
51.7327,0.551632,0.15864,1.00264
51.7351,0.516262,0.14406,1.0024
51.7371,0.472988,0.13326,1.00222
51.7391,0.435553,0.12714,1.00212
51.7411,0.405502,0.12522,1.00209
51.7431,0.386591,0.11802,1.00197
51.7451,0.374855,0.11838,1.00197
51.7471,0.360073,0.1149,1.00192
51.7497,0.354496,0.12102,1.00202
51.7517,0.364976,0.12822,1.00214
51.7537,0.381369,0.13902,1.00232
51.7557,0.402285,0.14466,1.00241
51.7577,0.42699,0.15294,1.00255
51.7597,0.444071,0.15942,1.00266
51.7617,0.467857,0.16518,1.00275
51.7637,0.480651,0.16932,1.00282
51.7657,0.503323,0.18006,1.003
51.7677,0.523072,0.18768,1.00313
51.7697,0.546675,0.20052,1.00334
51.7717,0.58251,0.20712,1.00345
51.7737,0.616265,0.21078,1.00351
51.7757,0.627138,0.2127,1.00355
51.7777,0.629706,0.22068,1.00368
51.7797,0.64907,0.22536,1.00376
51.7817,0.669873,0.22632,1.00377
51.7837,0.676793,0.22512,1.00375
51.7857,0.676876,0.22032,1.00367
51.7877,0.676258,0.2205,1.00368
51.7897,0.665209,0.21126,1.00352
51.7917,0.648873,0.21054,1.00351
51.7937,0.641163,0.20076,1.00335
51.7957,0.62965,0.19128,1.00319
51.7977,0.597628,0.18294,1.00305
51.7997,0.572022,0.18174,1.00303
51.8017,0.561611,0.17388,1.0029
51.8037,0.535465,0.17466,1.00291
51.8061,0.530292,0.17328,1.00289
51.8081,0.524949,0.16638,1.00277
51.8101,0.521567,0.16866,1.00281
51.8127,0.512477,0.16266,1.00271
51.8147,0.500173,0.16944,1.00282
51.8167,0.512329,0.16596,1.00277
51.8186,0.50495,0.17184,1.00286
51.8207,0.51865,0.17634,1.00294
51.8227,0.527829,0.1827,1.00305
51.8247,0.54297,0.18972,1.00316
51.8266,0.557514,0.19668,1.00328
51.8287,0.583158,0.19572,1.00326
51.8307,0.582716,0.20214,1.00337
51.8327,0.600487,0.20508,1.00342
51.8346,0.612424,0.2097,1.0035
51.8367,0.623201,0.21252,1.00354
51.8387,0.63499,0.21612,1.0036
51.8407,0.648941,0.2202,1.00367
51.8431,0.658853,0.22476,1.00375
51.8457,0.66792,0.22476,1.00375
51.8477,0.675173,0.22824,1.0038
51.8497,0.681407,0.22944,1.00382
51.8517,0.688383,0.234,1.0039
51.8537,0.707645,0.23484,1.00391
51.8557,0.705904,0.24036,1.00401
51.8577,0.710565,0.24012,1.004
51.8597,0.730071,0.2379,1.00396
51.8617,0.72402,0.23592,1.00393
51.8637,0.713013,0.23358,1.00389
51.8657,0.725512,0.23202,1.00387
51.8677,0.710134,0.23928,1.00399
51.8697,0.719125,0.24084,1.00401
51.8717,0.72356,0.23424,1.0039
51.8737,0.712546,0.23856,1.00398
51.8757,0.714583,0.2409,1.00402
51.8777,0.720401,0.23214,1.00387
51.8797,0.713458,0.2346,1.00391
51.8817,0.721423,0.2367,1.00395
51.8837,0.715892,0.24516,1.00409
51.8857,0.728171,0.23928,1.00399
51.8877,0.72701,0.24174,1.00403
51.8897,0.721546,0.24408,1.00407
51.8917,0.732669,0.23916,1.00399
51.8937,0.73266,0.24858,1.00414
51.8957,0.744111,0.24672,1.00411
51.8977,0.741655,0.24504,1.00408
51.8997,0.747026,0.24804,1.00413
51.9017,0.743926,0.25122,1.00419
51.9037,0.763086,0.2469,1.00412
51.9057,0.741638,0.24822,1.00414
51.9077,0.745611,0.24588,1.0041
51.9097,0.748402,0.25104,1.00418
51.9117,0.752685,0.24882,1.00415
51.9142,0.759126,0.25362,1.00423
51.9162,0.759469,0.24876,1.00415
51.9182,0.762458,0.25422,1.00424
51.9202,0.75243,0.25098,1.00418
51.9222,0.761405,0.25668,1.00428
51.9247,0.773718,0.25344,1.00422
51.9267,0.767549,0.25374,1.00423
51.9287,0.763469,0.25602,1.00427
51.9306,0.768141,0.2559,1.00427
51.9327,0.773429,0.25992,1.00433
51.9347,0.777323,0.26238,1.00437
51.9367,0.786324,0.26484,1.00441
51.9386,0.800069,0.26406,1.0044
51.9407,0.803018,0.26886,1.00448
51.9427,0.809219,0.26982,1.0045
51.9447,0.817631,0.2676,1.00446
51.9466,0.819417,0.26874,1.00448
51.9492,0.81769,0.27342,1.00456
51.9512,0.814865,0.27294,1.00455
51.9532,0.821759,0.2748,1.00458
51.9552,0.826382,0.27024,1.0045
51.9577,0.820538,0.26928,1.00449
51.9597,0.815758,0.27282,1.00455
51.9617,0.831833,0.27222,1.00454
51.9637,0.818332,0.26958,1.00449
51.9657,0.800629,0.26778,1.00446
51.9677,0.814382,0.26838,1.00447
51.9697,0.818666,0.27222,1.00454
51.9717,0.811414,0.26604,1.00443
51.9737,0.808308,0.26922,1.00449
51.9757,0.821954,0.2685,1.00448
51.9777,0.811409,0.26802,1.00447
51.9797,0.80946,0.2652,1.00442
51.9817,0.80153,0.26574,1.00443
51.9842,0.807203,0.25878,1.00431
51.9862,0.783646,0.26082,1.00435
51.9887,0.787734,0.26106,1.00435
51.9907,0.786363,0.25794,1.0043
51.9927,0.783977,0.25908,1.00432
51.9946,0.78193,0.25176,1.0042
51.9967,0.772822,0.25272,1.00421
51.9987,0.765642,0.25614,1.00427
52.0007,0.776684,0.25482,1.00425
52.0026,0.770938,0.25188,1.0042
52.0048,0.766324,0.2541,1.00423
52.0068,0.768472,0.25596,1.00427
52.0088,0.76861,0.25614,1.00427
52.0106,0.767314,0.25338,1.00422
52.0127,0.77178,0.2505,1.00418
52.0148,0.76764,0.2535,1.00423
52.0168,0.761792,0.24996,1.00417
52.0186,0.759478,0.25284,1.00421
52.0212,0.758383,0.2535,1.00423
52.0232,0.75944,0.24966,1.00416
52.0252,0.757295,0.24846,1.00414
52.0272,0.743318,0.25122,1.00419
52.0292,0.750618,0.25032,1.00417
52.0312,0.754013,0.2562,1.00427
52.0332,0.766245,0.25308,1.00422
52.0352,0.761788,0.24654,1.00411
52.0378,0.762915,0.24708,1.00412
52.0398,0.747225,0.24528,1.00409
52.0418,0.747292,0.24498,1.00408
52.0438,0.7405,0.24444,1.00407
52.0458,0.742925,0.2418,1.00403
52.0478,0.732588,0.23628,1.00394
52.0498,0.719043,0.23478,1.00391
52.0518,0.715013,0.22956,1.00383
52.0538,0.701836,0.2271,1.00379
52.0562,0.69202,0.21864,1.00364
52.0582,0.676367,0.21942,1.00366
52.0598,0.665296,0.20724,1.00345
52.0618,0.641173,0.20658,1.00344
52.0638,0.620417,0.20562,1.00343
52.0658,0.631112,0.1956,1.00326
52.0678,0.609979,0.1956,1.00326
52.0698,0.588365,0.18924,1.00315
52.0718,0.586723,0.19092,1.00318
52.0738,0.570245,0.18576,1.0031
52.0758,0.568771,0.18276,1.00305
52.0778,0.558197,0.1788,1.00298
52.0798,0.550472,0.18258,1.00304
52.0818,0.547379,0.17916,1.00299
52.0838,0.539844,0.1767,1.00294
52.0858,0.539931,0.1722,1.00287
52.0878,0.532901,0.16896,1.00282
52.0898,0.510913,0.1665,1.00278
52.0918,0.512088,0.16476,1.00275
52.0938,0.506295,0.1635,1.00273
52.0958,0.495124,0.16044,1.00267
52.0978,0.484881,0.1599,1.00267
52.0998,0.485337,0.15816,1.00264
52.1018,0.480317,0.1506,1.00251
52.1038,0.473284,0.14652,1.00244
52.1058,0.447773,0.15018,1.0025
52.1078,0.441579,0.13986,1.00233
52.1098,0.433203,0.1278,1.00213
52.1118,0.40865,0.12954,1.00216
52.1138,0.388746,0.1266,1.00211
52.1158,0.382491,0.12198,1.00203
52.1178,0.378287,0.12402,1.00207
52.1198,0.378711,0.11748,1.00196
52.1218,0.365024,0.11544,1.00192
52.1242,0.347231,0.11298,1.00188
52.1258,0.355173,0.11292,1.00188
52.1278,0.347862,0.1098,1.00183
52.1298,0.335625,0.11484,1.00191
52.1318,0.336607,0.1086,1.00181
52.1338,0.347902,0.10548,1.00176
52.1358,0.324158,0.10608,1.00177
52.1378,0.324384,0.10566,1.00176
52.1398,0.321397,0.10158,1.00169
52.1418,0.320575,0.09906,1.00165
52.1438,0.302133,0.10716,1.00179
52.1458,0.316027,0.10422,1.00174
52.1478,0.314713,0.0984,1.00164
52.1498,0.314393,0.1011,1.00169
52.1518,0.298842,0.09492,1.00158
52.1538,0.294007,0.09726,1.00162
52.1558,0.291696,0.09714,1.00162
52.1578,0.284666,0.10164,1.00169
52.1602,0.306172,0.10014,1.00167
52.1622,0.303648,0.09642,1.00161
52.1642,0.288497,0.09198,1.00153
52.1662,0.285799,0.09546,1.00159
52.1682,0.295821,0.09228,1.00154
52.1702,0.275868,0.0957,1.0016
52.1722,0.274231,0.09732,1.00162
52.1742,0.295533,0.0936,1.00156
52.1762,0.283803,0.08622,1.00144
52.1782,0.275365,0.08556,1.00143
52.1802,0.268067,0.08082,1.00135
52.1822,0.2399,0.07818,1.0013
52.1842,0.241726,0.07452,1.00124
52.1862,0.233228,0.06534,1.00109
52.1882,0.210216,0.06948,1.00116
52.1902,0.209823,0.06006,1.001
52.1922,0.19846,0.063,1.00105
52.1946,0.193816,0.05394,1.0009
52.1968,0.179989,0.05352,1.00089
52.1988,0.163327,0.04278,1.00071
52.2008,0.137948,0.04656,1.00078
52.2026,0.145611,0.04434,1.00074
52.2048,0.137954,0.03678,1.00061
52.2068,0.118927,0.03606,1.0006
52.2088,0.112348,0.03438,1.00057
52.2106,0.11787,0.03348,1.00056
52.2128,0.102725,0.03372,1.00056
52.2148,0.098411,0.02646,1.00044
52.2168,0.091949,0.02562,1.00043
52.2186,0.092586,0.02982,1.0005
52.2208,0.081587,0.02412,1.0004
52.2228,0.071837,0.01974,1.00033
52.2248,0.073543,0.0216,1.00036
52.2266,0.064039,0.02088,1.00035
52.2292,0.059906,0.01836,1.00031
52.2312,0.060854,0.01776,1.0003
52.2332,0.061919,0.01704,1.00028
52.2352,0.045838,0.01992,1.00033
52.2372,0.056926,0.0201,1.00034
52.2392,0.064901,0.0159,1.00027
52.2412,0.048867,0.01608,1.00027
52.2432,0.044581,0.0186,1.00031
52.2458,0.047867,0.01578,1.00026
52.2478,0.059098,0.01194,1.0002
52.2498,0.04915,0.00132,1.00002
52.2518,0.019973,0.00288,1.00005
52.2538,0.011399,0.00288,0.999988
52.2558,0.010211,0.00288,0.999954
52.2578,0.009304,0.00288,0.999941
52.2598,0.009304,0.00288,0.999965
52.2618,0.009304,0.00288,0.99994
52.2642,0.009304,0.00288,0.999879
52.2658,0.007409,0.00288,0.99982
52.2678,0.003605,0.00288,0.999833
52.2698,0.003605,0.00288,0.999828
52.2718,0.000748,0.00288,0.999658
52.2738,0.007489,0.00288,0.999653
52.2758,0.009518,0.00288,0.999599
52.2778,0.009518,0.00288,0.999501
52.2798,0.009518,0.00288,0.999438
52.2818,0.009518,0.00288,0.999366
52.2838,0.00427,0.00288,0.999177
52.2858,0.00427,0.00288,0.999021
52.2878,0.00427,0.00288,0.998998
52.2898,0.00427,0.00288,0.998782
52.2918,0.00427,0.00288,0.998688
52.2938,0.00157,0.00288,0.998341
52.2958,0.00157,0.00288,0.998309
52.2982,0.006419,0.00288,0.998083
52.2998,0.006419,0.00288,0.997781
52.3018,9.8e-05,0.00288,0.997611
52.3038,9.8e-05,0.00288,0.997462
52.3058,9.8e-05,0.00288,0.99714
52.3078,0.003355,0.00288,0.996939
52.3098,0.014155,0.00288,0.996573
52.3118,0.014155,0.00288,0.996298
52.3138,0.014155,0.00288,0.996083
52.3158,0.014155,0.00288,0.995837
52.3178,0.013164,0.00288,0.995523
52.3198,0.013164,0.00288,0.995153
52.3218,0.013164,0.00288,0.994847
52.3238,0.013164,0.00288,0.994478
52.3258,0.004889,0.00288,0.994153
52.3278,0.004889,0.00288,0.993818
52.3298,0.004889,0.00288,0.993434
52.3318,0.004889,0.00288,0.993151
52.3338,0.014838,0.00288,0.992805
52.3358,0.014838,0.00288,0.992399
52.3378,0.014838,0.00288,0.991998
52.3398,0.004377,0.00288,0.991651
52.3418,0.018444,0.00288,0.991302
52.3438,0.018444,0.00288,0.990856
52.3458,0.018444,0.00288,0.990499
52.3478,0.018444,0.00288,0.990038
52.3498,0.018444,0.00288,0.989556
52.3518,0.018043,0.00288,0.988932
52.3538,0.023424,0.00288,0.988412
52.3558,0.023424,0.00288,0.988028
52.3578,0.00159,0.00288,0.987362
52.3598,0.00159,0.00288,0.986729
52.3618,0.030604,0.00288,0.98613
52.3638,0.037509,0.00288,0.985486
52.3662,0.017525,0.00288,0.984881
52.3678,0.017525,0.00288,0.984014
52.3698,0.013382,0.00288,0.983502
52.3718,0.013382,0.00288,0.982833
52.3738,0.008554,0.00288,0.982139
52.3758,0.008554,0.00288,0.981334
52.3778,0.008554,0.00288,0.980615
52.3798,0.008554,0.00288,0.97979
52.3818,0.016777,0.00288,0.97905
52.3838,0.008039,0.00288,0.978277
52.3858,0.008039,0.00288,0.977531
52.3878,0.001154,0.00288,0.976778
52.3898,0.011412,0.00288,0.975978
52.3918,0.015124,0.00288,0.975124
52.3938,0.006038,0.00288,0.974365
52.3958,0.00995,0.00288,0.973641
52.3982,0.00995,0.00288,0.972907
52.3998,1.4e-05,0.00288,0.972071
52.4018,0.011772,0.00288,0.971414
52.4038,0.011772,0.00288,0.970734
52.4058,0.019733,0.00288,0.970093
52.4078,0.019733,0.00288,0.969221
52.4098,0.019733,0.00288,0.968533
52.4118,0.019733,0.00288,0.967681
52.4138,0.00402,0.00288,0.967012
52.4158,0.010068,0.00288,0.966283
52.4178,0.010068,0.00288,0.96549
52.4198,0.001426,0.00288,0.964751
52.4218,0.000748,0.00288,0.964022
52.4238,0.014764,0.00288,0.963371
52.4258,0.014764,0.00288,0.962603
52.4278,0.014764,0.00288,0.961888
52.4298,0.014764,0.00288,0.96112
52.4322,0.002301,0.00288,0.960467
52.4338,0.002301,0.00288,0.95953
52.4358,0.002301,0.00288,0.958935
52.4378,0.002301,0.00288,0.958334
52.4398,0.017787,0.00288,0.957631
52.4418,0.008717,0.00288,0.956852
52.4438,0.009136,0.00288,0.956241
52.4458,0.009136,0.00288,0.955609
52.4478,0.009136,0.00288,0.954888
52.4498,0.009136,0.00288,0.954183
52.4518,0.03838,0.00288,0.953533
52.4538,0.024959,0.00288,0.952768
52.4558,0.024959,0.00288,0.952196
52.4578,0.024959,0.00288,0.95154
52.4598,0.007713,0.00288,0.950971
52.4618,0.034395,0.00288,0.950409
52.4638,0.034395,0.00288,0.949888
52.4662,0.018329,0.00288,0.949364
52.4678,0.039789,0.00288,0.948783
52.4698,0.019017,0.00288,0.948351
52.4718,0.023217,0.00288,0.947898
52.4738,0.023217,0.00288,0.947414
52.4758,0.023217,0.00288,0.946934
52.4778,0.030191,0.00288,0.94657
52.4798,0.034695,0.00288,0.946168
52.4818,0.007013,0.00288,0.945866
52.4838,0.007013,0.00288,0.945453
52.4858,0.027188,0.00288,0.945138
52.4878,0.033913,0.00288,0.944839
52.4898,0.034843,0.00288,0.944607
52.4918,0.002491,0.00288,0.944398
52.4938,0.002491,0.00288,0.944237
52.4958,0.030141,0.00288,0.943998
52.4978,0.021085,0.00288,0.9438
52.4998,0.003942,0.00288,0.943761
52.5018,0.008541,0.00288,0.943617
52.5038,0.01604,0.00288,0.943407
52.5058,0.002418,0.00288,0.943449
52.5078,0.002418,0.00288,0.943438
52.5098,0.002418,0.00288,0.943428
52.5118,0.004021,0.00288,0.943328
52.5138,0.016133,0.00288,0.943344
52.5158,0.016133,0.00288,0.943359
52.5178,0.016133,0.00288,0.943406
52.5198,0.016133,0.00288,0.943464
52.5218,0.016133,0.00288,0.943536
52.5238,0.016133,0.00288,0.943607
52.5258,0.016133,0.00288,0.943599
52.5278,0.022942,0.00288,0.943746
52.5298,0.018097,0.00288,0.943847
52.5318,0.018298,0.00288,0.943902
52.5338,0.018298,0.00288,0.944094
52.5358,0.026096,0.00288,0.944197
52.5378,0.00617,0.00288,0.944411
52.5398,0.002985,0.00288,0.944429
52.5418,0.002985,0.00288,0.944721
52.5438,0.008414,0.00288,0.944878
52.5458,0.018158,0.00288,0.945143
52.5478,0.00317,0.00288,0.945268
52.5498,0.00317,0.00288,0.945533
52.5518,0.00317,0.00288,0.945827
52.5538,0.00807,0.00288,0.94612
52.5558,0.043205,0.00288,0.946369
52.5578,0.03963,0.00288,0.946546
52.5598,0.03963,0.00288,0.946857
52.5618,0.03963,0.00288,0.947141
52.5638,0.003499,0.00288,0.947482
52.5658,0.00401,0.00288,0.947823
52.5678,0.006515,0.00288,0.94819
52.5698,0.006834,0.00288,0.948591
52.5718,0.006834,0.00288,0.949014
52.5738,0.004782,0.00288,0.949478
52.5758,0.000486,0.00288,0.949887
52.5778,0.000486,0.00288,0.950327
52.5798,0.000486,0.00288,0.950869
52.5818,0.011329,0.00288,0.951442
52.5838,0.011329,0.00288,0.951986
52.5858,0.011329,0.00288,0.952325
52.5878,0.013171,0.00288,0.953013
52.5898,0.026445,0.00288,0.953349
52.5918,0.016842,0.00288,0.95403
52.5938,0.000872,0.00288,0.954561
52.5958,0.00373,0.00288,0.955029
52.5978,0.029786,0.00288,0.955587
52.5998,0.007034,0.00288,0.956375
52.6018,0.003501,0.00288,0.956887
52.6038,0.003501,0.00288,0.957644
52.6058,0.007759,0.00288,0.958135
52.6078,0.003189,0.00288,0.958897
52.6098,0.021513,0.00288,0.959562
52.6118,0.021513,0.00288,0.960219
52.6138,0.021513,0.00288,0.960907
52.6158,0.00691,0.00288,0.961722
52.6178,0.003696,0.00288,0.962503
52.6198,0.000915,0.00288,0.963179
52.6218,0.002361,0.00288,0.963859
52.6238,0.006136,0.00288,0.964614
52.6258,0.001965,0.00288,0.965493
52.6278,0.00835,0.00288,0.966151
52.6298,0.005362,0.00288,0.966922
52.6318,0.005362,0.00288,0.967805
52.6338,0.005362,0.00288,0.968572
52.6358,0.005362,0.00288,0.969384
52.6383,0.000578,0.00288,0.970103
52.6398,0.000578,0.00288,0.971127
52.6418,0.032608,0.00288,0.971829
52.6438,0.001308,0.00288,0.972658
52.6458,0.001308,0.00288,0.973478
52.6478,0.001308,0.00288,0.974371
52.6498,0.017071,0.00288,0.97522
52.6518,0.017071,0.00288,0.976128
52.6538,0.017071,0.00288,0.976972
52.6558,0.007142,0.00288,0.977863
52.6578,0.002149,0.00288,0.97878
52.6598,0.002149,0.00288,0.97974
52.6618,0.002149,0.00288,0.980635
52.6638,0.002149,0.00288,0.981584
52.6658,0.017222,0.00288,0.982471
52.6678,0.024563,0.00288,0.983466
52.6698,0.000315,0.00288,0.984384
52.6718,0.004474,0.00288,0.985433
52.6743,0.037568,0.00288,0.986421
52.6768,0.003817,0.00288,0.987614
52.6789,0.026563,0.00288,0.988988
52.6809,0.026563,0.00288,0.990136
52.6827,0.026563,0.00288,0.991119
52.6849,0.012479,0.00288,0.992263
52.6869,0.022361,0.00288,0.993365
52.6889,0.022361,0.00288,0.994535
52.6907,0.022361,0.00288,0.995751
52.6928,0.010998,0.00288,0.996817
52.6949,0.017481,0.00288,0.998017
52.6969,0.017481,0.00288,0.999249
52.6987,0.003619,0.0321,1.00054
52.7008,0.059013,0.10638,1.00177
52.7029,0.189561,0.19122,1.00319
52.7049,0.374109,0.2556,1.00426
52.7067,0.540809,0.30156,1.00503
52.7093,0.727629,0.3162,1.00527
52.7113,0.898144,0.29304,1.00488
52.7129,0.944611,0.27924,1.00465
52.7147,0.881625,0.28176,1.0047
52.7169,0.846039,0.28116,1.00469
52.7189,0.839157,0.28128,1.00469
52.7209,0.827091,0.27498,1.00458
52.7227,0.829463,0.2634,1.00439
52.7249,0.806078,0.2514,1.00419
52.7269,0.776843,0.23286,1.00388
52.7289,0.737694,0.21348,1.00356
52.7307,0.690381,0.19152,1.00319
52.7329,0.621927,0.17874,1.00298
52.7349,0.57453,0.15492,1.00258
52.7369,0.526338,0.14112,1.00235
52.7387,0.467232,0.13212,1.0022
52.7409,0.428876,0.1158,1.00193
52.7433,0.386127,0.11622,1.00194
52.7453,0.37054,0.10344,1.00172
52.7469,0.335603,0.09708,1.00162
52.7489,0.307641,0.09498,1.00158
52.7509,0.296202,0.0963,1.00161
52.7529,0.299961,0.1035,1.00172
52.7547,0.311497,0.0999,1.00167
52.7569,0.303994,0.10248,1.00171
52.7589,0.305484,0.11328,1.00189
52.7609,0.326461,0.1146,1.00191
52.7627,0.345845,0.11544,1.00192
52.7649,0.345382,0.13026,1.00217
52.7669,0.369525,0.13344,1.00222
52.7689,0.392893,0.14076,1.00235
52.7707,0.413495,0.1494,1.00249
52.7729,0.434682,0.15468,1.00258
52.7749,0.446836,0.1587,1.00265
52.7769,0.463849,0.16296,1.00272
52.7793,0.481193,0.16062,1.00268
52.7813,0.484246,0.16296,1.00272
52.7833,0.481035,0.1572,1.00262
52.7849,0.484051,0.15798,1.00263
52.7867,0.48159,0.1551,1.00259
52.7889,0.454797,0.15204,1.00253
52.7909,0.459793,0.14028,1.00234
52.7929,0.440559,0.12978,1.00216
52.7947,0.419024,0.12336,1.00206
52.7969,0.388504,0.1149,1.00192
52.7989,0.355987,0.10782,1.0018
52.8009,0.346942,0.09642,1.00161
52.8027,0.30871,0.08682,1.00145
52.8049,0.279908,0.08112,1.00135
52.8069,0.263359,0.0708,1.00118
52.8089,0.235618,0.06822,1.00114
52.8107,0.212384,0.05058,1.00084
52.8133,0.185023,0.04914,1.00082
52.8153,0.164486,0.03618,1.0006
52.8173,0.128024,0.03924,1.00065
52.8189,0.116917,0.02832,1.00047
52.8209,0.100835,0.0225,1.00038
52.8229,0.092726,0.02094,1.00035
52.8249,0.080499,0.01656,1.00028
52.8267,0.053304,0.02328,1.00039
52.8289,0.063312,0.021,1.00035
52.8309,0.06761,0.02406,1.0004
52.8329,0.065455,0.02328,1.00039
52.8347,0.067981,0.0237,1.0004
52.8369,0.066148,0.02904,1.00048
52.8389,0.08272,0.02766,1.00046
52.8409,0.079103,0.02904,1.00048
52.8427,0.081846,0.02922,1.00049
52.8449,0.086878,0.0234,1.00039
52.8473,0.084807,0.01704,1.00028
52.8489,0.060155,0.01524,1.00025
52.8507,0.054005,0.01494,1.00025
52.8529,0.051822,0.02562,1.00043
52.8549,0.070443,0.02088,1.00035
52.8569,0.058081,0.01758,1.00029
52.8587,0.056483,0.0213,1.00036
52.8609,0.069533,0.01668,1.00028
52.8629,0.059343,0.01872,1.00031
52.8649,0.045285,0.01422,1.00024
52.8667,0.046828,0.01476,1.00025
52.8689,0.052227,0.01884,1.00031
52.8709,0.050188,0.018,1.0003
52.8729,0.051008,0.01914,1.00032
52.8747,0.048902,0.0189,1.00032
52.8769,0.065592,0.01638,1.00027
52.8789,0.05189,0.01212,1.0002
52.8809,0.04001,0.01698,1.00028
52.8833,0.055052,0.01914,1.00032
52.8859,0.050571,0.02346,1.00039
52.8879,0.066731,0.0189,1.00032
52.8899,0.066463,0.02088,1.00035
52.8919,0.05137,0.02148,1.00036
52.8939,0.056821,0.02058,1.00034
52.8959,0.072232,0.01794,1.0003
52.8979,0.056115,0.01782,1.0003
52.9009,0.054402,0.018,1.0003
52.9029,0.045924,0.01548,1.00026
52.9049,0.045482,0.02142,1.00036
52.9067,0.062536,0.0159,1.00027
52.9089,0.053961,0.01308,1.00022
52.9109,0.042076,0.01392,1.00023
52.9129,0.046134,0.01368,1.00023
52.9147,0.036807,0.01212,1.0002
52.9169,0.035364,0.01104,1.00018
52.9189,0.03676,0.01764,1.00029
52.9209,0.034867,0.0102,1.00017
52.9227,0.045937,0.01668,1.00028
52.9249,0.03915,0.01902,1.00032
52.9269,0.044438,0.01164,1.00019
52.9289,0.058676,0.01578,1.00026
52.9307,0.036617,0.01338,1.00022
52.9329,0.036558,0.0126,1.00021
52.9349,0.049248,0.01386,1.00023
52.9369,0.031867,0.01662,1.00028
52.9387,0.044185,0.0111,1.00019
52.9409,0.049104,0.0162,1.00027
52.9429,0.032339,0.01032,1.00017
52.9449,0.030708,0.01134,1.00019
52.9467,0.038472,0.00708,1.00012
52.9489,0.021405,0.00438,1.00007
52.9509,0.01677,0.00492,1.00008
52.9533,0.02667,0.01116,1.00019
52.9553,0.014512,0.01092,1.00018
52.9573,0.027023,0.00558,1.00009
52.9593,0.032295,0.00696,1.00012
52.9613,0.024967,0.00666,1.00011
52.9633,0.013953,0.00726,1.00012
52.9659,0.027322,0.00726,0.999955
52.9679,0.002211,0.00114,1.00002
52.9699,0.002033,0.00114,0.999948
52.9719,0.00347,0.00114,0.999934
52.9739,0.002783,0.00114,0.999939
52.9759,0.004921,0.00114,0.999872
52.9779,0.004921,0.00114,0.999996
52.9799,0.004921,0.00114,0.999958
52.9819,0.004921,0.00114,0.999753
52.9839,0.004921,0.00114,0.999746
52.9859,0.011259,0.00114,0.999697
52.9883,0.011259,0.00114,0.999663
52.9899,0.011259,0.00114,0.999491
52.9919,0.011259,0.00114,0.999477
52.9939,0.000855,0.00114,0.9994
52.9959,0.000855,0.00114,0.999293
52.9979,0.000459,0.00114,0.999203
52.9999,0.000459,0.00114,0.999098
53.0019,0.000459,0.00114,0.998949
53.0039,0.000459,0.00114,0.998828
53.0059,0.006147,0.00114,0.998564
53.0079,0.006147,0.00114,0.998401
53.0099,0.006147,0.00114,0.998178
53.0119,0.012741,0.00114,0.99794
53.0139,6e-06,0.00114,0.997805
53.0159,0.01294,0.00114,0.997475
53.0179,0.01294,0.00114,0.997299
53.0199,0.015932,0.00114,0.997007
53.0219,0.000506,0.00114,0.996717
53.0239,0.005523,0.00114,0.996509
53.0259,0.015689,0.00114,0.996198
53.0279,0.001327,0.00114,0.995895
53.0299,0.001327,0.00114,0.99557
53.0319,0.005428,0.00114,0.995266
53.0339,0.017801,0.00114,0.994855
53.0359,0.017801,0.00114,0.99453
53.0379,0.017801,0.00114,0.994172
53.0399,0.017801,0.00114,0.993768
53.0419,0.021157,0.00114,0.993403
53.0439,0.021157,0.00114,0.992994
53.0459,0.021157,0.00114,0.992671
53.0479,0.021157,0.00114,0.99222
53.0499,0.021157,0.00114,0.991863
53.0519,0.021157,0.00114,0.991456
53.0539,0.021157,0.00114,0.990954
53.0563,0.021157,0.00114,0.990553
53.0579,0.021157,0.00114,0.990044
53.0599,0.021157,0.00114,0.989625
53.0619,0.018185,0.00114,0.989118
53.0639,0.018185,0.00114,0.988667
53.0659,0.018185,0.00114,0.988021
53.0679,0.018185,0.00114,0.987637
53.0699,0.023063,0.00114,0.987003
53.0719,0.023063,0.00114,0.98648
53.0739,0.023063,0.00114,0.985983
53.0759,0.023063,0.00114,0.985441
53.0779,0.029927,0.00114,0.984865
53.0799,0.029927,0.00114,0.98426
53.0819,0.029927,0.00114,0.983546
53.0839,0.029927,0.00114,0.982942
53.0859,0.013218,0.00114,0.982252
53.0879,0.012116,0.00114,0.981443
53.0903,0.012116,0.00114,0.980828
53.0929,0.010354,0.00114,0.979959
53.0949,0.010354,0.00114,0.978999
53.0969,0.010354,0.00114,0.978214
53.0988,0.010354,0.00114,0.977549
53.1003,0.010354,0.00114,0.976739
53.1019,0.001617,0.00114,0.976045
53.1039,0.021758,0.00114,0.975483
53.1059,0.007342,0.00114,0.974584
53.1079,0.005813,0.00114,0.973815
53.1099,0.005813,0.00114,0.97305
53.1119,0.000177,0.00114,0.972156
53.1139,0.003241,0.00114,0.971391
53.1159,0.003241,0.00114,0.970412
53.1179,0.00065,0.00114,0.969468
53.1199,0.00065,0.00114,0.968614
53.1223,0.000857,0.00114,0.96777
53.1239,0.007626,0.00114,0.966718
53.1259,0.004255,0.00114,0.966049
53.1279,0.000375,0.00114,0.965248
53.1299,0.000375,0.00114,0.964303
53.1319,0.006626,0.00114,0.963513
53.1339,0.006721,0.00114,0.962593
53.1359,0.006721,0.00114,0.9618
53.1379,0.003039,0.00114,0.961144
53.1399,0.003039,0.00114,0.960263
53.1419,0.011126,0.00114,0.959578
53.1439,0.011126,0.00114,0.958809
53.1459,0.016604,0.00114,0.958115
53.1479,0.024556,0.00114,0.95735
53.1499,0.024556,0.00114,0.956636
53.1519,0.01217,0.00114,0.955945
53.1539,0.003009,0.00114,0.955173
53.1563,0.003654,0.00114,0.954648
53.1579,0.003654,0.00114,0.953711
53.1599,0.035712,0.00114,0.953352
53.1619,0.014175,0.00114,0.952658
53.1639,0.026936,0.00114,0.952132
53.1659,0.027069,0.00114,0.951528
53.1679,0.027069,0.00114,0.950925
53.1699,0.027069,0.00114,0.950436
53.1719,0.014913,0.00114,0.949993
53.1739,0.026384,0.00114,0.949358
53.1759,0.026384,0.00114,0.949189
53.1779,0.026384,0.00114,0.948747
53.1799,0.002769,0.00114,0.948248
53.1819,0.034698,0.00114,0.947971
53.1839,0.034698,0.00114,0.947642
53.1859,0.00244,0.00114,0.947269
53.1879,0.00244,0.00114,0.947031
53.1903,0.026581,0.00114,0.946816
53.1919,0.026581,0.00114,0.946504
53.1939,0.002005,0.00114,0.94637
53.1959,0.00723,0.00114,0.946278
53.1979,0.00723,0.00114,0.946
53.1999,0.038036,0.00114,0.945922
53.2019,0.02629,0.00114,0.945828
53.2039,0.02629,0.00114,0.945661
53.2059,0.02629,0.00114,0.945739
53.2079,0.006043,0.00114,0.945739
53.2099,0.014075,0.00114,0.945727
53.2119,0.007993,0.00114,0.945783
53.2139,0.007993,0.00114,0.945801
53.2159,0.007993,0.00114,0.945877
53.2179,0.033835,0.00114,0.945986
53.2199,0.033835,0.00114,0.946025
53.2219,0.033835,0.00114,0.94614
53.2244,0.033835,0.00114,0.946251
53.2259,0.033835,0.00114,0.946387
53.2279,0.033835,0.00114,0.946556
53.2299,0.022649,0.00114,0.946809
53.2319,0.022649,0.00114,0.946891
53.2339,0.022649,0.00114,0.947024
53.2359,0.022649,0.00114,0.947288
53.2379,0.014878,0.00114,0.947472
53.2399,0.006437,0.00114,0.947721
53.2419,0.006437,0.00114,0.948026
53.2439,0.019439,0.00114,0.948184
53.2459,0.011008,0.00114,0.948576
53.2479,0.011008,0.00114,0.94889
53.2499,0.011008,0.00114,0.949219
53.2519,0.004193,0.00114,0.949689
53.2539,0.010968,0.00114,0.950132
53.2559,0.000188,0.00114,0.950409
53.2579,0.000188,0.00114,0.950963
53.2599,0.000188,0.00114,0.951383
53.2619,0.012587,0.00114,0.951945
53.2639,0.012587,0.00114,0.952391
53.2659,0.012587,0.00114,0.95291
53.2679,0.012587,0.00114,0.953489
53.2699,0.034264,0.00114,0.953977
53.2719,0.034264,0.00114,0.954636
53.2739,0.034264,0.00114,0.955142
53.2759,0.034264,0.00114,0.955804
53.2779,0.021652,0.00114,0.956441
53.2799,0.021652,0.00114,0.957219
53.2819,0.021652,0.00114,0.957914
53.2839,0.021652,0.00114,0.958517
53.2859,0.014269,0.00114,0.959346
53.2879,0.014269,0.00114,0.959977
53.2899,0.014269,0.00114,0.960722
53.2919,0.014269,0.00114,0.961498
53.2939,0.011307,0.00114,0.962302
53.2959,0.011307,0.00114,0.963064
53.2979,0.011307,0.00114,0.96394
53.2999,0.006065,0.00114,0.964706
53.3019,0.010069,0.00114,0.965474
53.3039,0.00817,0.00114,0.966338
53.3059,0.00817,0.00114,0.96718
53.3079,0.000682,0.00114,0.968058
53.3099,0.009021,0.00114,0.968952
53.3119,0.003301,0.00114,0.969859
53.3139,0.01217,0.00114,0.970735
53.3159,0.021314,0.00114,0.971571
53.3179,0.001193,0.00114,0.972566
53.3199,0.016318,0.00114,0.973608
53.3219,0.022496,0.00114,0.974667
53.3239,0.022496,0.00114,0.975611
53.3259,0.000683,0.00114,0.976619
53.3284,9.1e-05,0.00114,0.977745
53.3299,9.1e-05,0.00114,0.979031
53.3319,0.005595,0.00114,0.979911
53.3339,0.005595,0.00114,0.981045
53.3359,0.005595,0.00114,0.982238
53.3379,0.005595,0.00114,0.983457
53.3399,0.005595,0.00114,0.984651
53.3419,0.005595,0.00114,0.985827
53.3439,0.004259,0.00114,0.987146
53.3459,0.004259,0.00114,0.988474
53.3479,0.004259,0.00114,0.989746
53.35,0.020701,0.00114,0.991153
53.352,0.020701,0.00114,0.992535
53.3539,0.020701,0.00114,0.994025
53.3559,0.029324,0.00114,0.995479
53.358,0.005995,0.00114,0.99699
53.36,0.016976,0.00114,0.998482
53.362,0.012499,0.00774,1.00013
53.365,0.028054,0.11268,1.00188
53.367,0.161786,0.26322,1.00439
53.369,0.459063,0.35304,1.00588
53.3708,0.723508,0.4335,1.00723
53.3729,0.996696,0.44688,1.00745
53.375,1.26507,0.42276,1.00705
53.377,1.32577,0.40068,1.00668
53.3788,1.2331,0.40914,1.00682
53.381,1.24449,0.40086,1.00668
53.383,1.20924,0.40032,1.00667
53.385,1.19102,0.37626,1.00627
53.3868,1.14833,0.35958,1.00599
53.389,1.0938,0.33954,1.00566
53.391,1.05011,0.30654,1.00511
53.393,0.980379,0.26472,1.00441
53.3948,0.886132,0.22152,1.00369
53.397,0.755916,0.18906,1.00315
53.3994,0.64685,0.14616,1.00244
53.4014,0.545073,0.12096,1.00202
53.403,0.450436,0.09828,1.00164
53.4054,0.375098,0.09006,1.0015
53.4074,0.316565,0.07968,1.00133
53.409,0.282186,0.07878,1.00131
53.4108,0.255223,0.07764,1.00129
53.413,0.240858,0.0771,1.00129
53.415,0.244481,0.08226,1.00137
53.417,0.246996,0.08922,1.00149
53.4188,0.257632,0.096,1.0016
53.421,0.289768,0.10158,1.00169
53.423,0.300724,0.10308,1.00172
53.425,0.303543,0.12594,1.0021
53.4268,0.337996,0.12768,1.00213
53.429,0.377705,0.13116,1.00219
53.431,0.384854,0.14106,1.00235
53.4334,0.409426,0.14682,1.00245
53.4354,0.435634,0.15534,1.00259
53.4374,0.457329,0.16356,1.00273
53.4394,0.48193,0.1707,1.00285
53.4414,0.503498,0.18408,1.00307
53.4434,0.529069,0.19848,1.00331
53.446,0.562366,0.21528,1.00359
53.448,0.605708,0.22776,1.0038
53.45,0.650654,0.23628,1.00394
53.452,0.688554,0.2424,1.00404
53.454,0.712162,0.24756,1.00413
53.456,0.726789,0.24522,1.00409
53.458,0.732363,0.24108,1.00402
53.46,0.727953,0.2385,1.00398
53.462,0.713491,0.22764,1.00379
53.464,0.700454,0.21744,1.00362
53.466,0.670863,0.20238,1.00337
53.468,0.637053,0.18174,1.00303
53.4704,0.581074,0.15582,1.0026
53.4724,0.528377,0.13608,1.00227
53.4744,0.467373,0.11514,1.00192
53.477,0.384134,0.0906,1.00151
53.479,0.326515,0.07704,1.00128
53.481,0.279632,0.06924,1.00115
53.4828,0.242793,0.0573,1.00096
53.485,0.203202,0.05424,1.0009
53.487,0.179922,0.0522,1.00087
53.489,0.175457,0.0522,1.00087
53.4908,0.16357,0.04974,1.00083
53.493,0.154272,0.04824,1.0008
53.495,0.149675,0.0525,1.00088
53.497,0.15872,0.06114,1.00102
53.4988,0.16155,0.05886,1.00098
53.501,0.172791,0.0612,1.00102
53.503,0.180069,0.06276,1.00105
53.5054,0.18461,0.06138,1.00102
53.5074,0.192583,0.06234,1.00104
53.51,0.180048,0.06138,1.00102
53.512,0.182689,0.06306,1.00105
53.514,0.188599,0.0621,1.00104
53.516,0.182514,0.0624,1.00104
53.518,0.180231,0.06186,1.00103
53.52,0.193779,0.05994,1.001
53.522,0.180686,0.063,1.00105
53.524,0.179931,0.0612,1.00102
53.526,0.188554,0.0606,1.00101
53.528,0.177919,0.06228,1.00104
53.53,0.18006,0.06036,1.00101
53.532,0.193866,0.06138,1.00102
53.534,0.179925,0.06126,1.00102
53.536,0.175405,0.05484,1.00091
53.538,0.182575,0.05004,1.00083
53.5414,0.159341,0.0519,1.00087
53.5434,0.163795,0.03762,1.00063
53.5454,0.135876,0.03828,1.00064
53.5474,0.117988,0.03486,1.00058
53.549,0.109632,0.02748,1.00046
53.551,0.103383,0.02814,1.00047
53.553,0.086678,0.02688,1.00045
53.5548,0.081813,0.02232,1.00037
53.557,0.090123,0.02688,1.00045
53.559,0.06804,0.02274,1.00038
53.561,0.07185,0.01452,1.00024
53.5628,0.064548,0.02004,1.00033
53.565,0.061716,0.02166,1.00036
53.567,0.054478,0.01776,1.0003
53.569,0.06034,0.0153,1.00026
53.5708,0.060892,0.01596,1.00027
53.573,0.036204,0.01884,1.00031
53.575,0.049442,0.01548,1.00026
53.5774,0.041753,0.01626,1.00027
53.5794,0.065801,0.01764,1.00029
53.5814,0.054828,0.01722,1.00029
53.5834,0.052955,0.01584,1.00026
53.5854,0.049402,0.01584,1.00026
53.5874,0.060431,0.0168,1.00028
53.59,0.048894,0.02208,1.00037
53.592,0.053733,0.02046,1.00034
53.594,0.058337,0.01752,1.00029
53.596,0.064813,0.02286,1.00038
53.598,0.055454,0.02124,1.00035
53.6,0.058698,0.03072,1.00051
53.602,0.087639,0.02556,1.00043
53.605,0.082935,0.03072,1.00051
53.607,0.090255,0.03138,1.00052
53.609,0.08702,0.02832,1.00047
53.6108,0.084071,0.03264,1.00054
53.6134,0.091316,0.03582,1.0006
53.615,0.107852,0.03912,1.00065
53.617,0.102995,0.03606,1.0006
53.6188,0.119554,0.03372,1.00056
53.621,0.11026,0.03522,1.00059
53.623,0.105405,0.0354,1.00059
53.625,0.117318,0.03624,1.0006
53.6268,0.100512,0.04296,1.00072
53.629,0.109593,0.03378,1.00056
53.631,0.115148,0.03876,1.00065
53.633,0.119747,0.0387,1.00065
53.6348,0.10979,0.04002,1.00067
53.637,0.114344,0.03768,1.00063
53.639,0.121797,0.03882,1.00065
53.641,0.129257,0.03396,1.00057
53.6428,0.100536,0.04014,1.00067
53.645,0.10967,0.04248,1.00071
53.647,0.12629,0.04236,1.00071
53.649,0.135878,0.04446,1.00074
53.6508,0.124095,0.0429,1.00072
53.653,0.131093,0.04254,1.00071
53.655,0.138073,0.04488,1.00075
53.657,0.126302,0.04992,1.00083
53.6588,0.142707,0.04938,1.00082
53.661,0.154075,0.05106,1.00085
53.663,0.147458,0.05772,1.00096
53.665,0.159278,0.06258,1.00104
53.6668,0.189145,0.06012,1.001
53.669,0.178105,0.07278,1.00121
53.671,0.203514,0.08016,1.00134
53.673,0.226735,0.08688,1.00145
53.6748,0.258162,0.09186,1.00153
53.677,0.268213,0.10254,1.00171
53.679,0.298326,0.11382,1.0019
53.681,0.333015,0.1329,1.00222
53.683,0.389202,0.14544,1.00242
53.685,0.413098,0.16374,1.00273
53.687,0.466409,0.17748,1.00296
53.689,0.500501,0.198,1.0033
53.6908,0.558827,0.21216,1.00354
53.693,0.602977,0.23436,1.00391
53.695,0.660994,0.24876,1.00415
53.697,0.712693,0.25914,1.00432
53.6988,0.738227,0.26634,1.00444
53.701,0.772226,0.27846,1.00464
53.703,0.811042,0.29046,1.00484
53.705,0.843597,0.29244,1.00487
53.7068,0.868214,0.29166,1.00486
53.709,0.874131,0.29334,1.00489
53.711,0.882521,0.294,1.0049
53.713,0.886048,0.29562,1.00493
53.7148,0.888759,0.2895,1.00483
53.717,0.892679,0.28746,1.00479
53.7194,0.881459,0.288,1.0048
53.7214,0.866297,0.28614,1.00477
53.7234,0.868123,0.28518,1.00475
53.7254,0.868167,0.28146,1.00469
53.7274,0.860216,0.27792,1.00463
53.7294,0.846467,0.27726,1.00462
53.7314,0.842999,0.27474,1.00458
53.734,0.838923,0.27102,1.00452
53.736,0.82097,0.26514,1.00442
53.738,0.812121,0.27108,1.00452
53.74,0.814618,0.27054,1.00451
53.742,0.823139,0.26724,1.00445
53.744,0.806926,0.27312,1.00455
53.746,0.816925,0.27768,1.00463
53.748,0.835453,0.26988,1.0045
53.75,0.82767,0.27024,1.0045
53.752,0.816599,0.27258,1.00454
53.7544,0.82069,0.27918,1.00465
53.7564,0.835915,0.2853,1.00476
53.7584,0.840251,0.28392,1.00473
53.7604,0.862959,0.28446,1.00474
53.7624,0.867795,0.2829,1.00472
53.7644,0.848927,0.27996,1.00467
53.7664,0.854253,0.28212,1.0047
53.7684,0.861019,0.2844,1.00474
53.7704,0.855264,0.2832,1.00472
53.7724,0.851619,0.28188,1.0047
53.7744,0.85763,0.27672,1.00461
53.7764,0.837714,0.27468,1.00458
53.7784,0.83483,0.26346,1.00439
53.7804,0.815659,0.26316,1.00439
53.7824,0.801881,0.26166,1.00436
53.7844,0.794813,0.25668,1.00428
53.7864,0.788205,0.24594,1.0041
53.789,0.761569,0.23856,1.00398
53.791,0.731447,0.23376,1.0039
53.793,0.727224,0.2247,1.00375
53.7949,0.69472,0.21648,1.00361
53.797,0.68002,0.2133,1.00355
53.799,0.65919,0.20778,1.00346
53.801,0.639534,0.20304,1.00338
53.8029,0.62324,0.19566,1.00326
53.805,0.611386,0.1944,1.00324
53.807,0.599422,0.19128,1.00319
53.809,0.583877,0.19482,1.00325
53.8109,0.596066,0.1923,1.00321
53.813,0.581134,0.18864,1.00314
53.815,0.579542,0.19608,1.00327
53.817,0.59587,0.19956,1.00333
53.8189,0.592611,0.20676,1.00345
53.821,0.606749,0.20802,1.00347
53.8234,0.621008,0.2073,1.00346
53.8254,0.633157,0.21066,1.00351
53.8274,0.635879,0.20724,1.00345
53.83,0.625169,0.21462,1.00358
53.832,0.626726,0.21888,1.00365
53.834,0.650832,0.21876,1.00365
53.836,0.662009,0.21744,1.00362
53.838,0.655128,0.22038,1.00367
53.84,0.668926,0.22446,1.00374
53.842,0.667387,0.22128,1.00369
53.844,0.667837,0.23022,1.00384
53.846,0.686433,0.22866,1.00381
53.848,0.689338,0.23304,1.00388
53.85,0.696913,0.23316,1.00389
53.852,0.712515,0.23514,1.00392
53.854,0.711468,0.23934,1.00399
53.856,0.715851,0.24894,1.00415
53.858,0.734724,0.24612,1.0041
53.8604,0.740498,0.2517,1.0042
53.8624,0.752352,0.25716,1.00429
53.8644,0.768821,0.26568,1.00443
53.8664,0.780771,0.26634,1.00444
53.8684,0.789946,0.26802,1.00447
53.8704,0.804098,0.27786,1.00463
53.8724,0.821756,0.27786,1.00463
53.8744,0.825228,0.27966,1.00466
53.8764,0.840144,0.28476,1.00475
53.8784,0.847213,0.28662,1.00478
53.88,0.858327,0.28548,1.00476
53.882,0.873191,0.2904,1.00484
53.884,0.876281,0.29052,1.00484
53.886,0.877092,0.29166,1.00486
53.888,0.87939,0.29742,1.00496
53.89,0.896649,0.29658,1.00494
53.892,0.887017,0.3042,1.00507
53.894,0.908037,0.303,1.00505
53.8964,0.917337,0.30192,1.00503
53.8984,0.911511,0.30924,1.00515
53.9005,0.930715,0.30852,1.00514
53.9024,0.933813,0.32322,1.00539
53.9044,0.95412,0.3222,1.00537
53.9065,0.973872,0.32574,1.00543
53.9085,0.985977,0.33,1.0055
53.9104,0.994666,0.32904,1.00548
53.9124,1.0002,0.34008,1.00567
53.9145,1.00867,0.3438,1.00573
53.9165,1.01801,0.34746,1.00579
53.9185,1.03351,0.34284,1.00571
53.9204,1.044,0.34524,1.00575
53.9225,1.03948,0.34932,1.00582
53.9245,1.04574,0.3552,1.00592
53.9264,1.06936,0.35394,1.0059
53.9284,1.07738,0.34716,1.00579
53.9309,1.04397,0.35556,1.00593
53.933,1.06732,0.35214,1.00587
53.935,1.06357,0.3513,1.00586
53.937,1.06439,0.35862,1.00598
53.9389,1.07652,0.3573,1.00596
53.941,1.08626,0.35712,1.00595
53.943,1.08275,0.3579,1.00597
53.945,1.07985,0.36066,1.00601
53.9469,1.08664,0.36348,1.00606
53.949,1.10103,0.36888,1.00615
53.951,1.10385,0.36876,1.00615
53.953,1.12473,0.37446,1.00624
53.9549,1.11402,0.37602,1.00627
53.957,1.12992,0.3786,1.00631
53.959,1.13333,0.3888,1.00648
53.961,1.15733,0.38748,1.00646
53.9629,1.18054,0.39516,1.00659
53.965,1.17328,0.39954,1.00666
53.9675,1.18174,0.4038,1.00673
53.9695,1.21319,0.40566,1.00676
53.9715,1.2212,0.41034,1.00684
53.974,1.22126,0.41832,1.00697
53.976,1.24967,0.41952,1.00699
53.978,1.26613,0.4218,1.00703
53.98,1.26618,0.42606,1.0071
53.982,1.28204,0.42522,1.00709
53.984,1.28609,0.43212,1.0072
53.986,1.28936,0.43056,1.00718
53.988,1.29874,0.42918,1.00715
53.99,1.30663,0.43224,1.0072
53.992,1.29811,0.4248,1.00708
53.994,1.28537,0.42288,1.00705
53.996,1.28618,0.42426,1.00707
53.998,1.28592,0.41784,1.00696
54.0001,1.2655,0.4188,1.00698
54.0025,1.26954,0.41562,1.00693
54.0051,1.23751,0.41406,1.0069
54.0071,1.26947,0.4044,1.00674
54.0091,1.23786,0.40494,1.00675
54.0109,1.22155,0.39498,1.00658
54.0131,1.20558,0.39312,1.00655
54.0151,1.19362,0.39006,1.0065
54.0171,1.18245,0.38394,1.0064
54.0189,1.17712,0.38142,1.00636
54.0211,1.15747,0.38802,1.00647
54.0231,1.15925,0.38562,1.00643
54.0251,1.15787,0.37482,1.00625
54.0269,1.15096,0.3735,1.00623
54.0291,1.12716,0.37098,1.00618
54.0311,1.12641,0.36984,1.00616
54.0331,1.1225,0.36642,1.00611
54.0349,1.10939,0.36888,1.00615
54.0375,1.11122,0.36396,1.00607
54.0395,1.10808,0.35358,1.00589
54.0415,1.08899,0.34848,1.00581
54.0435,1.07579,0.34374,1.00573
54.0455,1.05134,0.33948,1.00566
54.0475,1.03303,0.33054,1.00551
54.0495,1.02474,0.3246,1.00541
54.0515,1.00465,0.31764,1.00529
54.0541,0.971146,0.3066,1.00511
54.0561,0.947643,0.30048,1.00501
54.0581,0.919028,0.2976,1.00496
54.0601,0.912186,0.2889,1.00482
54.0621,0.883481,0.2913,1.00486
54.0641,0.876493,0.27126,1.00452
54.0661,0.827621,0.27216,1.00454
54.0681,0.837125,0.25338,1.00422
54.0701,0.789678,0.2505,1.00418
54.0721,0.76536,0.23316,1.00389
54.0741,0.730467,0.22566,1.00376
54.0761,0.696524,0.21618,1.0036
54.0781,0.674617,0.20466,1.00341
54.0801,0.639765,0.19584,1.00326
54.0821,0.608542,0.1887,1.00314
54.0841,0.594988,0.18258,1.00304
54.0861,0.567062,0.17352,1.00289
54.0881,0.545571,0.16566,1.00276
54.0901,0.515896,0.16524,1.00275
54.0921,0.501359,0.15132,1.00252
54.0941,0.483531,0.14682,1.00245
54.0961,0.460257,0.14178,1.00236
54.0981,0.442599,0.13584,1.00226
54.1001,0.420399,0.13038,1.00217
54.1021,0.40184,0.12672,1.00211
54.1041,0.388263,0.11892,1.00198
54.1061,0.377093,0.1143,1.00191
54.1081,0.358635,0.10854,1.00181
54.1101,0.336639,0.11082,1.00185
54.1121,0.335303,0.10338,1.00172
54.1141,0.327408,0.09954,1.00166
54.1161,0.310263,0.0969,1.00162
54.1181,0.300531,0.09546,1.00159
54.1201,0.296041,0.09792,1.00163
54.1221,0.287208,0.09594,1.0016
54.1241,0.289572,0.08832,1.00147
54.1261,0.281889,0.08898,1.00148
54.1281,0.271112,0.0876,1.00146
54.1301,0.272481,0.08784,1.00146
54.1321,0.262628,0.0885,1.00148
54.1341,0.269014,0.0891,1.00149
54.1361,0.270517,0.0858,1.00143
54.1381,0.268617,0.08376,1.0014
54.1401,0.26532,0.0873,1.00145
54.1425,0.259784,0.08952,1.00149
54.1445,0.270613,0.0951,1.00159
54.1465,0.27722,0.0957,1.0016
54.1491,0.289043,0.10284,1.00171
54.1511,0.296324,0.10632,1.00177
54.1531,0.322943,0.10746,1.00179
54.1549,0.31761,0.11088,1.00185
54.1571,0.328074,0.11232,1.00187
54.1591,0.341633,0.11226,1.00187
54.1611,0.331917,0.1176,1.00196
54.1629,0.344707,0.12252,1.00204
54.1651,0.361572,0.12558,1.00209
54.1671,0.377962,0.12726,1.00212
54.1691,0.379866,0.13704,1.00228
54.1709,0.396397,0.13878,1.00231
54.1731,0.414562,0.14076,1.00235
54.1751,0.421586,0.14616,1.00244
54.1775,0.425063,0.15174,1.00253
54.1795,0.446448,0.15366,1.00256
54.1821,0.465105,0.1572,1.00262
54.1841,0.470052,0.16692,1.00278
54.1861,0.491199,0.17094,1.00285
54.1881,0.503372,0.18018,1.003
54.1901,0.52782,0.18636,1.00311
54.1921,0.554919,0.18588,1.0031
54.1941,0.561546,0.20154,1.00336
54.1961,0.581673,0.20514,1.00342
54.1981,0.605444,0.21204,1.00353
54.2001,0.620078,0.22326,1.00372
54.2021,0.654575,0.23262,1.00388
54.2041,0.685813,0.24204,1.00403
54.2061,0.720422,0.25476,1.00425
54.2081,0.755103,0.26796,1.00447
54.2101,0.783298,0.27294,1.00455
54.2121,0.799117,0.2847,1.00475
54.2145,0.85243,0.29622,1.00494
54.2165,0.876875,0.30774,1.00513
54.2185,0.902687,0.31632,1.00527
54.2205,0.938379,0.32958,1.00549
54.2225,0.966617,0.33906,1.00565
54.2245,0.998766,0.34848,1.00581
54.2265,1.02879,0.35664,1.00594
54.2291,1.06247,0.35796,1.00597
54.2311,1.07464,0.36636,1.00611
54.2331,1.08225,0.3591,1.00599
54.2349,1.08751,0.36396,1.00607
54.2371,1.0991,0.36264,1.00604
54.2391,1.091,0.35946,1.00599
54.2411,1.08116,0.35976,1.006
54.2429,1.08956,0.3612,1.00602
54.2451,1.08703,0.35532,1.00592
54.2471,1.07303,0.3552,1.00592
54.2491,1.07291,0.3468,1.00578
54.2515,1.05791,0.34602,1.00577
54.2535,1.04838,0.34596,1.00577
54.2555,1.02413,0.33522,1.00559
54.2575,1.00913,0.32754,1.00546
54.2595,1.00463,0.32094,1.00535
54.2621,0.975269,0.31206,1.0052
54.2641,0.960245,0.30876,1.00515
54.2661,0.946494,0.3051,1.00509
54.2681,0.934936,0.29838,1.00497
54.2701,0.901609,0.28788,1.0048
54.2721,0.892437,0.29076,1.00485
54.2741,0.886841,0.28884,1.00481
54.2761,0.882273,0.2781,1.00464
54.2781,0.853709,0.27708,1.00462
54.2801,0.841789,0.27336,1.00456
54.2821,0.839871,0.2676,1.00446
54.2841,0.821781,0.25956,1.00433
54.2865,0.790613,0.2553,1.00426
54.2885,0.775936,0.24822,1.00414
54.2905,0.762904,0.24636,1.00411
54.2931,0.750064,0.24222,1.00404
54.2951,0.738527,0.22872,1.00381
54.2971,0.70852,0.22728,1.00379
54.2989,0.698406,0.22194,1.0037
54.3011,0.673108,0.21432,1.00357
54.3031,0.657641,0.204,1.0034
54.3051,0.637991,0.20058,1.00334
54.3069,0.62067,0.19896,1.00332
54.3091,0.606918,0.18468,1.00308
54.3111,0.579181,0.17766,1.00296
54.3131,0.550043,0.17286,1.00288
54.3149,0.533924,0.16656,1.00278
54.3171,0.513677,0.15792,1.00263
54.3191,0.489427,0.14868,1.00248
54.3215,0.473407,0.13746,1.00229
54.3235,0.433106,0.12744,1.00212
54.3261,0.401386,0.11736,1.00196
54.3281,0.380964,0.10332,1.00172
54.3301,0.339541,0.09576,1.0016
54.3321,0.321051,0.08652,1.00144
54.3341,0.290712,0.08004,1.00133
54.3361,0.252413,0.0681,1.00114
54.3381,0.226504,0.05928,1.00099
54.3401,0.191657,0.04836,1.00081
54.3421,0.163169,0.045,1.00075
54.3441,0.145264,0.02904,1.00048
54.3461,0.130191,0.0231,1.00039
54.3481,0.087422,0.02016,1.00034
54.3501,0.06586,0.01818,1.0003
54.3521,0.071001,0.0129,1.00022
54.3541,0.044101,0.00588,1.0001
54.3571,0.031267,0.0072,1.00012
54.3591,0.024026,0.01284,1.00021
54.3611,0.037398,0.01548,1.00026
54.3629,0.024494,0.01968,1.00033
54.3651,0.043021,0.01458,1.00024
54.3671,0.05066,0.0204,1.00034
54.3691,0.046801,0.01284,1.00021
54.3709,0.047228,0.00894,1.00015
54.3731,0.044648,0.00834,1.00014
54.3751,0.026119,0.00012,1
54.3771,0.016148,0.00606,1.0001
54.3789,0.027229,0.00774,1.00013
54.3811,0.022906,0.01476,1.00025
54.3831,0.030812,0.01494,1.00025
54.3851,0.04731,0.01866,1.00031
54.3869,0.053851,0.02754,1.00046
54.3891,0.065923,0.02592,1.00043
54.3915,0.074954,0.03276,1.00055
54.3931,0.105672,0.0381,1.00064
54.3949,0.110169,0.04824,1.0008
54.3971,0.142644,0.0525,1.00088
54.3991,0.162008,0.06678,1.00111
54.4011,0.184901,0.08802,1.00147
54.4029,0.230407,0.10944,1.00182
54.4051,0.283586,0.12276,1.00205
54.4071,0.331647,0.1437,1.0024
54.4091,0.398195,0.16584,1.00276
54.4109,0.443767,0.17916,1.00299
54.4131,0.50456,0.19092,1.00318
54.4151,0.53864,0.20556,1.00343
54.4171,0.585018,0.22146,1.00369
54.419,0.62768,0.23244,1.00387
54.4211,0.669886,0.23724,1.00395
54.4231,0.698672,0.24768,1.00413
54.4251,0.720443,0.24996,1.00417
54.4271,0.745184,0.2577,1.0043
54.4291,0.769796,0.26748,1.00446
54.4311,0.781928,0.27444,1.00457
54.4331,0.805763,0.27696,1.00462
54.435,0.82329,0.27732,1.00462
54.4371,0.83394,0.28014,1.00467
54.4391,0.842737,0.28122,1.00469
54.4411,0.845608,0.28356,1.00473
54.443,0.830447,0.28644,1.00477
54.4451,0.863641,0.28938,1.00482
54.4471,0.866322,0.29574,1.00493
54.4491,0.88161,0.2955,1.00493
54.451,0.894547,0.29628,1.00494
54.4531,0.884255,0.29838,1.00497
54.4551,0.909738,0.3,1.005
54.4571,0.911114,0.29694,1.00495
54.459,0.901101,0.29832,1.00497
54.4611,0.896774,0.30048,1.00501
54.4631,0.900331,0.29556,1.00493
54.4651,0.894062,0.29814,1.00497
54.467,0.897218,0.29574,1.00493
54.4691,0.899985,0.29376,1.0049
54.4711,0.878443,0.29142,1.00486
54.4731,0.878729,0.28764,1.00479
54.475,0.877014,0.28086,1.00468
54.4771,0.856776,0.2766,1.00461
54.4791,0.84094,0.27696,1.00462
54.4811,0.84163,0.27408,1.00457
54.483,0.826343,0.26844,1.00447
54.4851,0.824844,0.26472,1.00441
54.4871,0.81302,0.25752,1.00429
54.4891,0.799578,0.24852,1.00414
54.491,0.764,0.2424,1.00404
54.4931,0.741935,0.23946,1.00399
54.4951,0.731622,0.22824,1.0038
54.4975,0.700479,0.21774,1.00363
54.4995,0.676226,0.20706,1.00345
54.5021,0.641632,0.18822,1.00314
54.5041,0.597623,0.18036,1.00301
54.5061,0.577117,0.1671,1.00279
54.5081,0.530611,0.15102,1.00252
54.5101,0.493618,0.14226,1.00237
54.5121,0.46213,0.12588,1.0021
54.5141,0.417061,0.1203,1.00201
54.5161,0.392979,0.1095,1.00183
54.5181,0.359194,0.09996,1.00167
54.5201,0.313672,0.09054,1.00151
54.5221,0.287054,0.0852,1.00142
54.5241,0.268868,0.07614,1.00127
54.5261,0.240866,0.07056,1.00118
54.5281,0.219365,0.06078,1.00101
54.5301,0.203021,0.0483,1.00081
54.5331,0.15168,0.04062,1.00068
54.5351,0.138298,0.03474,1.00058
54.5371,0.118426,0.02742,1.00046
54.539,0.096206,0.01968,1.00033
54.5411,0.084165,0.0192,1.00032
54.5431,0.06314,0.01146,1.00019
54.5451,0.043217,0.00432,1.00007
54.547,0.031273,0.00432,0.999989
54.5491,0.02271,0.00432,0.999901
54.5511,0.006864,0.00432,0.999895
54.5531,0.002814,0.00432,0.99993
54.555,0.006873,0.00132,1.00002
54.5571,0.006873,0.00192,1.00003
54.5591,0.006873,0.00318,1.00005
54.5611,0.006873,0.00306,1.00005
54.563,0.013758,0.00306,0.999815
54.5651,0.013758,0.00306,0.999826
54.5675,0.013758,0.00306,0.999688
54.5691,0.013758,0.00306,0.999532
54.571,0.006612,0.00306,0.999337
54.5725,0.010998,0.00306,0.99929
54.5741,0.01215,0.00306,0.999087
54.5761,0.01215,0.00306,0.998902
54.5781,0.01215,0.00306,0.998782
54.5801,0.01215,0.00306,0.998642
54.5821,0.015176,0.00306,0.998575
54.5841,0.015176,0.00306,0.99842
54.5861,0.001371,0.00306,0.99824
54.5881,0.001371,0.00306,0.998141
54.5901,0.004214,0.00306,0.998049
54.5921,0.000154,0.00306,0.998006
54.5941,0.011194,0.00306,0.998093
54.5961,0.003595,0.00306,0.998019
54.5981,0.002341,0.00306,0.99818
54.6006,0.001661,0.00306,0.998209
54.6021,0.002745,0.00306,0.998384
54.6041,0.002467,0.00306,0.99849
54.6061,0.018238,0.00306,0.998732
54.6081,0.004399,0.00306,0.999117
54.6101,0.004399,0.00306,0.999397
54.6121,0.010957,0.00306,0.999654
54.6141,0.014,0.00306,0.999905
54.6161,0.036065,0.02226,1.00037
54.6181,0.060108,0.06264,1.00104
54.6201,0.131977,0.10218,1.0017
54.6221,0.219961,0.14604,1.00243
54.6241,0.335495,0.18906,1.00315
54.6261,0.473194,0.23484,1.00391
54.6281,0.596765,0.27426,1.00457
54.6301,0.723709,0.30078,1.00501
54.6321,0.822707,0.32262,1.00538
54.6346,0.897666,0.33054,1.00551
54.6366,0.957844,0.35352,1.00589
54.6386,1.02122,0.34698,1.00578
54.6406,1.03596,0.34656,1.00578
54.6426,1.03858,0.34386,1.00573
54.6446,1.03601,0.33804,1.00563
54.6466,1.03293,0.32964,1.00549
54.6486,1.01116,0.33198,1.00553
54.6506,0.99637,0.32118,1.00535
54.6526,0.978099,0.31632,1.00527
54.6546,0.966497,0.31302,1.00522
54.6566,0.952006,0.31266,1.00521
54.6586,0.9513,0.30288,1.00505
54.6606,0.918156,0.3006,1.00501
54.6626,0.912373,0.29136,1.00486
54.6646,0.904326,0.2826,1.00471
54.6666,0.872983,0.28092,1.00468
54.6686,0.853541,0.27132,1.00452
54.6706,0.834363,0.25788,1.0043
54.6726,0.801735,0.25272,1.00421
54.6746,0.781762,0.24252,1.00404
54.6766,0.749153,0.24234,1.00404
54.6786,0.732846,0.23442,1.00391
54.6806,0.721,0.22902,1.00382
54.6826,0.694714,0.21504,1.00358
54.6846,0.666118,0.20694,1.00345
54.6866,0.645777,0.19932,1.00332
54.6886,0.620659,0.1917,1.0032
54.6906,0.589934,0.1857,1.0031
54.6926,0.585546,0.1731,1.00289
54.6946,0.548014,0.16806,1.0028
54.6966,0.518201,0.16044,1.00267
54.6986,0.505744,0.15666,1.00261
54.7006,0.47904,0.1521,1.00253
54.7026,0.465736,0.1488,1.00248
54.7052,0.453375,0.1425,1.00238
54.707,0.440807,0.13878,1.00231
54.7092,0.427802,0.13848,1.00231
54.7112,0.419413,0.12354,1.00206
54.7132,0.391477,0.11712,1.00195
54.715,0.3705,0.10896,1.00182
54.7172,0.34165,0.0975,1.00163
54.7192,0.313276,0.08376,1.0014
54.7212,0.28188,0.08034,1.00134
54.723,0.249675,0.06468,1.00108
54.7252,0.217087,0.05796,1.00097
54.7272,0.193931,0.04836,1.00081
54.7292,0.171395,0.03636,1.00061
54.731,0.12819,0.0318,1.00053
54.7332,0.108071,0.02316,1.00039
54.7352,0.100675,0.01248,1.00021
54.7372,0.056441,0.00546,1.00009
54.7396,0.033927,0.00546,0.999965
54.7422,0.007332,0.00546,0.999804
54.7436,0.006515,0.00546,0.999814
54.7452,0.002021,0.00546,0.999715
54.7466,0.005201,0.00546,0.999873
54.7482,0.002794,0.00546,0.999837
54.7496,0.011895,0.00546,0.999934
54.7512,0.012142,0.00546,0.999978
54.7526,0.006911,0.00426,1.00007
54.7546,0.007524,0.00978,1.00016
54.7572,0.007524,0.0141,1.00023
54.7592,0.012647,0.0093,1.00016
54.7612,0.035893,0.00576,1.0001
54.763,0.030083,0.00576,0.999878
54.7652,0.030083,0.00576,0.999789
54.7672,0.005481,0.00576,0.999535
54.7692,0.0083,0.00576,0.999591
54.7716,0.0083,0.00576,0.999502
54.7742,0.006531,0.00576,0.999421
54.7756,0.001878,0.00576,0.999461
54.7772,3.4e-05,0.00576,0.999483
54.779,3.4e-05,0.00576,0.999548
54.7806,3.4e-05,0.00576,0.999614
54.7822,3.4e-05,0.00576,0.999728
54.7842,3.4e-05,0.00576,0.999777
54.7862,3.4e-05,0.00576,0.999826
54.7882,0.003581,0.00576,0.999939
54.7902,0.0009,0.0054,1.00009
54.7922,0.00902,0.0138,1.00023
54.7942,0.037622,0.01854,1.00031
54.7962,0.063386,0.03216,1.00054
54.7982,0.093835,0.05238,1.00087
54.8002,0.130808,0.08466,1.00141
54.8022,0.18246,0.11586,1.00193
54.8046,0.280492,0.14838,1.00247
54.8066,0.373668,0.189,1.00315
54.8086,0.47481,0.21522,1.00359
54.8106,0.568056,0.23334,1.00389
54.8126,0.630911,0.2502,1.00417
54.8146,0.706554,0.2622,1.00437
54.8166,0.751053,0.27072,1.00451
54.8186,0.776871,0.26994,1.0045
54.8212,0.815691,0.27444,1.00457
54.8232,0.814896,0.273,1.00455
54.8252,0.826698,0.26838,1.00447
54.827,0.822272,0.26364,1.00439
54.8292,0.802009,0.26394,1.0044
54.8312,0.796669,0.26286,1.00438
54.8332,0.790242,0.26808,1.00447
54.835,0.800079,0.2679,1.00447
54.8372,0.806045,0.2643,1.00441
54.8392,0.811619,0.26136,1.00436
54.8416,0.788181,0.25926,1.00432
54.8436,0.782427,0.25326,1.00422
54.8456,0.774531,0.24576,1.0041
54.8476,0.756728,0.23664,1.00394
54.8496,0.734455,0.23214,1.00387
54.8516,0.71402,0.22494,1.00375
54.8536,0.696604,0.21048,1.00351
54.8556,0.664506,0.21012,1.0035
54.8576,0.645351,0.1956,1.00326
54.8596,0.611098,0.18846,1.00314
54.8616,0.593211,0.17928,1.00299
54.8636,0.56113,0.1629,1.00272
54.8656,0.521427,0.15984,1.00266
54.8676,0.503949,0.14442,1.00241
54.8702,0.463655,0.13344,1.00222
54.8722,0.436299,0.11988,1.002
54.8742,0.393403,0.114,1.0019
54.8766,0.361552,0.1104,1.00184
54.8786,0.348395,0.09738,1.00162
54.8806,0.320464,0.10044,1.00167
54.8826,0.305496,0.09756,1.00163
54.8852,0.292076,0.10176,1.0017
54.8872,0.304093,0.0999,1.00167
54.8892,0.297324,0.0978,1.00163
54.891,0.284889,0.09768,1.00163
54.8932,0.295136,0.09396,1.00157
54.8952,0.280584,0.08784,1.00146
54.8972,0.269135,0.08574,1.00143
54.899,0.267967,0.08004,1.00133
54.9012,0.245231,0.07476,1.00125
54.9032,0.233334,0.06438,1.00107
54.9052,0.221827,0.0516,1.00086
54.907,0.177483,0.0504,1.00084
54.9092,0.161292,0.04104,1.00068
54.9116,0.133398,0.02754,1.00046
54.9136,0.115185,0.01692,1.00028
54.9156,0.067223,0.01212,1.0002
54.9182,0.063116,0.00678,1.00011
54.9202,0.025381,0.00678,0.999959
54.9222,0.017349,0.00678,0.999967
54.9242,0.007339,0.00678,0.999774
54.9262,0.010762,0.00678,0.999892
54.9276,0.010762,0.00678,0.999863
54.9292,0.009481,0.00678,0.999923
54.931,0.009481,0.00678,0.999849
54.9332,0.009481,0.00678,0.999924
54.9352,0.008719,0.00678,0.999954
54.9372,0.009698,0.00174,1.00003
54.939,0.009698,0.00174,0.999895
54.9412,0.009698,0.00444,1.00007
54.9432,0.00408,0.00168,1.00003
54.9456,0.004226,0.00168,0.999987
54.9476,0.004226,0.00168,0.999852
54.9502,0.004226,0.00168,0.99971
54.9522,0.004226,0.00168,0.999378
54.9542,0.004226,0.00168,0.999086
54.9562,0.004226,0.00168,0.998808
54.9582,0.004226,0.00168,0.998397
54.9602,0.004226,0.00168,0.998032
54.9622,0.004226,0.00168,0.997564
54.9642,0.004226,0.00168,0.997074
54.9662,0.004226,0.00168,0.99647
54.9682,0.004226,0.00168,0.996083
54.9702,0.004226,0.00168,0.995427
54.9722,0.004226,0.00168,0.994898
54.9742,0.010944,0.00168,0.994409
54.9762,0.010944,0.00168,0.993711
54.9782,0.010944,0.00168,0.993149
54.9802,0.003574,0.00168,0.992515
54.9822,0.003574,0.00168,0.99196
54.9842,0.003574,0.00168,0.991444
54.9862,0.003225,0.00168,0.990673
54.9882,0.003225,0.00168,0.990128
54.9902,0.012801,0.00168,0.989455
54.9922,0.012801,0.00168,0.988722
54.9942,0.012801,0.00168,0.988199
54.9962,0.012801,0.00168,0.98738
54.9982,0.012801,0.00168,0.98673
55.0002,0.012801,0.00168,0.986106
55.0022,0.030362,0.00168,0.98548
55.0042,0.008747,0.00168,0.984782
55.0062,0.008747,0.00168,0.984139
55.0082,0.029456,0.00168,0.983431
55.0102,0.029456,0.00168,0.982741
55.0126,0.012159,0.00168,0.981964
55.0142,0.012159,0.00168,0.980981
55.0162,0.002969,0.00168,0.980367
55.0182,0.002969,0.00168,0.979538
55.0202,0.016435,0.00168,0.978794
55.0222,0.00171,0.00168,0.97803
55.0242,0.00171,0.00168,0.977307
55.0262,0.00171,0.00168,0.976439
55.0282,0.00171,0.00168,0.975411
55.0302,0.010602,0.00168,0.974582
55.0322,0.016566,0.00168,0.973636
55.0342,0.000196,0.00168,0.972724
55.0362,0.000196,0.00168,0.971758
55.0382,0.000196,0.00168,0.970752
55.0402,0.000196,0.00168,0.969735
55.0422,0.000196,0.00168,0.968704
55.0442,0.001113,0.00168,0.967717
55.0462,0.001361,0.00168,0.966638
55.0482,0.001361,0.00168,0.965624
55.0502,0.001361,0.00168,0.96455
55.0522,0.001361,0.00168,0.963455
55.0542,0.001361,0.00168,0.962394
55.0562,0.001361,0.00168,0.96127
55.0582,0.001361,0.00168,0.960212
55.0602,0.001361,0.00168,0.959186
55.0622,0.001361,0.00168,0.958069
55.0642,0.012236,0.00168,0.956857
55.0662,0.003308,0.00168,0.955673
55.0682,0.005433,0.00168,0.954517
55.0702,0.005433,0.00168,0.953274
55.0722,0.014095,0.00168,0.951978
55.0742,0.004291,0.00168,0.950713
55.0762,0.039993,0.00168,0.949361
55.0782,0.006951,0.00168,0.948164
55.0806,0.002018,0.00168,0.946795
55.0826,0.002018,0.00168,0.945176
55.0842,0.029188,0.00168,0.943821
55.0862,0.029188,0.00168,0.942571
55.0882,0.029188,0.00168,0.941229
55.0902,0.029188,0.00168,0.939672
55.0922,0.002197,0.00168,0.938136
55.0942,0.00851,0.00168,0.936493
55.0962,0.00851,0.00168,0.934922
55.0982,0.00851,0.00168,0.933286
55.1002,0.00851,0.00168,0.93154
55.1022,0.00851,0.00168,0.929838
55.1042,0.016251,0.00168,0.92827
55.1062,0.016251,0.00168,0.926552
55.1082,0.012662,0.00168,0.924706
55.1102,0.012662,0.00168,0.922955
55.1122,0.017372,0.00168,0.921195
55.1146,0.041964,0.00168,0.919497
55.1166,0.041964,0.00168,0.917341
55.1182,0.04361,0.00168,0.915633
55.1202,0.04361,0.00168,0.914041
55.1222,0.04361,0.00168,0.912202
55.1242,0.04361,0.00168,0.910424
55.1262,0.04361,0.00168,0.908453
55.1282,0.04361,0.00168,0.90649
55.1302,0.023187,0.00168,0.904647
55.1322,0.012706,0.00168,0.902788
55.1342,0.003915,0.00168,0.900785
55.1362,0.003915,0.00168,0.898839
55.1382,0.003915,0.00168,0.896978
55.1402,0.003915,0.00168,0.894937
55.1422,0.000707,0.00168,0.893048
55.1442,0.000707,0.00168,0.891091
55.1466,0.014675,0.00168,0.889207
55.1486,0.0041,0.00168,0.886898
55.1502,0.0041,0.00168,0.884969
55.1522,0.014423,0.00168,0.883423
55.1542,0.025757,0.00168,0.881546
55.1562,0.025757,0.00168,0.879637
55.1582,0.025757,0.00168,0.877739
55.1602,0.025757,0.00168,0.875914
55.1622,0.018047,0.00168,0.87397
55.1642,0.018047,0.00168,0.872125
55.1662,0.018047,0.00168,0.8703
55.1682,0.025075,0.00168,0.868555
55.1702,0.004394,0.00168,0.866544
55.1722,0.007981,0.00168,0.864716
55.1742,0.001343,0.00168,0.862876
55.1762,0.004514,0.00168,0.86103
55.1782,0.005133,0.00168,0.859188
55.1806,0.001441,0.00168,0.857399
55.1826,0.001441,0.00168,0.855299
55.1846,0.001397,0.00168,0.853622
55.1862,0.001397,0.00168,0.85182
55.1882,0.032238,0.00168,0.850539
55.1902,0.036694,0.00168,0.848801
55.1922,0.019631,0.00168,0.847265
55.1942,0.019631,0.00168,0.845672
55.1962,0.047543,0.00168,0.844212
55.1982,0.005778,0.00168,0.842478
55.2002,0.005778,0.00168,0.841031
55.2022,0.022404,0.00168,0.83958
55.2042,0.022404,0.00168,0.837924
55.2062,0.022404,0.00168,0.836445
55.2082,0.022404,0.00168,0.834973
55.2102,0.012968,0.00168,0.833479
55.2122,0.012968,0.00168,0.832072
55.2146,0.019096,0.00168,0.830515
55.2166,0.019096,0.00168,0.828637
55.2186,0.019096,0.00168,0.827183
55.2206,0.003025,0.00168,0.825721
55.2226,0.003025,0.00168,0.824263
55.2242,0.003025,0.00168,0.822894
55.2262,0.00088,0.00168,0.821604
55.2282,0.010835,0.00168,0.820245
55.2302,0.001996,0.00168,0.818851
55.2322,0.023032,0.00168,0.817296
55.2342,0.007953,0.00168,0.815816
55.2362,0.007953,0.00168,0.814355
55.2382,0.007953,0.00168,0.812937
55.2402,0.007953,0.00168,0.811496
55.2422,0.018405,0.00168,0.810036
55.2442,0.018405,0.00168,0.808485
55.2462,0.018405,0.00168,0.807017
55.2486,0.003224,0.00168,0.805456
55.2502,0.003224,0.00168,0.803759
55.2522,0.003224,0.00168,0.802512
55.2542,0.003224,0.00168,0.800842
55.2562,0.003224,0.00168,0.799275
55.2582,0.003224,0.00168,0.797516
55.2602,0.003224,0.00168,0.795936
55.2622,0.003224,0.00168,0.794231
55.2642,0.003224,0.00168,0.792462
55.2662,0.003224,0.00168,0.790803
55.2682,0.003224,0.00168,0.789029
55.2702,0.003224,0.00168,0.787331
55.2722,0.003224,0.00168,0.785697
55.2742,0.025582,0.00168,0.784014
55.2762,0.008716,0.00168,0.782317
55.2782,0.008716,0.00168,0.780702
55.2807,0.008716,0.00168,0.779062
55.2822,0.036557,0.00168,0.777178
55.2842,0.036557,0.00168,0.775888
55.2862,0.036557,0.00168,0.774341
55.2882,0.036557,0.00168,0.772858
55.2902,0.01812,0.00168,0.771118
55.2922,0.004814,0.00168,0.769686
55.2942,0.004814,0.00168,0.768145
55.2962,0.004814,0.00168,0.766581
55.2982,0.004814,0.00168,0.764949
55.3002,0.004915,0.00168,0.763449
55.3022,0.004915,0.00168,0.761848
55.3042,0.004915,0.00168,0.760453
55.3062,0.010101,0.00168,0.758821
55.3082,0.007811,0.00168,0.757255
55.3102,0.007811,0.00168,0.755745
55.3122,0.007811,0.00168,0.754183
55.3142,0.007811,0.00168,0.752725
55.3162,0.007811,0.00168,0.751172
55.3182,0.007811,0.00168,0.749603
55.3202,0.007811,0.00168,0.748181
55.3222,0.018073,0.00168,0.746624
55.3242,0.018073,0.00168,0.745126
55.3262,0.018073,0.00168,0.743776
55.3282,0.018073,0.00168,0.742259
55.3302,0.019446,0.00168,0.740798
55.3322,0.019446,0.00168,0.739207
55.3342,0.019446,0.00168,0.7378
55.3362,0.048219,0.00168,0.736305
55.3382,0.007529,0.00168,0.734821
55.3402,0.02715,0.00168,0.733421
55.3422,0.039791,0.00168,0.731845
55.3442,0.039791,0.00168,0.730387
55.3462,0.039791,0.00168,0.728839
55.3487,0.008322,0.00168,0.7274
55.3507,0.008322,0.00168,0.725407
55.3527,0.008322,0.00168,0.723865
55.3547,0.008322,0.00168,0.722219
55.3567,0.001973,0.00168,0.720747
55.3587,0.001973,0.00168,0.719101
55.3607,0.001128,0.00168,0.717587
55.3627,0.001128,0.00168,0.716023
55.3647,0.000493,0.00168,0.7144
55.3667,0.010983,0.00168,0.712828
55.3687,0.023646,0.00168,0.711287
55.3707,0.023646,0.00168,0.709706
55.3727,0.023646,0.00168,0.70811
55.3747,0.02045,0.00168,0.706637
55.3767,0.020702,0.00168,0.705062
55.3787,0.020702,0.00168,0.70364
55.3807,0.020702,0.00168,0.70216
55.3833,0.020702,0.00168,0.700621
55.3853,0.020702,0.00168,0.698777
55.3871,0.020702,0.00168,0.697246
55.3887,0.020702,0.00168,0.695661
55.3907,0.018614,0.00168,0.694556
55.3927,0.018614,0.00168,0.69307
55.3947,0.018614,0.00168,0.691503
55.3967,0.018614,0.00168,0.689977
55.3987,0.018614,0.00168,0.688436
55.4007,0.018614,0.00168,0.686829
55.4027,0.007788,0.00168,0.685259
55.4047,0.007788,0.00168,0.683518
55.4067,0.007788,0.00168,0.681893
55.4087,0.007788,0.00168,0.680175
55.4107,0.007788,0.00168,0.67856
55.4127,0.003482,0.00168,0.67681
55.4153,0.003482,0.00168,0.675194
55.4173,0.003482,0.00168,0.672964
55.4191,0.000998,0.00168,0.671279
55.4213,0.000998,0.00168,0.669556
55.4233,0.020362,0.00168,0.667801
55.4253,0.019149,0.00168,0.666165
55.4271,0.019149,0.00168,0.664556
55.4293,0.015702,0.00168,0.662817
55.4313,0.019844,0.00168,0.661265
55.4333,0.019844,0.00168,0.659675
55.4351,0.002737,0.00168,0.657985
55.4367,0.002737,0.00168,0.656515
55.4383,0.002051,0.00168,0.65529
55.4403,0.002051,0.00168,0.654116
55.4423,0.006258,0.00168,0.652543
55.4443,0.006258,0.00168,0.650962
55.4463,0.006258,0.00168,0.649264
55.4487,0.003653,0.00168,0.647725
55.4503,0.002465,0.00168,0.6459
55.4523,0.002465,0.00168,0.644616
55.4543,0.002465,0.00168,0.643039
55.4563,0.009854,0.00168,0.641556
55.4583,0.004478,0.00168,0.64005
55.4603,0.004482,0.00168,0.638586
55.4623,0.018533,0.00168,0.637067
55.4643,0.038964,0.00168,0.635702
55.4663,0.038964,0.00168,0.634308
55.4683,0.017119,0.00168,0.633065
55.4703,0.021777,0.00168,0.631712
55.4723,0.020306,0.00168,0.630508
55.4743,0.020306,0.00168,0.629256
55.4757,0.038095,0.00168,0.628127
55.4783,0.036909,0.00168,0.626913
55.4797,0.004908,0.00168,0.625744
55.4817,0.03526,0.00168,0.624913
55.4831,0.03526,0.00168,0.623941
55.4847,0.018822,0.00168,0.62317
55.4863,0.018822,0.00168,0.622383
55.4877,0.020219,0.00168,0.621675
55.4893,0.020219,0.00168,0.620823
55.4907,0.032153,0.00168,0.620086
55.4927,0.013737,0.00168,0.619557
55.4943,0.013737,0.00168,0.618539
55.4957,0.021795,0.00168,0.617857
55.4973,0.00184,0.00168,0.617206
55.4987,0.012378,0.00168,0.61647
55.5007,0.002151,0.00168,0.615677
55.5023,0.002151,0.00168,0.614709
55.5043,0.010327,0.00168,0.614087
55.5063,0.010327,0.00168,0.613073
55.5077,0.005492,0.00168,0.612165
55.5107,0.005492,0.00168,0.611315
55.5123,0.000524,0.00168,0.610163
55.5143,0.000524,0.00168,0.609448
55.5157,0.000524,0.00168,0.60849
55.5173,0.000524,0.00168,0.607818
55.5193,0.005226,0.00168,0.60706
55.5207,0.006718,0.00168,0.606126
55.5223,0.005702,0.00168,0.605429
55.5243,0.015784,0.00168,0.604621
55.5263,0.015784,0.00168,0.603731
55.5283,0.015784,0.00168,0.602632
55.5303,0.015784,0.00168,0.60148
55.5323,0.017339,0.00168,0.600624
55.5343,0.018284,0.00168,0.59965
55.5363,0.006719,0.00168,0.598667
55.5383,0.001781,0.00168,0.597724
55.5403,0.013105,0.00168,0.596742
55.5427,0.018485,0.00168,0.59583
55.5443,0.011332,0.00168,0.594791
55.5463,0.011332,0.00168,0.59406
55.5483,0.020574,0.00168,0.593128
55.5503,0.020574,0.00168,0.592201
55.5523,0.020574,0.00168,0.591267
55.5543,0.007647,0.00168,0.590374
55.5563,0.007647,0.00168,0.589413
55.5583,0.021843,0.00168,0.588617
55.5603,0.021843,0.00168,0.587615
55.5623,0.019605,0.00168,0.586879
55.5643,0.019605,0.00168,0.586019
55.5663,0.019605,0.00168,0.585182
55.583,0.019605,0.00168,0.578914
55.5854,0.019605,0.00168,0.578114
55.5873,0.006361,0.00168,0.577188
55.5897,0.006361,0.00168,0.576594
55.5917,0.002593,0.00168,0.575647
55.5937,0.002593,0.00168,0.574948
55.5957,0.002593,0.00168,0.574225
55.5977,0.000362,0.00168,0.573467
55.5993,0.000362,0.00168,0.572671
55.6013,0.000362,0.00168,0.572016
55.6031,0.000362,0.00168,0.571389
55.6053,0.00998,0.00168,0.570653
55.6073,0.00998,0.00168,0.569842
55.6093,0.00998,0.00168,0.569093
55.6111,0.007678,0.00168,0.568356
55.6127,0.007678,0.00168,0.567617
55.6143,0.007678,0.00168,0.567072
55.6163,0.025918,0.00168,0.566359
55.6183,0.025918,0.00168,0.565563
55.6203,0.015628,0.00168,0.564777
55.6227,0.00222,0.00168,0.563912
55.6243,0.002406,0.00168,0.562786
55.6263,0.002406,0.00168,0.56208
55.6283,0.016653,0.00168,0.561178
55.6303,0.017232,0.00168,0.560245
55.6323,0.017232,0.00168,0.559244
55.6343,0.017232,0.00168,0.558356
55.6363,0.017232,0.00168,0.557344
55.6383,0.029249,0.00168,0.556382
55.6403,0.029249,0.00168,0.555484
55.6423,0.008308,0.00168,0.554452
55.6443,0.008308,0.00168,0.553423
55.6463,0.008308,0.00168,0.552431
55.6483,0.004605,0.00168,0.55133
55.6503,0.004605,0.00168,0.550303
55.6523,0.030492,0.00168,0.549314
55.6543,0.030492,0.00168,0.548143
55.6567,0.005853,0.00168,0.547238
55.6583,0.008731,0.00168,0.545891
55.6603,0.00535,0.00168,0.544997
55.6623,0.004587,0.00168,0.543835
55.6643,0.004587,0.00168,0.54279
55.6663,0.002999,0.00168,0.541722
55.6677,0.002999,0.00168,0.540688
55.6693,0.002999,0.00168,0.539867
55.6713,0.002999,0.00168,0.538993
55.6733,0.00209,0.00168,0.537967
55.6751,0.001238,0.00168,0.536858
55.6767,0.005613,0.00168,0.535767
55.6787,0.005613,0.00168,0.535175
55.6807,0.013559,0.00168,0.534004
55.6827,0.01067,0.00168,0.533072
55.6853,0.014687,0.00168,0.531916
55.6873,0.014687,0.00168,0.530791
55.6897,0.012083,0.00168,0.529844
55.6911,0.017609,0.00168,0.528747
55.6927,0.011404,0.00168,0.528142
55.6943,0.042879,0.00168,0.527429
55.6963,0.029181,0.00168,0.526902
55.6983,0.019775,0.00168,0.526003
55.6997,0.029447,0.00168,0.525219
55.7013,0.018137,0.00168,0.524642
55.7033,0.011259,0.00168,0.524038
55.7053,0.011259,0.00168,0.523211
55.7071,0.016276,0.00168,0.522319
55.7087,0.013734,0.00168,0.521502
55.7103,0.006753,0.00168,0.520915
55.7123,0.011897,0.00168,0.520215
55.7143,0.011897,0.00168,0.519375
55.7157,0.011897,0.00168,0.518505
55.7177,0.0115,0.00168,0.517988
55.7197,0.0115,0.00168,0.517006
55.7217,0.0115,0.00168,0.516084
55.7237,0.031379,0.00168,0.515086
55.7257,0.031379,0.00168,0.51423
55.7277,0.004978,0.00168,0.513321
55.7297,0.002402,0.00168,0.512567
55.7311,0.008512,0.00168,0.511636
55.7333,0.008512,0.00168,0.510988
55.7353,0.008512,0.00168,0.509977
55.7373,0.004956,0.00168,0.509089
55.7391,0.013476,0.00168,0.508166
55.7407,0.004749,0.00168,0.507375
55.7423,0.020478,0.00168,0.506711
55.7443,0.002468,0.00168,0.50604
55.7463,0.002468,0.00168,0.505092
55.7483,0.004752,0.00168,0.504314
55.7503,0.004752,0.00168,0.503313
55.7527,0.004752,0.00168,0.502374
55.7547,0.012369,0.00168,0.501489
55.7563,0.016564,0.00168,0.500688
55.7583,0.016564,0.00168,0.50003
55.7603,0.003959,0.00168,0.499256
55.7623,0.023443,0.00168,0.498463
55.7643,0.001894,0.00168,0.497783
55.7663,0.000665,0.00168,0.497105
55.7683,0.012142,0.00168,0.496399
55.7703,0.00147,0.00168,0.495898
55.7723,0.008817,0.00168,0.495294
55.7743,0.013181,0.00168,0.494859
55.7763,0.013181,0.00168,0.494323
55.7783,0.006334,0.00168,0.493813
55.7803,0.013126,0.00168,0.493529
55.7823,0.013126,0.00168,0.493021
55.7847,0.013126,0.00168,0.492678
55.7867,0.013126,0.00168,0.49227
55.7887,0.013126,0.00168,0.491864
55.7907,0.032594,0.00168,0.491537
55.7927,0.032594,0.00168,0.491216
55.7947,0.032594,0.00168,0.490925
55.7967,0.003709,0.00168,0.490599
55.7987,0.009488,0.00168,0.490272
55.8007,0.009488,0.00168,0.489938
55.8027,0.009488,0.00168,0.489629
55.8047,0.031023,0.00168,0.489306
55.8067,0.031023,0.00168,0.488932
55.8087,0.031023,0.00168,0.488507
55.8107,0.015487,0.00168,0.48813
55.8127,0.015487,0.00168,0.487672
55.8147,0.003786,0.00168,0.487266
55.8167,0.008451,0.00168,0.486928
55.8192,0.029808,0.00168,0.486517
55.8207,0.029808,0.00168,0.485947
55.8227,0.029808,0.00168,0.485729
55.8247,0.025297,0.00168,0.485328
55.8263,0.040506,0.00168,0.485044
55.8283,0.049151,0.00168,0.484766
55.8303,0.049151,0.00168,0.484412
55.8323,0.000628,0.00168,0.484158
55.8343,0.025165,0.00168,0.483831
55.8363,0.000598,0.00168,0.483556
55.8383,0.000598,0.00168,0.483276
55.8403,0.028673,0.00168,0.482942
55.8423,0.028673,0.00168,0.482746
55.8443,0.028673,0.00168,0.482427
55.8463,0.007903,0.00168,0.482151
55.8483,0.007903,0.00168,0.481845
55.8503,0.007903,0.00168,0.481669
55.8523,0.007903,0.00168,0.481283
55.8543,0.007903,0.00168,0.48104
55.8563,0.025366,0.00168,0.480945
55.8583,0.025366,0.00168,0.480574
55.8603,0.004428,0.00168,0.480439
55.8623,0.003286,0.00168,0.480314
55.8643,0.020949,0.00168,0.480111
55.8663,0.020949,0.00168,0.47992
55.8683,0.020949,0.00168,0.479819
55.8703,0.027535,0.00168,0.479854
55.8723,0.009505,0.00168,0.479703
55.8743,0.009505,0.00168,0.479774
55.8763,0.009505,0.00168,0.479695
55.8783,0.009505,0.00168,0.479667
55.8803,0.040114,0.00168,0.479601
55.8823,0.001712,0.00168,0.4796
55.8843,0.001712,0.00168,0.479652
55.8867,0.00439,0.00168,0.47982
55.8883,0.004414,0.00168,0.47981
55.8903,0.017358,0.00168,0.479926
55.8923,0.012975,0.00168,0.479967
55.8943,0.012975,0.00168,0.479989
55.8963,0.012975,0.00168,0.480101
55.8983,0.012975,0.00168,0.480255
55.9003,0.012975,0.00168,0.480206
55.9023,0.012975,0.00168,0.480307
55.9043,0.012975,0.00168,0.480425
55.9063,0.012975,0.00168,0.480486
55.9083,0.012975,0.00168,0.480525
55.9103,0.03374,0.00168,0.48065
55.9123,0.03374,0.00168,0.48068
55.9143,0.03374,0.00168,0.480882
55.9163,0.003871,0.00168,0.480848
55.9183,0.025051,0.00168,0.480972
55.9208,0.025051,0.00168,0.480964
55.9223,0.025051,0.00168,0.481023
55.9243,0.018959,0.00168,0.481041
55.9263,0.018959,0.00168,0.481065
55.9283,0.018959,0.00168,0.481071
55.9303,0.018959,0.00168,0.481065
55.9323,0.005766,0.00168,0.48106
55.9343,0.003921,0.00168,0.481018
55.9363,0.025856,0.00168,0.480933
55.9383,0.025856,0.00168,0.480934
55.9403,0.017812,0.00168,0.480802
55.9423,0.000389,0.00168,0.480801
55.9443,0.002106,0.00168,0.480759
55.9463,0.002106,0.00168,0.480814
55.9483,0.002106,0.00168,0.480777
55.9503,0.010905,0.00168,0.480706
55.9523,0.02454,0.00168,0.480814
55.9548,0.02454,0.00168,0.48069
55.9568,0.012763,0.00168,0.480639
55.9583,0.012763,0.00168,0.480646
55.9603,0.012763,0.00168,0.480681
55.9623,0.012763,0.00168,0.480677
55.9643,0.004026,0.00168,0.480757
55.9663,0.004026,0.00168,0.480765
55.9683,0.036356,0.00168,0.480872
55.9703,0.004023,0.00168,0.48083
55.9723,0.015387,0.00168,0.480888
55.9743,0.012763,0.00168,0.480911
55.9763,0.012763,0.00168,0.480931
55.9783,0.026219,0.00168,0.481019
55.9803,0.028558,0.00168,0.481079
55.9823,0.028558,0.00168,0.481065
55.9843,0.028558,0.00168,0.481109
55.9863,0.028558,0.00168,0.481103
55.9888,0.028558,0.00168,0.481142
55.9908,0.028558,0.00168,0.481213
55.9928,0.028558,0.00168,0.481114
55.9948,0.026999,0.00168,0.481177
55.9968,0.022766,0.00168,0.481183
55.9983,0.00972,0.00168,0.481207
56.0003,0.00972,0.00168,0.481239
56.0023,0.00972,0.00168,0.481187
56.0043,0.00972,0.00168,0.481235
56.0063,0.014386,0.00168,0.481217
56.0083,0.014386,0.00168,0.481243
56.0103,0.014386,0.00168,0.481182
56.0123,0.006998,0.00168,0.481197
56.0143,0.002697,0.00168,0.481133
56.0163,0.003412,0.00168,0.481161
56.0184,0.003412,0.00168,0.481241
56.0203,0.026546,0.00168,0.481181
56.0223,0.010661,0.00168,0.4813
56.0248,0.010661,0.00168,0.481247
56.0264,0.010661,0.00168,0.48129
56.0284,0.034671,0.00168,0.481326
56.0303,0.034671,0.00168,0.48142
56.0324,0.010732,0.00168,0.481454
56.0344,0.020486,0.00168,0.481584
56.0363,0.003925,0.00168,0.481653
56.0383,0.003406,0.00168,0.481761
56.0404,0.039088,0.00168,0.481996
56.0424,0.039088,0.00168,0.482162
56.0443,0.003324,0.00168,0.482281
56.0464,0.019536,0.00168,0.482488
56.0484,0.003748,0.00168,0.482698
56.0504,0.003748,0.00168,0.482977
56.0523,0.036401,0.00168,0.483227
56.0544,0.020183,0.00168,0.483391
56.0564,0.007913,0.00168,0.48365
56.0588,0.027284,0.00168,0.483919
56.0604,0.027284,0.00168,0.484279
56.0624,0.012956,0.00168,0.484418
56.0644,0.007918,0.00168,0.484841
56.0664,0.007918,0.00168,0.485127
56.0684,0.007918,0.00168,0.48538
56.0704,0.005761,0.00168,0.485773
56.0724,0.005761,0.00168,0.485975
56.0744,0.00014,0.00168,0.486309
56.0764,0.004816,0.00168,0.486577
56.0784,0.004816,0.00168,0.486892
56.0804,0.004816,0.00168,0.486996
56.0824,0.004816,0.00168,0.487336
56.0844,0.004816,0.00168,0.487501
56.0864,0.004816,0.00168,0.487792
56.0884,0.004816,0.00168,0.48796
56.0904,0.004445,0.00168,0.488109
56.0928,0.004445,0.00168,0.488372
56.0948,0.054015,0.00168,0.488699
56.0968,0.002537,0.00168,0.488905
56.0988,0.002537,0.00168,0.489205
56.1008,0.002537,0.00168,0.489403
56.1028,0.009485,0.00168,0.48957
56.1048,0.009485,0.00168,0.489823
56.1068,0.009485,0.00168,0.490166
56.1088,0.011184,0.00168,0.490377
56.1108,0.006445,0.00168,0.490656
56.1128,0.00039,0.00168,0.490932
56.1148,0.00039,0.00168,0.491232
56.1168,0.001487,0.00168,0.491434
56.1188,0.001326,0.00168,0.491836
56.1208,0.001326,0.00168,0.492049
56.1228,0.001326,0.00168,0.492355
56.1248,0.024787,0.00168,0.49268
56.1268,0.024787,0.00168,0.492906
56.1294,0.01312,0.00168,0.493198
56.1312,0.036442,0.00168,0.493605
56.1334,0.036442,0.00168,0.493828
56.1354,0.000504,0.00168,0.494079
56.1374,0.000477,0.00168,0.494442
56.1392,0.016504,0.00168,0.494665
56.1408,0.016504,0.00168,0.49502
56.1428,0.023606,0.00168,0.495256
56.1448,0.011971,0.00168,0.495609
56.1468,0.011971,0.00168,0.495884
56.1488,0.001151,0.00168,0.496253
56.1508,0.006913,0.00168,0.496496
56.1528,0.019897,0.00168,0.496944
56.1548,0.019897,0.00168,0.497309
56.1568,0.019897,0.00168,0.497775
56.1588,0.007318,0.00168,0.498125
56.1608,0.003739,0.00168,0.498582
56.1632,0.005982,0.00168,0.499003
56.1654,0.013999,0.00168,0.499583
56.1674,0.013999,0.00168,0.500117
56.1694,0.000848,0.00168,0.500607
56.1712,0.014449,0.00168,0.501086
56.1728,0.003514,0.00168,0.501544
56.1748,0.007002,0.00168,0.502043
56.1768,0.003623,0.00168,0.502654
56.1788,0.003623,0.00168,0.503209
56.1808,0.003623,0.00168,0.503756
56.1828,0.001143,0.00168,0.504414
56.1848,0.001143,0.00168,0.504998
56.1868,0.005505,0.00168,0.505589
56.1888,0.000793,0.00168,0.506173
56.1908,0.009585,0.00168,0.506819
56.1928,0.00592,0.00168,0.507486
56.1948,0.015277,0.00168,0.508157
56.1968,0.009334,0.00168,0.508787
56.1988,0.004615,0.00168,0.509537
56.2004,0.004615,0.00168,0.510153
56.2024,0.031037,0.00168,0.510691
56.2038,0.009305,0.00168,0.511331
56.2058,0.009305,0.00168,0.511987
56.2074,0.009305,0.00168,0.512449
56.2094,0.009305,0.00168,0.513015
56.2112,0.032135,0.00168,0.5137
56.2134,0.000599,0.00168,0.514379
56.2154,0.000599,0.00168,0.515101
56.2174,0.000512,0.00168,0.515937
56.2192,0.015763,0.00168,0.516601
56.2208,0.015763,0.00168,0.517246
56.2224,0.024637,0.00168,0.517859
56.2244,0.024637,0.00168,0.518395
56.2264,0.024637,0.00168,0.519151
56.2278,0.024637,0.00168,0.519808
56.2304,0.035373,0.00168,0.520368
56.2324,0.035373,0.00168,0.521381
56.2344,0.019972,0.00168,0.522124
56.2364,0.019972,0.00168,0.522914
56.2384,0.019972,0.00168,0.5236
56.2404,0.018569,0.00168,0.524391
56.2424,0.00719,0.00168,0.525069
56.2438,0.004499,0.00168,0.525865
56.2458,0.03027,0.00168,0.52638
56.2474,0.03027,0.00168,0.527167
56.2488,0.03027,0.00168,0.527708
56.2504,0.012933,0.00168,0.528234
56.2524,0.022348,0.00168,0.528832
56.2538,0.022348,0.00168,0.529607
56.2554,0.022348,0.00168,0.530226
56.2568,0.007082,0.00168,0.530785
56.2584,0.007082,0.00168,0.531362
56.2598,0.012332,0.00168,0.531905
56.2624,0.003746,0.00168,0.532651
56.2638,0.003746,0.00168,0.533399
56.2654,0.00228,0.00168,0.534032
56.2668,0.00228,0.00168,0.534553
56.2688,0.010682,0.00168,0.535056
56.2704,0.002042,0.00168,0.535784
56.2718,0.001325,0.00168,0.536209
56.2734,0.001325,0.00168,0.536871
56.2748,0.001325,0.00168,0.537301
56.2768,0.001325,0.00168,0.537841
56.2784,0.001325,0.00168,0.538431
56.2804,0.001325,0.00168,0.538909
56.2824,0.001325,0.00168,0.539662
56.2838,0.001325,0.00168,0.540268
56.2854,0.001325,0.00168,0.540661
56.2874,0.001325,0.00168,0.541019
56.2894,0.002246,0.00168,0.541604
56.2912,0.003324,0.00168,0.542226
56.2934,0.003324,0.00168,0.542782
56.2954,0.013187,0.00168,0.54337
56.2974,0.017361,0.00168,0.544071
56.2992,0.017361,0.00168,0.544841
56.3008,0.017022,0.00168,0.545554
56.3024,0.017022,0.00168,0.54606
56.3044,0.017022,0.00168,0.546595
56.3064,0.004215,0.00168,0.547332
56.3084,0.004215,0.00168,0.547989
56.3104,0.004215,0.00168,0.548693
56.3124,0.004336,0.00168,0.549354
56.3144,0.004336,0.00168,0.550031
56.3158,0.004329,0.00168,0.550632
56.3178,0.004329,0.00168,0.551284
56.3194,0.002409,0.00168,0.551901
56.3214,0.002409,0.00168,0.552455
56.3238,0.002409,0.00168,0.553084
56.3264,0.002409,0.00168,0.55407
56.3284,0.00888,0.00168,0.554789
56.3304,0.003932,0.00168,0.555531
56.3318,0.044162,0.00168,0.556169
56.3338,0.03043,0.00168,0.556822
56.3354,0.03043,0.00168,0.557471
56.3374,0.003309,0.00168,0.55809
56.3392,0.03631,0.00168,0.558768
56.3414,0.03631,0.00168,0.559348
56.3434,0.03631,0.00168,0.560105
56.3454,0.009708,0.00168,0.560714
56.3472,0.020821,0.00168,0.561396
56.3488,0.020821,0.00168,0.561828
56.3504,0.021788,0.00168,0.562317
56.3524,0.021788,0.00168,0.562791
56.3544,0.021788,0.00168,0.563413
56.3568,0.021788,0.00168,0.564002
56.3584,0.021788,0.00168,0.564593
56.3604,0.021788,0.00168,0.564957
56.3624,4.9e-05,0.00168,0.565432
56.3638,0.009628,0.00168,0.565963
56.3658,0.009628,0.00168,0.566256
56.3674,0.016202,0.00168,0.566557
56.3694,0.000648,0.00168,0.566976
56.3712,0.000648,0.00168,0.567396
56.3734,0.000648,0.00168,0.567687
56.3754,0.000648,0.00168,0.568182
56.3774,0.017017,0.00168,0.568676
56.3792,0.00314,0.00168,0.569069
56.3808,0.00314,0.00168,0.569449
56.3824,0.00314,0.00168,0.569766
56.3844,0.00314,0.00168,0.570093
56.3864,0.00314,0.00168,0.570422
56.3878,0.00314,0.00168,0.570828
56.3898,0.00314,0.00168,0.571159
56.3914,0.00314,0.00168,0.571452
56.3934,0.00314,0.00168,0.571772
56.3952,0.005416,0.00168,0.572041
56.3968,0.007481,0.00168,0.572345
56.3984,0.006583,0.00168,0.572722
56.4004,0.006583,0.00168,0.573032
56.4024,0.007328,0.00168,0.573237
56.4038,0.007328,0.00168,0.573505
56.4054,0.007328,0.00168,0.573728
56.4074,0.007328,0.00168,0.57403
56.4094,0.007328,0.00168,0.574321
56.4112,0.007328,0.00168,0.574592
56.4128,0.007328,0.00168,0.574766
56.4144,0.007328,0.00168,0.575005
56.4164,0.007328,0.00168,0.575097
56.4184,0.001697,0.00168,0.57541
56.4204,0.001697,0.00168,0.575595
56.4224,0.001697,0.00168,0.575753
56.4244,0.001697,0.00168,0.575877
56.4264,0.005357,0.00168,0.57607
56.4284,0.00237,0.00168,0.576139
56.4304,0.00237,0.00168,0.576304
56.4324,0.00237,0.00168,0.576327
56.4344,0.002161,0.00168,0.576384
56.4364,0.002161,0.00168,0.576557
56.4384,0.002161,0.00168,0.576583
56.4404,0.002161,0.00168,0.576665
56.4424,0.00558,0.00168,0.576759
56.4444,0.00558,0.00168,0.576808
56.4464,0.00558,0.00168,0.576898
56.4484,0.00558,0.00168,0.576896
56.4504,0.00549,0.00168,0.576968
56.4518,0.00549,0.00168,0.576936
56.4548,0.00549,0.00168,0.57698
56.4564,0.00549,0.00168,0.576943
56.4584,0.00549,0.00168,0.576918
56.4598,0.00549,0.00168,0.576836
56.4614,0.00549,0.00168,0.576825
56.4628,0.000105,0.00168,0.576813
56.4644,0.008685,0.00168,0.57674
56.4664,0.008685,0.00168,0.576726
56.4678,0.001611,0.00168,0.576576
56.4694,0.001611,0.00168,0.576619
56.4714,0.002218,0.00168,0.57657
56.4734,0.002218,0.00168,0.576528
56.4753,0.002593,0.00168,0.57636
56.4768,0.002602,0.00168,0.576287
56.4784,0.002602,0.00168,0.576205
56.4804,0.002459,0.00168,0.576174
56.4824,0.002459,0.00168,0.576145
56.4844,0.001015,0.00168,0.576119
56.4864,0.001679,0.00168,0.575933
56.4884,0.001679,0.00168,0.575866
56.4904,0.002665,0.00168,0.575819
56.4918,0.002665,0.00168,0.575734
56.4934,0.001255,0.00168,0.575735
56.4954,0.001255,0.00168,0.575649
56.4974,0.001255,0.00168,0.575526
56.4993,0.001255,0.00168,0.575418
56.5014,0.001255,0.00168,0.575394
56.5034,0.001255,0.00168,0.575341
56.5054,0.001746,0.00168,0.575119
56.5073,0.006692,0.00168,0.575095
56.5088,0.004726,0.00168,0.575006
56.5104,0.00671,0.00168,0.574935
56.5124,0.007625,0.00168,0.574835
56.5144,0.002917,0.00168,0.574747
56.5174,0.007324,0.00168,0.574804
56.5194,0.008434,0.00168,0.574764
56.5214,0.008434,0.00168,0.574746
56.5233,0.008435,0.00168,0.574778
56.5248,0.008435,0.00168,0.574728
56.5264,0.007605,0.00168,0.574782
56.5284,0.007605,0.00168,0.574862
56.5304,0.006644,0.00168,0.574776
56.5324,0.006644,0.00168,0.574798
56.5344,0.006644,0.00168,0.574858
56.5364,0.006644,0.00168,0.574906
56.5384,0.006644,0.00168,0.574973
56.5404,0.003569,0.00168,0.574869
56.5424,0.003569,0.00168,0.57485
56.5444,0.003569,0.00168,0.574814
56.5464,0.000313,0.00168,0.574829
56.5484,0.002988,0.00168,0.574898
56.5504,0.00569,0.00168,0.57484
56.5518,0.00569,0.00168,0.574863
56.5534,0.00569,0.00168,0.574914
56.5553,0.005357,0.00168,0.574839
56.5568,0.005357,0.00168,0.574897
56.5584,0.000665,0.00168,0.574858
56.5604,0.000665,0.00168,0.574952
56.5624,0.000665,0.00168,0.574849
56.5639,0.000445,0.00168,0.574904
56.5664,0.001144,0.00168,0.574823
56.5684,0.001144,0.00168,0.574925
56.5704,0.001144,0.00168,0.574788
56.5724,0.001144,0.00168,0.57483
56.5744,0.001144,0.00168,0.57481
56.5764,0.001144,0.00168,0.574711
56.5778,0.001144,0.00168,0.574754
56.5793,0.000627,0.00168,0.574729
56.5814,0.002095,0.00168,0.574692
56.5834,0.002095,0.00168,0.574553
56.5854,0.002095,0.00168,0.574561
56.5873,0.002095,0.00168,0.574444
56.5888,0.002095,0.00168,0.574298
56.5909,0.002095,0.00168,0.57423
56.5929,0.002095,0.00168,0.574062
56.5949,0.002095,0.00168,0.573855
56.5974,0.002095,0.00168,0.57366
56.5994,0.003309,0.00168,0.573413
56.6014,0.006944,0.00168,0.573288
56.6033,0.006944,0.00168,0.572946
56.6049,0.006944,0.00168,0.572784
56.6064,0.005312,0.00168,0.572514
56.6084,0.005312,0.00168,0.57237
56.6104,0.005312,0.00168,0.572029
56.6124,0.005312,0.00168,0.571792
56.6149,0.005312,0.00168,0.571509
56.6169,0.005312,0.00168,0.571156
56.6189,0.000335,0.00168,0.5709
56.6209,0.011055,0.00168,0.570598
56.6224,0.01127,0.00168,0.570284
56.6244,0.004204,0.00168,0.570064
56.6264,0.004204,0.00168,0.569763
56.6284,0.004204,0.00168,0.569401
56.6304,0.009835,0.00168,0.569119
56.6324,0.013861,0.00168,0.568872
56.6344,0.013861,0.00168,0.56857
56.6364,0.013861,0.00168,0.568412
56.6384,0.013861,0.00168,0.568076
56.6404,0.021405,0.00168,0.567912
56.6424,0.021405,0.00168,0.567725
56.6444,0.021405,0.00168,0.567589
56.6469,0.004274,0.00168,0.567343
56.6484,0.016328,0.00168,0.56713
56.6504,0.016328,0.00168,0.566948
56.6524,0.013108,0.00168,0.566807
56.6544,0.000974,0.00168,0.566614
56.6564,0.013249,0.00168,0.566344
56.6584,0.013249,0.00168,0.566061
56.6604,0.013249,0.00168,0.565914
56.6624,0.009649,0.00168,0.565635
56.6644,0.018822,0.00168,0.565473
56.6664,0.018822,0.00168,0.565322
56.6684,0.02265,0.00168,0.565002
56.6704,0.019817,0.00168,0.564694
56.6724,0.001086,0.00168,0.564545
56.6744,0.001086,0.00168,0.564305
56.6764,0.001086,0.00168,0.564123
56.6784,0.024397,0.00168,0.563736
56.6804,0.006783,0.00168,0.563655
56.6824,0.006783,0.00168,0.563467
56.6844,0.003315,0.00168,0.563249
56.6864,0.003315,0.00168,0.56308
56.6884,0.017874,0.00168,0.56285
56.6905,0.033282,0.00168,0.562755
56.6925,0.001354,0.00168,0.562564
56.6944,0.001354,0.00168,0.562476
56.6965,0.012403,0.00168,0.56243
56.6985,0.018506,0.00168,0.56228
56.7005,0.018506,0.00168,0.562172
56.7024,0.018506,0.00168,0.562037
56.7045,0.018506,0.00168,0.562101
56.7065,0.037801,0.00168,0.561997
56.7085,0.010608,0.00168,0.561942
56.7104,0.010608,0.00168,0.561945
56.7125,0.010608,0.00168,0.561935
56.7149,0.010608,0.00168,0.561964
56.7165,0.010608,0.00168,0.56194
56.7185,0.010608,0.00168,0.562025
56.7205,0.007747,0.00168,0.561968
56.7225,0.008823,0.00168,0.561982
56.7245,0.008823,0.00168,0.562115
56.7264,0.003066,0.00168,0.562078
56.7285,0.003066,0.00168,0.562179
56.7305,0.027724,0.00168,0.562225
56.7325,0.027724,0.00168,0.562147
56.7345,0.001402,0.00168,0.562367
56.7365,0.00932,0.00168,0.562293
56.7385,0.0337,0.00168,0.56233
56.7405,0.0337,0.00168,0.562406
56.7425,0.0337,0.00168,0.56229
56.7445,0.00301,0.00168,0.562423
56.7465,0.01521,0.00168,0.562436
56.7489,2.3e-05,0.00168,0.562455
56.7505,0.003036,0.00168,0.562538
56.7525,0.003036,0.00168,0.562649
56.7545,0.019866,0.00168,0.56273
56.7565,0.003049,0.00168,0.562732
56.7585,0.003049,0.00168,0.562796
56.7605,0.03925,0.00168,0.562803
56.7625,0.033175,0.00168,0.562724
56.7645,0.001544,0.00168,0.562845
56.7665,0.001544,0.00168,0.562815
56.7685,0.018032,0.00168,0.562871
56.7705,0.018032,0.00168,0.562894
56.7725,0.004717,0.00168,0.562872
56.7745,0.004717,0.00168,0.562862
56.7765,0.007564,0.00168,0.562937
56.7785,0.026972,0.00168,0.562922
56.7805,0.003066,0.00168,0.562942
56.7825,0.003066,0.00168,0.562878
56.7849,0.003114,0.00168,0.562868
56.7865,0.009098,0.00168,0.562935
56.7885,0.009098,0.00168,0.562954
56.7905,0.009098,0.00168,0.562903
56.7925,0.009098,0.00168,0.562856
56.7945,0.009098,0.00168,0.562768
56.7965,0.009098,0.00168,0.562785
56.7985,0.009098,0.00168,0.562776
56.8005,0.009098,0.00168,0.562714
56.8025,0.004794,0.00168,0.562663
56.8045,0.004794,0.00168,0.562614
56.8065,0.004794,0.00168,0.562653
56.8085,0.004794,0.00168,0.562682
56.8105,0.001828,0.00168,0.562613
56.8125,0.001828,0.00168,0.562655
56.8145,0.009249,0.00168,0.56269
56.8169,0.009249,0.00168,0.562674
56.8185,0.001831,0.00168,0.562617
56.8205,0.001831,0.00168,0.56276
56.8225,0.003385,0.00168,0.562697
56.8245,0.003385,0.00168,0.562693
56.8265,0.033703,0.00168,0.562767
56.8285,0.033703,0.00168,0.562749
56.8305,0.033703,0.00168,0.562833
56.8325,0.000114,0.00168,0.562844
56.8345,0.022905,0.00168,0.562851
56.8365,0.001903,0.00168,0.562926
56.8385,0.001903,0.00168,0.562904
56.8405,0.024178,0.00168,0.56298
56.8425,0.022791,0.00168,0.562993
56.8445,0.022791,0.00168,0.56301
56.8465,0.022791,0.00168,0.563016
56.8485,0.022791,0.00168,0.56304
56.8505,0.01414,0.00168,0.563166
56.8529,0.01414,0.00168,0.563264
56.8549,0.018786,0.00168,0.563268
56.8565,0.011947,0.00168,0.563289
56.8585,0.02093,0.00168,0.5634
56.8605,0.016373,0.00168,0.563476
56.8625,0.016373,0.00168,0.563507
56.8645,0.018451,0.00168,0.563633
56.8665,0.0006,0.00168,0.563648
56.8685,0.016954,0.00168,0.563792
56.8705,0.016954,0.00168,0.563858
56.8725,0.006908,0.00168,0.56393
56.8745,0.034179,0.00168,0.563983
56.8765,0.034179,0.00168,0.56412
56.8785,0.034179,0.00168,0.564227
56.8805,0.034179,0.00168,0.564258
56.8825,0.002166,0.00168,0.564384
56.8845,0.002166,0.00168,0.564534
56.8869,0.01945,0.00168,0.564514
56.8889,0.01945,0.00168,0.564607
56.8909,0.01945,0.00168,0.564676
56.8929,0.019111,0.00168,0.564724
56.8945,0.019111,0.00168,0.564777
56.8965,0.024099,0.00168,0.564735
56.8985,0.024099,0.00168,0.564784
56.9005,0.004324,0.00168,0.564826
56.9025,0.004324,0.00168,0.564932
56.9045,0.029585,0.00168,0.564797
56.9065,0.029585,0.00168,0.564854
56.9085,0.013511,0.00168,0.564775
56.9105,0.010409,0.00168,0.564845
56.9125,0.000554,0.00168,0.564881
56.9145,0.000554,0.00168,0.564761
56.9159,0.004216,0.00168,0.564827
56.9175,0.004216,0.00168,0.564777
56.9199,0.001783,0.00168,0.564856
56.9215,0.001783,0.00168,0.564824
56.9233,0.005996,0.00168,0.564895
56.9249,0.005996,0.00168,0.564855
56.9269,0.028657,0.00168,0.564835
56.9289,0.028657,0.00168,0.564861
56.9309,0.028657,0.00168,0.564837
56.9329,0.028657,0.00168,0.564769
56.9349,0.028657,0.00168,0.564799
56.9369,0.027521,0.00168,0.564819
56.9389,0.001748,0.00168,0.564912
56.9409,0.001748,0.00168,0.564852
56.9429,0.000558,0.00168,0.564828
56.9449,0.006106,0.00168,0.564876
56.9469,0.02743,0.00168,0.564838
56.9489,0.02743,0.00168,0.564973
56.9509,0.02743,0.00168,0.564966
56.9535,0.023281,0.00168,0.565082
56.9553,0.023281,0.00168,0.565105
56.9575,0.023281,0.00168,0.565249
56.9595,0.023281,0.00168,0.565443
56.9615,0.021815,0.00168,0.565703
56.9633,0.026942,0.00168,0.56587
56.9655,0.026942,0.00168,0.566018
56.9675,0.026942,0.00168,0.566395
56.9695,0.008826,0.00168,0.566792
56.9713,0.023326,0.00168,0.567077
56.9735,0.023326,0.00168,0.567493
56.9755,0.001719,0.00168,0.567975
56.9775,0.001719,0.00168,0.568528
56.9793,0.013187,0.00168,0.568871
56.9809,0.006954,0.00168,0.569354
56.9825,0.006954,0.00168,0.569651
56.9845,0.008137,0.00168,0.570132
56.9865,0.008137,0.00168,0.570477
56.9885,0.008137,0.00168,0.570932
56.9905,0.002806,0.00168,0.571349
56.9925,0.002806,0.00168,0.571711
56.9945,0.002806,0.00168,0.572023
56.9959,0.002806,0.00168,0.572384
56.9985,0.006457,0.00168,0.572733
57.0005,0.006457,0.00168,0.573004
57.0025,0.006457,0.00168,0.573215
57.0039,0.006457,0.00168,0.573503
57.0055,0.006457,0.00168,0.573648
57.0075,0.002267,0.00168,0.573871
57.0095,0.002267,0.00168,0.574158
57.0113,0.002267,0.00168,0.574173
57.0135,0.002267,0.00168,0.574317
57.0155,0.002267,0.00168,0.574577
57.0175,0.002267,0.00168,0.574654
57.0193,0.001976,0.00168,0.574705
57.0215,0.001976,0.00168,0.574733
57.0229,0.001976,0.00168,0.57493
57.0245,0.001763,0.00168,0.574963
57.0259,0.001763,0.00168,0.574893
57.0273,0.001763,0.00168,0.574944
57.0295,0.001763,0.00168,0.574904
57.0309,0.005352,0.00168,0.57488
57.0325,0.007192,0.00168,0.574955
57.0339,0.001064,0.00168,0.574888
57.0353,0.001076,0.00168,0.574927
57.0375,0.00771,0.00168,0.574922
57.0389,0.00771,0.00168,0.574952
57.0405,0.00771,0.00168,0.57503
57.0419,0.006036,0.00168,0.574968
57.0433,0.003738,0.00168,0.574949
57.0449,0.001075,0.00168,0.575071
57.0465,0.001721,0.00168,0.575139
57.0485,0.006896,0.00168,0.575143
57.0499,0.006896,0.00168,0.575197
57.0513,0.007049,0.00168,0.575191
57.0535,0.007049,0.00168,0.575221
57.0549,0.007049,0.00168,0.575334
57.0565,0.007049,0.00168,0.575332
57.0579,0.007049,0.00168,0.575352
57.0593,0.007049,0.00168,0.575431
57.0615,0.007049,0.00168,0.575383
57.0629,0.007049,0.00168,0.575304
57.0645,0.001529,0.00168,0.575314
57.0659,0.001529,0.00168,0.575287
57.0673,0.001529,0.00168,0.575212
57.0695,0.001529,0.00168,0.575084
57.0709,0.001529,0.00168,0.575006
57.0725,0.004418,0.00168,0.575012
57.0739,0.003068,0.00168,0.574933
57.0755,0.00377,0.00168,0.574823
57.0775,0.002523,0.00168,0.57489
57.0795,0.002523,0.00168,0.574753
57.0815,0.000853,0.00168,0.574676
57.0833,0.000853,0.00168,0.574595
57.0855,0.000853,0.00168,0.574616
57.0875,0.010225,0.00168,0.574564
57.0889,0.008463,0.00168,0.5746
57.0905,0.003719,0.00168,0.574626
57.0925,0.004067,0.00168,0.574615
57.0945,0.004067,0.00168,0.574651
57.0965,0.004067,0.00168,0.574765
57.0985,0.004067,0.00168,0.57484
57.1005,0.004834,0.00168,0.574862
57.1025,0.001922,0.00168,0.574907
57.1045,0.00311,0.00168,0.574981
57.1065,0.00311,0.00168,0.575041
57.1089,0.008994,0.00168,0.575198
57.1105,0.00025,0.00168,0.575273
57.1125,0.00025,0.00168,0.575375
57.1145,0.010635,0.00168,0.575503
57.1165,0.003583,0.00168,0.575669
57.1185,0.010193,0.00168,0.57585
57.1205,0.000187,0.00168,0.576191
57.1225,0.020197,0.00168,0.576482
57.1245,0.014675,0.00168,0.576881
57.1265,0.028033,0.00168,0.577475
57.1285,0.020532,0.00168,0.577984
57.1305,0.022143,0.00168,0.578671
57.1325,0.013345,0.00168,0.579437
57.1345,0.004837,0.00168,0.580154
57.1365,0.004837,0.00168,0.58102
57.1385,0.016019,0.00168,0.581812
57.1405,0.008819,0.00168,0.582763
57.1425,0.005083,0.00168,0.583728
57.1449,0.02507,0.00168,0.584637
57.1465,0.003144,0.00168,0.58598
57.1485,0.003144,0.00168,0.586714
57.1505,0.003144,0.00168,0.587802
57.1525,0.015836,0.00168,0.588962
57.1545,0.028452,0.00168,0.59005
57.1565,0.028452,0.00168,0.591186
57.1585,0.005473,0.00168,0.592577
57.1605,0.033038,0.00168,0.593838
57.1625,0.011119,0.00168,0.595091
57.1645,0.011119,0.00168,0.596384
57.1665,0.011119,0.00168,0.597742
57.1685,0.019628,0.00168,0.599279
57.1705,0.015567,0.00168,0.60077
57.1725,0.02145,0.00168,0.602348
57.1745,0.003634,0.00168,0.603825
57.1765,0.012605,0.00168,0.605325
57.1785,0.003929,0.00168,0.606863
57.1805,0.002048,0.00168,0.608511
57.1825,0.002048,0.00168,0.609983
57.1845,0.002048,0.00168,0.611679
57.1865,0.012039,0.00168,0.613207
57.1879,0.000484,0.00168,0.614786
57.1895,0.004027,0.00168,0.616033
57.1915,0.004027,0.00168,0.617312
57.1935,0.023419,0.00168,0.618842
57.1954,0.010638,0.00168,0.620605
57.1969,0.010638,0.00168,0.622008
57.1985,0.010638,0.00168,0.623483
57.2005,0.028754,0.00168,0.624741
57.2025,0.032758,0.00168,0.626372
57.2045,0.015486,0.00168,0.628095
57.2065,0.015486,0.00168,0.629824
57.2085,0.025769,0.00168,0.631445
57.2105,0.008364,0.00168,0.63312
57.2125,0.008364,0.00168,0.634819
57.2145,0.008364,0.00168,0.636468
57.2165,0.015201,0.00168,0.638067
57.2185,0.015201,0.00168,0.639854
57.2205,0.011555,0.00168,0.641566
57.2225,0.011555,0.00168,0.643191
57.2245,0.011555,0.00168,0.644808
57.2265,0.011555,0.00168,0.64643
57.2279,0.002331,0.00168,0.648
57.2295,0.002331,0.00168,0.649176
57.2315,0.006759,0.00168,0.650417
57.2335,0.004686,0.00168,0.651987
57.2354,0.000865,0.00168,0.653696
57.2369,0.013921,0.00168,0.65514
57.2385,0.013921,0.00168,0.65648
57.2405,0.005224,0.00168,0.657718
57.2425,0.004074,0.00168,0.65934
57.2445,0.019759,0.00168,0.660856
57.2465,0.020527,0.00168,0.66252
57.2485,0.009895,0.00168,0.664065
57.2505,0.009895,0.00168,0.665739
57.2519,0.003901,0.00168,0.667304
57.2535,0.003901,0.00168,0.668388
57.2555,0.003901,0.00168,0.669593
57.2575,0.011914,0.00168,0.671183
57.2594,0.006996,0.00168,0.672835
57.2609,0.015201,0.00168,0.674413
57.2625,0.004828,0.00168,0.675633
57.2645,0.004828,0.00168,0.676758
57.2665,0.004828,0.00168,0.678288
57.2679,0.004828,0.00168,0.679795
57.2695,0.004828,0.00168,0.680849
57.2715,0.000565,0.00168,0.682186
57.2735,0.000565,0.00168,0.683643
57.2754,0.000565,0.00168,0.685196
57.2775,0.00978,0.00168,0.686489
57.2795,0.00978,0.00168,0.688116
57.2815,0.00978,0.00168,0.689582
57.2834,0.012466,0.00168,0.691081
57.2849,0.012466,0.00168,0.692208
57.2865,0.00393,0.00168,0.693476
57.2885,0.00393,0.00168,0.694413
57.2905,0.00393,0.00168,0.695775
57.2925,0.009101,0.00168,0.697111
57.2945,0.009101,0.00168,0.69853
57.2965,0.019439,0.00168,0.699927
57.2985,0.034142,0.00168,0.701363
57.3005,0.005631,0.00168,0.70268
57.3025,0.005631,0.00168,0.704108
57.3045,0.030832,0.00168,0.705646
57.3065,0.009047,0.00168,0.707143
57.3085,0.009047,0.00168,0.708529
57.311,0.009047,0.00168,0.710063
57.3125,0.002818,0.00168,0.711895
57.3145,0.002818,0.00168,0.712978
57.3165,0.002818,0.00168,0.714373
57.3185,0.002818,0.00168,0.715884
57.3205,0.002818,0.00168,0.717272
57.3225,0.002818,0.00168,0.718617
57.3245,0.000532,0.00168,0.72006
57.3265,0.000532,0.00168,0.721516
57.3285,0.013691,0.00168,0.722937
57.3305,0.013691,0.00168,0.724417
57.3325,0.013691,0.00168,0.725768
57.3345,0.032201,0.00168,0.727268
57.3365,0.032201,0.00168,0.728661
57.3385,0.046603,0.00168,0.730167
57.3405,0.046603,0.00168,0.731666
57.3425,0.003937,0.00168,0.733217
57.345,0.003937,0.00168,0.734844
57.3465,0.013292,0.00168,0.736719
57.3485,0.013292,0.00168,0.737906
57.3505,0.023118,0.00168,0.739469
57.3525,0.023118,0.00168,0.741071
57.3545,0.009219,0.00168,0.742705
57.3565,0.009219,0.00168,0.744285
57.3585,0.009219,0.00168,0.745825
57.3605,0.009219,0.00168,0.747524
57.3625,0.012054,0.00168,0.749052
57.3645,0.012054,0.00168,0.750619
57.3665,0.012054,0.00168,0.752355
57.3685,0.000114,0.00168,0.753967
57.3705,0.003678,0.00168,0.755697
57.3725,0.003678,0.00168,0.757327
57.3745,0.007737,0.00168,0.758965
57.3765,0.03087,0.00168,0.760657
57.3785,0.03087,0.00168,0.762216
57.3805,0.03087,0.00168,0.763994
57.3825,0.005044,0.00168,0.765652
57.3845,0.029151,0.00168,0.767333
57.3865,0.004746,0.00168,0.768931
57.3885,0.004746,0.00168,0.770669
57.3905,0.014937,0.00168,0.772271
57.3925,0.014937,0.00168,0.773845
57.3945,0.014937,0.00168,0.775583
57.3965,0.014937,0.00168,0.777166
57.3985,0.028349,0.00168,0.778712
57.4005,0.028349,0.00168,0.780281
57.4025,0.028349,0.00168,0.781886
57.4045,0.028349,0.00168,0.783517
57.4066,0.008697,0.00168,0.785131
57.4085,0.008697,0.00168,0.786658
57.4105,0.008697,0.00168,0.788156
57.4125,0.008697,0.00168,0.789799
57.415,0.008697,0.00168,0.791305
57.4166,0.008697,0.00168,0.793214
57.4185,0.008697,0.00168,0.79436
57.4206,0.008697,0.00168,0.795862
57.4226,0.008697,0.00168,0.797353
57.4246,0.008697,0.00168,0.798745
57.4265,0.023912,0.00168,0.800253
57.4286,0.023912,0.00168,0.801798
57.4306,0.023912,0.00168,0.803228
57.4326,0.047269,0.00168,0.804694
57.4346,0.02754,0.00168,0.806268
57.4366,0.017756,0.00168,0.807732
57.4386,0.017756,0.00168,0.809237
57.4406,0.013086,0.00168,0.810639
57.4426,0.021401,0.00168,0.812043
57.4446,0.021401,0.00168,0.813498
57.4466,0.021401,0.00168,0.814823
57.449,0.021401,0.00168,0.816398
57.4506,0.01192,0.00168,0.818068
57.4526,0.01192,0.00168,0.819087
57.4546,0.004884,0.00168,0.820541
57.4566,0.004884,0.00168,0.821918
57.4586,0.004884,0.00168,0.82329
57.4606,0.004884,0.00168,0.824621
57.4626,0.003771,0.00168,0.826071
57.4646,0.011839,0.00168,0.827392
57.4666,0.04236,0.00168,0.828758
57.4686,0.005378,0.00168,0.830077
57.4706,0.004552,0.00168,0.831465
57.4726,0.014091,0.00168,0.832744
57.4746,0.024307,0.00168,0.834165
57.4766,0.009538,0.00168,0.835459
57.4786,0.009538,0.00168,0.8368
57.4806,0.009538,0.00168,0.838208
57.4826,0.012641,0.00168,0.839518
57.4846,0.012641,0.00168,0.84095
57.4866,0.012641,0.00168,0.8424
57.4886,0.003611,0.00168,0.843745
57.4906,0.003611,0.00168,0.845148
57.4926,0.003611,0.00168,0.846457
57.4946,0.026323,0.00168,0.847749
57.4966,0.026323,0.00168,0.849069
57.4986,0.026323,0.00168,0.85043
57.5006,0.026323,0.00168,0.851715
57.5026,0.01045,0.00168,0.853065
57.5046,0.01045,0.00168,0.854324
57.5066,0.01045,0.00168,0.855591
57.5086,0.01045,0.00168,0.85671
57.5106,0.006436,0.00168,0.857954
57.5126,0.006436,0.00168,0.859094
57.5146,0.000506,0.00168,0.860319
57.5166,0.000798,0.00168,0.861476
57.519,0.000798,0.00168,0.862638
57.5206,0.000798,0.00168,0.864042
57.5226,0.000798,0.00168,0.864997
57.5246,0.021638,0.00168,0.866042
57.5266,0.021638,0.00168,0.867112
57.5286,0.012459,0.00168,0.868168
57.5306,0.027855,0.00168,0.869243
57.5326,0.015331,0.00168,0.870232
57.5346,0.015331,0.00168,0.871246
57.5366,0.017784,0.00168,0.872271
57.5386,0.017784,0.00168,0.873324
57.5406,0.007517,0.00168,0.874427
57.5426,0.007517,0.00168,0.875453
57.5446,0.020013,0.00168,0.876537
57.5466,0.012,0.00168,0.877488
57.5486,0.012,0.00168,0.878598
57.5506,0.012,0.00168,0.879626
57.553,0.012,0.00168,0.880726
57.5546,0.015744,0.00168,0.881881
57.5566,0.015744,0.00168,0.882608
57.5586,0.015744,0.00168,0.883547
57.5606,0.009089,0.00168,0.8846
57.5626,0.009089,0.00168,0.885571
57.5646,0.009089,0.00168,0.886599
57.5666,0.009089,0.00168,0.887542
57.5686,0.009089,0.00168,0.888539
57.5706,0.007542,0.00168,0.88955
57.5726,0.007542,0.00168,0.890489
57.5746,0.007542,0.00168,0.891453
57.5766,0.007542,0.00168,0.892417
57.5786,0.00134,0.00168,0.893338
57.5806,0.00134,0.00168,0.894188
57.5826,0.002476,0.00168,0.895151
57.5846,0.002476,0.00168,0.896003
57.587,0.002476,0.00168,0.896898
57.5886,0.008236,0.00168,0.897942
57.5906,0.008236,0.00168,0.89859
57.5926,0.024111,0.00168,0.899283
57.5946,0.004646,0.00168,0.900189
57.5966,0.018486,0.00168,0.900876
57.5986,0.002173,0.00168,0.901776
57.6006,0.002173,0.00168,0.902565
57.6026,0.002173,0.00168,0.903449
57.6046,0.002173,0.00168,0.904265
57.6066,0.023088,0.00168,0.905045
57.6086,0.023088,0.00168,0.905769
57.6106,0.023088,0.00168,0.906575
57.6126,0.024675,0.00168,0.907411
57.6146,0.009436,0.00168,0.908245
57.6166,0.009436,0.00168,0.908986
57.6186,0.009436,0.00168,0.909852
57.6206,0.008669,0.00168,0.910544
57.623,0.000686,0.00168,0.911405
57.6246,0.037186,0.00168,0.912309
57.6266,0.037186,0.00168,0.913008
57.6286,0.051246,0.00168,0.913728
57.6306,0.014933,0.00168,0.914775
57.6326,0.014933,0.00168,0.915583
57.6346,0.02017,0.00168,0.916304
57.6366,0.019664,0.00168,0.917307
57.6386,0.033161,0.00168,0.918135
57.6406,0.024257,0.00168,0.919027
57.6426,0.020495,0.00168,0.919932
57.6446,0.020495,0.00168,0.920727
57.6466,0.020495,0.00168,0.921756
57.6486,0.020495,0.00168,0.922627
57.6506,0.008809,0.00168,0.923494
57.6526,0.008809,0.00168,0.924428
57.6546,0.008809,0.00168,0.925265
57.657,0.008809,0.00168,0.92621
57.6586,0.002372,0.00168,0.927297
57.6606,0.002372,0.00168,0.92785
57.6626,0.000448,0.00168,0.928759
57.6646,0.000448,0.00168,0.929555
57.6666,0.000448,0.00168,0.930474
57.6686,0.000448,0.00168,0.931325
57.6706,0.000448,0.00168,0.93223
57.6726,0.003565,0.00168,0.932945
57.6746,0.003565,0.00168,0.933777
57.6766,0.003565,0.00168,0.934628
57.6786,0.003565,0.00168,0.935326
57.6806,0.006524,0.00168,0.936171
57.6826,0.006524,0.00168,0.93692
57.6846,0.006524,0.00168,0.937746
57.6866,0.006524,0.00168,0.93838
57.6886,0.003658,0.00168,0.939263
57.6906,0.002191,0.00168,0.939937
57.6926,0.000254,0.00168,0.940723
57.6946,0.000254,0.00168,0.941427
57.6966,0.007407,0.00168,0.942181
57.6986,0.034934,0.00168,0.942971
57.7,0.002358,0.00168,0.943712
57.702,0.002269,0.00168,0.944445
57.7036,0.002269,0.00168,0.945222
57.7056,0.031856,0.00168,0.94571
57.7074,0.031856,0.00168,0.946571
57.7096,0.032305,0.00168,0.947399
57.7116,0.027909,0.00168,0.948118
57.7136,0.027909,0.00168,0.94893
57.7154,0.027909,0.00168,0.949682
57.7176,0.053993,0.00168,0.950642
57.7196,0.011282,0.00168,0.951444
57.7216,0.004127,0.00168,0.952329
57.7234,0.004127,0.00168,0.953244
57.7256,0.019615,0.00168,0.954027
57.7276,0.011282,0.00168,0.954764
57.7296,0.015105,0.00168,0.955665
57.7314,0.015105,0.00168,0.95645
57.7336,0.011264,0.00168,0.957346
57.7356,0.011715,0.00168,0.95832
57.7376,0.011715,0.00168,0.959124
57.7394,0.011715,0.00168,0.959907
57.7416,0.010618,0.00168,0.960734
57.7436,0.010618,0.00168,0.961575
57.7456,0.010618,0.00168,0.962349
57.7474,0.005792,0.00168,0.963178
57.7496,0.002071,0.00168,0.964003
57.7516,0.002071,0.00168,0.964922
57.7536,0.002071,0.00168,0.965542
57.7554,0.007192,0.00168,0.966401
57.7576,0.002568,0.00168,0.967251
57.76,0.00288,0.00168,0.968056
57.7616,0.00288,0.00168,0.96899
57.7634,0.00288,0.00168,0.969557
57.7656,0.00288,0.00168,0.970191
57.7676,0.004019,0.00168,0.970956
57.7696,0.004019,0.00168,0.971706
57.7714,0.004019,0.00168,0.972308
57.7736,0.004019,0.00168,0.973049
57.7756,0.021228,0.00168,0.973837
57.7776,0.021228,0.00168,0.974538
57.7794,0.021228,0.00168,0.975234
57.7816,0.018265,0.00168,0.975946
57.7836,0.020743,0.00168,0.976564
57.7856,4e-05,0.00168,0.977198
57.7875,4e-05,0.00168,0.977946
57.7896,0.003709,0.00168,0.978397
57.7916,0.00503,0.00168,0.979196
57.7936,0.022934,0.00168,0.979918
57.796,0.022934,0.00168,0.980551
57.7976,0.022934,0.00168,0.981341
57.7996,0.012467,0.00168,0.98183
57.8016,0.028808,0.00168,0.982505
57.803,0.028808,0.00168,0.983078
57.8046,0.004866,0.00168,0.983551
57.806,0.004866,0.00168,0.984035
57.8076,0.004866,0.00168,0.984399
57.809,0.029728,0.00168,0.984949
57.8106,0.029728,0.00168,0.985438
57.812,0.016255,0.00168,0.985985
57.8136,0.037341,0.00168,0.986495
57.815,0.001966,0.00168,0.986946
57.8166,0.012737,0.00168,0.987537
57.818,0.012737,0.00168,0.98813
57.8194,0.003162,0.00168,0.988566
57.821,0.003162,0.00168,0.989098
57.823,0.028593,0.00168,0.989557
57.8246,0.011804,0.00168,0.99029
57.826,0.011804,0.00168,0.990752
57.8275,0.011804,0.00168,0.991356
57.829,0.011804,0.00168,0.991712
57.8306,0.018442,0.00168,0.992383
57.832,0.037679,0.00168,0.992978
57.8336,0.037679,0.00168,0.993429
57.8355,0.037679,0.00168,0.993976
57.837,0.037679,0.00168,0.99471
57.8386,0.037679,0.00168,0.995343
57.8406,0.00669,0.00168,0.995921
57.842,0.003085,0.00168,0.996648
57.8435,0.003085,0.00168,0.997109
57.845,0.003085,0.00168,0.997803
57.8466,0.003085,0.00168,0.998327
57.8486,0.003085,0.00168,0.998872
57.851,0.003085,0.00168,0.999617
57.8526,0.000959,0.03384,1.00056
57.8546,0.05114,0.07476,1.00125
57.8566,0.129455,0.11484,1.00191
57.8586,0.22984,0.15918,1.00265
57.8606,0.350926,0.17994,1.003
57.8626,0.428663,0.19386,1.00323
57.8646,0.500296,0.1857,1.0031
57.8666,0.545605,0.16356,1.00273
57.8686,0.524921,0.1419,1.00237
57.8706,0.471637,0.12156,1.00203
57.8726,0.420664,0.10302,1.00172
57.8746,0.357383,0.0894,1.00149
57.8766,0.318758,0.08118,1.00135
57.8786,0.26873,0.07488,1.00125
57.8806,0.238278,0.0675,1.00113
57.8826,0.219451,0.05754,1.00096
57.8846,0.193914,0.05256,1.00088
57.8871,0.170867,0.03906,1.00065
57.8891,0.147621,0.03636,1.00061
57.8911,0.141011,0.03474,1.00058
57.8931,0.116906,0.03756,1.00063
57.895,0.112678,0.04386,1.00073
57.897,0.121399,0.0516,1.00086
57.899,0.151963,0.06282,1.00105
57.901,0.1591,0.06384,1.00106
57.903,0.183941,0.07368,1.00123
57.905,0.205565,0.0783,1.00131
57.907,0.223152,0.08562,1.00143
57.909,0.234997,0.0873,1.00145
57.911,0.246071,0.09162,1.00153
57.913,0.262957,0.08874,1.00148
57.915,0.279467,0.09108,1.00152
57.917,0.26249,0.09426,1.00157
57.919,0.273512,0.08628,1.00144
57.921,0.273521,0.08784,1.00146
57.923,0.275235,0.08454,1.00141
57.925,0.259829,0.08412,1.0014
57.927,0.255446,0.08682,1.00145
57.929,0.25403,0.0813,1.00136
57.931,0.262607,0.08742,1.00146
57.933,0.250328,0.08142,1.00136
57.935,0.249892,0.08544,1.00142
57.937,0.25662,0.08262,1.00138
57.939,0.257768,0.08388,1.0014
57.941,0.2553,0.08322,1.00139
57.943,0.250702,0.08484,1.00141
57.945,0.245662,0.07938,1.00132
57.947,0.252368,0.0873,1.00145
57.949,0.258544,0.08112,1.00135
57.951,0.246396,0.0846,1.00141
57.953,0.242739,0.08772,1.00146
57.955,0.263797,0.08148,1.00136
57.9576,0.257311,0.07938,1.00132
57.9596,0.24081,0.07614,1.00127
57.9616,0.22995,0.07536,1.00126
57.9635,0.239956,0.0786,1.00131
57.9656,0.237791,0.07614,1.00127
57.9676,0.229488,0.07794,1.0013
57.9696,0.226865,0.08292,1.00138
57.9715,0.244906,0.07926,1.00132
57.9736,0.250818,0.08076,1.00135
57.9756,0.234055,0.08352,1.00139
57.9776,0.243111,0.08634,1.00144
57.9795,0.258375,0.09138,1.00152
57.9816,0.270977,0.09354,1.00156
57.9836,0.278718,0.09936,1.00166
57.9856,0.289422,0.1014,1.00169
57.9875,0.305859,0.10674,1.00178
57.9896,0.310714,0.10788,1.0018
57.9921,0.319462,0.11586,1.00193
57.9941,0.330627,0.12078,1.00201
57.9961,0.354925,0.12486,1.00208
57.9981,0.362027,0.1305,1.00218
58.0001,0.374122,0.13836,1.00231
58.0021,0.401515,0.14046,1.00234
58.0041,0.419247,0.13524,1.00225
58.0061,0.411034,0.14388,1.0024
58.0081,0.420257,0.13914,1.00232
58.0101,0.421124,0.14316,1.00239
58.0121,0.431333,0.14382,1.0024
58.0141,0.427717,0.14082,1.00235
58.0161,0.433635,0.14316,1.00239
58.0181,0.435595,0.13578,1.00226
58.0201,0.416324,0.13788,1.0023
58.0221,0.414763,0.1389,1.00232
58.0241,0.417459,0.13644,1.00227
58.0266,0.417821,0.13494,1.00225
58.0286,0.417424,0.13374,1.00223
58.0306,0.39685,0.1344,1.00224
58.0326,0.411013,0.13266,1.00221
58.0346,0.401016,0.13032,1.00217
58.0366,0.401809,0.13884,1.00231
58.0386,0.407261,0.1347,1.00225
58.0406,0.419369,0.13626,1.00227
58.0426,0.407621,0.13404,1.00223
58.0446,0.40281,0.1362,1.00227
58.0466,0.41168,0.13422,1.00224
58.0486,0.405969,0.1359,1.00226
58.0506,0.408507,0.1401,1.00233
58.0526,0.408814,0.13938,1.00232
58.0546,0.421351,0.14766,1.00246
58.0566,0.432306,0.1425,1.00238
58.0586,0.433435,0.14376,1.0024
58.0606,0.436466,0.14472,1.00241
58.0631,0.434563,0.15,1.0025
58.0651,0.444328,0.15114,1.00252
58.0671,0.453322,0.15414,1.00257
58.0696,0.463212,0.16032,1.00267
58.0717,0.470493,0.15924,1.00265
58.0737,0.475711,0.16194,1.0027
58.0755,0.487322,0.16476,1.00275
58.0776,0.500366,0.16998,1.00283
58.0797,0.497501,0.17148,1.00286
58.0817,0.511905,0.17526,1.00292
58.0835,0.516989,0.17508,1.00292
58.0857,0.529071,0.17772,1.00296
58.0877,0.533575,0.1773,1.00296
58.0897,0.52901,0.17976,1.003
58.0915,0.540823,0.1797,1.003
58.0937,0.545719,0.18084,1.00301
58.0957,0.551865,0.18246,1.00304
58.0981,0.545708,0.17916,1.00299
58.1001,0.548782,0.1803,1.00301
58.1027,0.54121,0.18096,1.00302
58.1047,0.548831,0.17844,1.00297
58.1067,0.543173,0.18084,1.00301
58.1087,0.542717,0.18288,1.00305
58.1107,0.539677,0.18174,1.00303
58.1127,0.550393,0.17916,1.00299
58.1147,0.55002,0.17538,1.00292
58.1167,0.537966,0.17058,1.00284
58.1187,0.520422,0.17778,1.00296
58.1207,0.527457,0.17622,1.00294
58.1227,0.517129,0.18078,1.00301
58.1247,0.545656,0.18216,1.00304
58.1267,0.545541,0.18384,1.00306
58.1287,0.548826,0.1851,1.00309
58.1307,0.564039,0.1815,1.00303
58.1327,0.554896,0.1839,1.00307
58.1351,0.553385,0.18216,1.00304
58.1371,0.560916,0.1866,1.00311
58.1391,0.558152,0.1848,1.00308
58.1411,0.558078,0.1857,1.0031
58.1431,0.56233,0.1935,1.00323
58.1451,0.57659,0.19032,1.00317
58.1471,0.570093,0.1962,1.00327
58.1491,0.582062,0.19944,1.00332
58.1511,0.595891,0.19248,1.00321
58.1531,0.59307,0.20058,1.00334
58.1551,0.595522,0.20478,1.00341
58.1571,0.612918,0.20592,1.00343
58.1591,0.617934,0.21594,1.0036
58.1611,0.642424,0.21972,1.00366
58.1631,0.651557,0.22446,1.00374
58.1651,0.671023,0.23052,1.00384
58.1671,0.684577,0.23244,1.00387
58.1697,0.691117,0.23778,1.00396
58.1715,0.703394,0.2352,1.00392
58.1737,0.714422,0.23838,1.00397
58.1757,0.725679,0.24378,1.00406
58.1777,0.724526,0.24258,1.00404
58.1795,0.7324,0.24978,1.00416
58.1817,0.734534,0.24588,1.0041
58.1837,0.746878,0.25044,1.00417
58.1857,0.753564,0.25104,1.00418
58.1875,0.760311,0.24132,1.00402
58.1897,0.740226,0.24138,1.00402
58.1917,0.730346,0.24096,1.00402
58.1937,0.733352,0.24114,1.00402
58.1955,0.725444,0.2433,1.00406
58.1977,0.73361,0.23664,1.00394
58.1997,0.727003,0.23694,1.00395
58.2017,0.709953,0.23958,1.00399
58.2035,0.717819,0.24342,1.00406
58.2061,0.729079,0.23508,1.00392
58.2081,0.721328,0.23802,1.00397
58.2101,0.718028,0.23886,1.00398
58.2121,0.718881,0.23928,1.00399
58.2141,0.725569,0.24132,1.00402
58.2161,0.726596,0.24006,1.004
58.2181,0.739107,0.24186,1.00403
58.2201,0.739138,0.24324,1.00405
58.2221,0.731283,0.24684,1.00411
58.2241,0.741625,0.24804,1.00413
58.2261,0.742497,0.25182,1.0042
58.2281,0.75486,0.25566,1.00426
58.2301,0.763884,0.2592,1.00432
58.2321,0.767651,0.26064,1.00434
58.2341,0.783569,0.26826,1.00447
58.2361,0.793392,0.26952,1.00449
58.2381,0.809193,0.26802,1.00447
58.2407,0.808603,0.27132,1.00452
58.2427,0.811038,0.27234,1.00454
58.2447,0.814827,0.27996,1.00467
58.2467,0.843872,0.28332,1.00472
58.2487,0.846193,0.2808,1.00468
58.2507,0.847885,0.28236,1.00471
58.2527,0.860349,0.28128,1.00469
58.2547,0.843422,0.28026,1.00467
58.2567,0.840941,0.27738,1.00462
58.2587,0.841619,0.2775,1.00463
58.2607,0.839019,0.27852,1.00464
58.2627,0.843662,0.27642,1.00461
58.2647,0.848003,0.27354,1.00456
58.2667,0.835591,0.27336,1.00456
58.2687,0.826401,0.26934,1.00449
58.2707,0.820724,0.27558,1.00459
58.2727,0.83174,0.26394,1.0044
58.2747,0.803897,0.26826,1.00447
58.2767,0.813591,0.26736,1.00446
58.2787,0.811145,0.26394,1.0044
58.2807,0.801848,0.2601,1.00434
58.2827,0.793663,0.25626,1.00427
58.2847,0.788049,0.25272,1.00421
58.2867,0.774376,0.25656,1.00428
58.2887,0.772786,0.25602,1.00427
58.2907,0.772839,0.24972,1.00416
58.2927,0.766037,0.25392,1.00423
58.2947,0.77342,0.2547,1.00425
58.2967,0.76157,0.24936,1.00416
58.2987,0.760374,0.2553,1.00426
58.3007,0.755069,0.25284,1.00421
58.3027,0.761701,0.25158,1.00419
58.3047,0.763844,0.2511,1.00419
58.3067,0.745913,0.24954,1.00416
58.3087,0.748985,0.25278,1.00421
58.3107,0.763956,0.2523,1.00421
58.3127,0.759288,0.24972,1.00416
58.3147,0.761298,0.24912,1.00415
58.3167,0.757058,0.24642,1.00411
58.3187,0.744792,0.24372,1.00406
58.3207,0.746913,0.24252,1.00404
58.3227,0.73212,0.2427,1.00405
58.3247,0.727987,0.24378,1.00406
58.3267,0.736065,0.2379,1.00396
58.3287,0.729054,0.23304,1.00388
58.3307,0.707878,0.23976,1.004
58.3327,0.713618,0.23622,1.00394
58.3347,0.710704,0.2307,1.00385
58.3367,0.704233,0.23022,1.00384
58.3387,0.692354,0.23124,1.00385
58.3407,0.700132,0.22866,1.00381
58.3427,0.693964,0.21984,1.00366
58.3447,0.681264,0.22014,1.00367
58.3467,0.670059,0.21606,1.0036
58.3487,0.661246,0.21444,1.00357
58.3507,0.653919,0.21384,1.00356
58.3527,0.640292,0.20988,1.0035
58.3547,0.643042,0.20094,1.00335
58.3567,0.623553,0.19746,1.00329
58.3587,0.602227,0.19722,1.00329
58.3607,0.600421,0.19332,1.00322
58.3627,0.593335,0.19278,1.00321
58.3647,0.588299,0.18456,1.00308
58.3667,0.570194,0.18018,1.003
58.3687,0.554123,0.1779,1.00297
58.3707,0.539646,0.17496,1.00292
58.3727,0.534032,0.17256,1.00288
58.3747,0.532441,0.16818,1.0028
58.3767,0.51503,0.16668,1.00278
58.3791,0.508209,0.16314,1.00272
58.3811,0.493188,0.16002,1.00267
58.3831,0.488055,0.15858,1.00264
58.3851,0.489183,0.1512,1.00252
58.3871,0.461694,0.14802,1.00247
58.3891,0.45644,0.14724,1.00245
58.3911,0.442929,0.13956,1.00233
58.3931,0.42833,0.13812,1.0023
58.3951,0.419345,0.13584,1.00226
58.3971,0.423057,0.1314,1.00219
58.3991,0.401737,0.12666,1.00211
58.4011,0.398138,0.12864,1.00214
58.4031,0.396481,0.12954,1.00216
58.4051,0.386946,0.12492,1.00208
58.4071,0.380759,0.117,1.00195
58.4091,0.370057,0.1134,1.00189
58.4111,0.351053,0.11556,1.00193
58.4137,0.353018,0.1113,1.00186
58.4157,0.341126,0.10914,1.00182
58.4177,0.342307,0.1047,1.00175
58.4195,0.318608,0.0957,1.0016
58.4217,0.305227,0.09174,1.00153
58.4237,0.287036,0.09138,1.00152
58.4257,0.278047,0.08562,1.00143
58.4275,0.27726,0.07968,1.00133
58.4297,0.249985,0.0732,1.00122
58.4317,0.233419,0.07452,1.00124
58.4337,0.23055,0.06204,1.00103
58.4355,0.198355,0.06984,1.00116
58.4377,0.202902,0.06408,1.00107
58.4397,0.205176,0.05706,1.00095
58.4417,0.179739,0.05616,1.00094
58.4435,0.175076,0.05184,1.00086
58.4457,0.165776,0.05238,1.00087
58.4477,0.154256,0.04956,1.00083
58.4501,0.163869,0.04098,1.00068
58.4521,0.128462,0.04518,1.00075
58.4541,0.137968,0.04182,1.0007
58.4561,0.137766,0.04014,1.00067
58.4581,0.123636,0.03684,1.00061
58.4601,0.117115,0.03744,1.00062
58.4621,0.119566,0.03792,1.00063
58.4641,0.105909,0.02994,1.0005
58.4661,0.114685,0.03774,1.00063
58.4681,0.097792,0.0321,1.00054
58.4701,0.0983,0.0273,1.00046
58.4721,0.099059,0.02802,1.00047
58.4741,0.080622,0.0258,1.00043
58.4761,0.082163,0.02208,1.00037
58.4781,0.083797,0.02664,1.00044
58.4801,0.067851,0.02112,1.00035
58.4821,0.072445,0.02256,1.00038
58.4847,0.064527,0.015,1.00025
58.4867,0.063577,0.00624,1.0001
58.4887,0.029891,0.00198,1.00003
58.4907,0.019708,0.00426,1.00007
58.4927,0.021117,0.00306,1.00005
58.4947,0.002077,0.00036,1.00001
58.4967,0.004754,0.00084,1.00001
58.4987,0.00925,0.00708,1.00012
58.5007,0.002653,0.00708,0.999984
58.5027,0.002653,0.00288,1.00005
58.5047,0.012274,0.00288,0.999869
58.5067,0.004571,0.00288,0.999849
58.5087,0.004571,0.00288,0.999896
58.5107,0.013793,0.00288,0.999825
58.5127,0.013793,0.00288,0.999658
58.5147,0.013793,0.00288,0.999696
58.5167,0.013793,0.00288,0.999603
58.5191,0.013793,0.00288,0.999575
58.5207,0.013793,0.00288,0.999544
58.5227,0.013793,0.00288,0.99946
58.5247,0.001915,0.00288,0.999338
58.5267,0.001915,0.00288,0.999079
58.5287,0.001915,0.00288,0.999069
58.5307,0.008385,0.00288,0.998846
58.5327,0.009972,0.00288,0.998794
58.5347,0.009972,0.00288,0.998497
58.5367,0.009972,0.00288,0.998304
58.5387,0.018833,0.00288,0.998107
58.5407,0.006257,0.00288,0.997905
58.5427,0.006257,0.00288,0.997703
58.5447,0.007765,0.00288,0.997438
58.5467,0.003636,0.00288,0.997271
58.5487,0.003636,0.00288,0.996947
58.5507,0.003636,0.00288,0.996688
58.5531,0.00905,0.00288,0.99632
58.5547,0.00905,0.00288,0.996083
58.5567,0.00905,0.00288,0.995737
58.5587,0.00905,0.00288,0.995414
58.5607,0.00905,0.00288,0.995034
58.5627,0.00905,0.00288,0.994701
58.5647,0.018804,0.00288,0.994289
58.5667,0.018804,0.00288,0.993886
58.5687,0.001919,0.00288,0.993587
58.5707,0.020368,0.00288,0.993172
58.5727,0.020816,0.00288,0.992706
58.5747,0.020816,0.00288,0.992407
58.5767,0.020816,0.00288,0.991973
58.5787,0.020885,0.00288,0.991654
58.5807,0.00596,0.00288,0.991339
58.5827,0.00596,0.00288,0.990918
58.5851,0.021707,0.00288,0.990477
58.5867,0.021707,0.00288,0.989999
58.5887,0.021707,0.00288,0.989729
58.5907,0.021707,0.00288,0.989272
58.5927,0.036455,0.00288,0.988934
58.5947,0.036455,0.00288,0.98848
58.5967,0.036455,0.00288,0.988172
58.5987,0.032947,0.00288,0.987703
58.6007,0.032947,0.00288,0.987397
58.6027,0.032947,0.00288,0.986975
58.6047,0.012273,0.00288,0.986509
58.6067,0.012273,0.00288,0.986222
58.6087,0.012273,0.00288,0.985773
58.6107,0.022436,0.00288,0.985405
58.6127,0.069493,0.00288,0.984932
58.6147,0.069493,0.00288,0.984532
58.6167,0.037987,0.00288,0.98404
58.6191,0.029576,0.00288,0.983596
58.6207,0.005378,0.00288,0.983006
58.6227,0.005378,0.00288,0.982622
58.6247,0.020452,0.00288,0.982048
58.6267,0.020452,0.00288,0.981623
58.6287,0.020452,0.00288,0.981094
58.6307,0.008988,0.00288,0.980573
58.6327,0.020006,0.00288,0.980083
58.6347,0.020006,0.00288,0.979583
58.6367,0.020006,0.00288,0.979019
58.6387,0.031324,0.00288,0.97858
58.6407,0.031324,0.00288,0.97799
58.6427,0.031324,0.00288,0.977507
58.6447,0.031324,0.00288,0.976993
58.6467,0.020078,0.00288,0.97638
58.6487,0.020078,0.00288,0.975862
58.6507,0.020078,0.00288,0.975407
58.6527,0.030698,0.00288,0.974907
58.6547,0.030698,0.00288,0.974385
58.6567,0.000574,0.00288,0.973929
58.6587,0.00673,0.00288,0.973425
58.6607,0.007449,0.00288,0.972973
58.6627,0.007449,0.00288,0.972509
58.6647,0.003903,0.00288,0.972082
58.6667,0.004524,0.00288,0.971603
58.6687,0.00807,0.00288,0.971086
58.6707,0.004185,0.00288,0.970651
58.6727,0.000394,0.00288,0.970242
58.6747,0.009534,0.00288,0.969815
58.6767,0.013436,0.00288,0.969374
58.6787,0.000146,0.00288,0.968929
58.6807,0.000791,0.00288,0.968554
58.6827,0.004791,0.00288,0.968271
58.6847,0.004791,0.00288,0.967867
58.6867,0.004791,0.00288,0.967523
58.6887,0.008231,0.00288,0.9672
58.6907,0.000263,0.00288,0.967003
58.6927,0.004023,0.00288,0.966669
58.6947,0.0078,0.00288,0.966432
58.6967,0.0078,0.00288,0.966087
58.6987,0.010705,0.00288,0.965915
58.7007,0.010302,0.00288,0.965655
58.7027,0.003948,0.00288,0.96549
58.7047,0.003948,0.00288,0.965301
58.7067,0.001564,0.00288,0.965046
58.7087,0.008853,0.00288,0.964856
58.7107,0.006996,0.00288,0.964823
58.7127,0.000479,0.00288,0.964715
58.7147,0.000479,0.00288,0.96454
58.7167,0.005818,0.00288,0.964519
58.7187,0.011316,0.00288,0.964434
58.7208,0.011361,0.00288,0.964447
58.7227,0.001244,0.00288,0.964476
58.7247,0.001244,0.00288,0.964478
58.7267,0.006987,0.00288,0.964608
58.7287,0.008782,0.00288,0.964591
58.7307,0.006685,0.00288,0.964624
58.7327,0.006685,0.00288,0.964743
58.7347,0.005991,0.00288,0.964778
58.7367,0.01088,0.00288,0.964948
58.7387,0.005938,0.00288,0.965182
58.7407,0.006732,0.00288,0.96534
58.7427,0.003774,0.00288,0.965376
58.7447,0.004714,0.00288,0.965614
58.7467,0.007864,0.00288,0.965766
58.7488,0.007864,0.00288,0.965996
58.7508,0.001558,0.00288,0.966236
58.7528,0.00444,0.00288,0.966457
58.7552,0.005919,0.00288,0.966754
58.7568,0.003687,0.00288,0.967085
58.7588,0.003687,0.00288,0.967287
58.7608,0.021807,0.00288,0.96771
58.7628,0.007215,0.00288,0.968114
58.7648,0.006229,0.00288,0.9685
58.7668,0.003987,0.00288,0.968785
58.7688,0.003987,0.00288,0.969199
58.7708,0.008599,0.00288,0.969636
58.7728,0.008599,0.00288,0.969993
58.7748,0.008599,0.00288,0.970455
58.7768,0.008599,0.00288,0.970862
58.7788,0.008599,0.00288,0.971416
58.7808,0.002411,0.00288,0.971827
58.7828,0.002411,0.00288,0.972351
58.7848,0.003476,0.00288,0.972912
58.7868,0.025501,0.00288,0.973425
58.7888,0.025501,0.00288,0.974036
58.7908,0.017139,0.00288,0.974664
58.7928,0.017139,0.00288,0.975286
58.7948,0.017139,0.00288,0.975795
58.7968,0.014056,0.00288,0.976495
58.7988,0.014056,0.00288,0.977039
58.8008,0.014056,0.00288,0.9777
58.8028,0.000544,0.00288,0.978392
58.8048,0.020541,0.00288,0.979046
58.8068,0.020541,0.00288,0.979869
58.8088,0.021025,0.00288,0.980598
58.8108,0.021025,0.00288,0.981352
58.8128,0.016593,0.00288,0.982081
58.8148,0.037034,0.00288,0.982839
58.8168,0.041482,0.00288,0.983641
58.8188,0.004554,0.00288,0.984399
58.8208,0.024444,0.00288,0.985319
58.8228,0.024444,0.00288,0.986232
58.8248,0.023063,0.00288,0.987184
58.8268,0.022102,0.00288,0.988145
58.8288,0.001059,0.00288,0.988962
58.8308,0.021253,0.00288,0.989871
58.8328,0.021253,0.00288,0.990846
58.8348,0.021253,0.00288,0.991891
58.8368,0.019007,0.00288,0.992885
58.8388,0.000929,0.00288,0.993956
58.8408,0.019833,0.00288,0.995141
58.8428,0.002591,0.00288,0.996179
58.8448,0.006363,0.00288,0.997365
58.8468,0.003691,0.00288,0.998516
58.8488,0.01798,0.00288,0.999799
58.8508,0.009326,0.05448,1.00091
58.8528,0.083024,0.14514,1.00242
58.8548,0.265841,0.21576,1.0036
58.8568,0.450198,0.28698,1.00478
58.8588,0.67884,0.33366,1.00556
58.8608,0.85004,0.35622,1.00594
58.8628,0.960444,0.36114,1.00602
58.8648,1.0448,0.34374,1.00573
58.8668,1.05175,0.3198,1.00533
58.8688,1.00948,0.30174,1.00503
58.8708,0.958785,0.28938,1.00482
58.8728,0.905295,0.28422,1.00474
58.8748,0.878961,0.2781,1.00464
58.8768,0.83774,0.26808,1.00447
58.8788,0.831738,0.26304,1.00438
58.8808,0.792745,0.25752,1.00429
58.8828,0.786089,0.24312,1.00405
58.8848,0.75424,0.22878,1.00381
58.8868,0.717145,0.21786,1.00363
58.8888,0.686268,0.20442,1.00341
58.8908,0.655578,0.20034,1.00334
58.8928,0.627962,0.19026,1.00317
58.8952,0.594443,0.19002,1.00317
58.8972,0.57774,0.1848,1.00308
58.8992,0.564225,0.18828,1.00314
58.9012,0.562634,0.19218,1.0032
58.9032,0.570322,0.1953,1.00326
58.9052,0.571748,0.19458,1.00324
58.9072,0.586878,0.19014,1.00317
58.9088,0.585004,0.19044,1.00317
58.9108,0.579209,0.18612,1.0031
58.9128,0.567029,0.18186,1.00303
58.9148,0.560814,0.18762,1.00313
58.9168,0.560963,0.1851,1.00309
58.9188,0.560609,0.17694,1.00295
58.9208,0.538074,0.18018,1.003
58.9228,0.547688,0.17802,1.00297
58.9248,0.539577,0.1755,1.00293
58.9268,0.539635,0.17772,1.00296
58.9292,0.539824,0.177,1.00295
58.9308,0.541182,0.17412,1.0029
58.9328,0.53199,0.18456,1.00308
58.9348,0.539618,0.17616,1.00294
58.9368,0.53812,0.18048,1.00301
58.9388,0.541216,0.18048,1.00301
58.9408,0.539624,0.18672,1.00311
58.9428,0.554861,0.17934,1.00299
58.9448,0.547241,0.17772,1.00296
58.9468,0.544672,0.1764,1.00294
58.9488,0.52877,0.17436,1.00291
58.9508,0.525927,0.1749,1.00292
58.9528,0.526862,0.16392,1.00273
58.9548,0.510025,0.16002,1.00267
58.9568,0.492478,0.15132,1.00252
58.9588,0.467412,0.14418,1.0024
58.9608,0.453444,0.13788,1.0023
58.9632,0.425833,0.12546,1.00209
58.9652,0.406492,0.12294,1.00205
58.9672,0.37738,0.10656,1.00178
58.9692,0.345371,0.10332,1.00172
58.9712,0.331698,0.08772,1.00146
58.9732,0.28732,0.0807,1.00135
58.9752,0.263474,0.07584,1.00126
58.9768,0.249742,0.06792,1.00113
58.9788,0.230668,0.0693,1.00116
58.9808,0.210571,0.066,1.0011
58.9828,0.198357,0.06354,1.00106
58.9848,0.20505,0.05988,1.001
58.9868,0.184576,0.0588,1.00098
58.9888,0.189183,0.05982,1.001
58.9908,0.184402,0.04884,1.00081
58.9928,0.165824,0.05112,1.00085
58.9948,0.151055,0.04272,1.00071
58.9972,0.144673,0.03624,1.0006
58.9992,0.119368,0.03072,1.00051
59.0008,0.098605,0.03162,1.00053
59.0028,0.09368,0.02784,1.00046
59.0048,0.085831,0.03012,1.0005
59.0068,0.083458,0.0225,1.00038
59.0088,0.072487,0.0243,1.00041
59.0108,0.070857,0.0141,1.00023
59.0128,0.068736,0.01326,1.00022
59.0148,0.037205,0.00582,1.0001
59.0168,0.027936,0.00582,0.999905
59.0188,0.022001,0.00114,1.00002
59.0208,0.00338,0.00114,0.999802
59.0228,0.00338,0.00114,0.999882
59.0248,0.00338,0.00114,0.999772
59.0268,0.004194,0.00114,0.999823
59.0288,0.004194,0.00114,0.999734
59.0312,0.004194,0.00114,0.999599
59.0328,0.004194,0.00114,0.999514
59.0348,5.2e-05,0.00114,0.999395
59.0368,5.2e-05,0.00114,0.999293
59.0388,5.2e-05,0.00114,0.999083
59.0408,5.2e-05,0.00114,0.998993
59.0428,5.2e-05,0.00114,0.998819
59.0448,5.2e-05,0.00114,0.998617
59.0468,5.2e-05,0.00114,0.998543
59.0488,5.2e-05,0.00114,0.998288
59.0508,5.2e-05,0.00114,0.998086
59.0528,5.2e-05,0.00114,0.997886
59.0548,0.011841,0.00114,0.997617
59.0568,0.011841,0.00114,0.997416
59.0588,0.011841,0.00114,0.997194
59.0608,0.02463,0.00114,0.996756
59.0628,0.000363,0.00114,0.996556
59.0648,0.007914,0.00114,0.996171
59.0668,0.007914,0.00114,0.995787
59.0688,0.01989,0.00114,0.995532
59.0708,0.01989,0.00114,0.995272
59.0728,0.009109,0.00114,0.994812
59.0748,0.005892,0.00114,0.994625
59.0768,0.018295,0.00114,0.994244
59.0788,0.018295,0.00114,0.993923
59.0808,0.039619,0.00114,0.993551
59.0828,0.039619,0.00114,0.993305
59.0848,0.025602,0.00114,0.992937
59.0868,0.025602,0.00114,0.992721
59.0888,0.021251,0.00114,0.992363
59.0908,0.021251,0.00114,0.99207
59.0928,0.011669,0.00114,0.991802
59.0948,0.011669,0.00114,0.991497
59.0968,0.0059,0.00114,0.991037
59.0988,0.0059,0.00114,0.990831
59.1008,0.02334,0.00114,0.990511
59.1028,0.02334,0.00114,0.990205
59.1048,0.015286,0.00114,0.989908
59.1068,0.001428,0.00114,0.989631
59.1088,0.022141,0.00114,0.98936
59.1108,0.001538,0.00114,0.989026
59.1128,0.029714,0.00114,0.98873
59.1148,0.003575,0.00114,0.988393
59.1168,0.003575,0.00114,0.988144
59.1188,0.003575,0.00114,0.987967
59.1208,0.015348,0.00114,0.98757
59.1228,0.015348,0.00114,0.987435
59.1248,0.034967,0.00114,0.987162
59.1268,0.03043,0.00114,0.986937
59.1288,0.03043,0.00114,0.986676
59.1308,0.03043,0.00114,0.986465
59.1338,0.03043,0.00114,0.986148
59.1358,0.03043,0.00114,0.98595
59.1378,0.001549,0.00114,0.985623
59.1396,0.030537,0.00114,0.985446
59.1412,0.030537,0.00114,0.985264
59.1428,0.00143,0.00114,0.985041
59.1448,0.026004,0.00114,0.984868
59.1468,0.026004,0.00114,0.984548
59.1488,0.038171,0.00114,0.98428
59.1508,0.013257,0.00114,0.984015
59.1528,0.021915,0.00114,0.983766
59.1548,0.02936,0.00114,0.983477
59.1568,0.025474,0.00114,0.983132
59.1588,0.025474,0.00114,0.982778
59.1608,0.03707,0.00114,0.982471
59.1628,0.03707,0.00114,0.982111
59.1648,0.009253,0.00114,0.981869
59.1672,0.009253,0.00114,0.981544
59.1688,0.004682,0.00114,0.981253
59.1708,0.027433,0.00114,0.980987
59.1728,0.027433,0.00114,0.98069
59.1748,0.030025,0.00114,0.98042
59.1768,0.009973,0.00114,0.980109
59.1788,0.022692,0.00114,0.979815
59.1808,0.00541,0.00114,0.97961
59.1828,0.00541,0.00114,0.979289
59.1848,0.00541,0.00114,0.978969
59.1868,0.005389,0.00114,0.97874
59.1888,0.005389,0.00114,0.97848
59.1908,0.005389,0.00114,0.978112
59.1928,0.005389,0.00114,0.977831
59.1948,0.005389,0.00114,0.977508
59.1968,0.005389,0.00114,0.977283
59.1992,0.021221,0.00114,0.976988
59.2008,0.021221,0.00114,0.976711
59.2028,0.00515,0.00114,0.976416
59.2048,0.00515,0.00114,0.976209
59.2068,0.021987,0.00114,0.976016
59.2088,0.021987,0.00114,0.97573
59.2108,0.021987,0.00114,0.97557
59.2128,0.021987,0.00114,0.975347
59.2148,0.015955,0.00114,0.975212
59.2168,0.015955,0.00114,0.975122
59.2188,0.001832,0.00114,0.974963
59.2208,0.000316,0.00114,0.974904
59.2228,0.000316,0.00114,0.974828
59.2248,0.000316,0.00114,0.974834
59.2268,0.016958,0.00114,0.974859
59.2288,0.016958,0.00114,0.974908
59.2308,0.016958,0.00114,0.975071
59.2332,0.007781,0.00114,0.975184
59.2348,0.023947,0.00114,0.975187
59.2368,0.001397,0.00114,0.975341
59.2388,0.001397,0.00114,0.975379
59.2408,0.017856,0.00114,0.975687
59.2428,0.004871,0.00114,0.975867
59.2448,0.004871,0.00114,0.976175
59.2468,0.000656,0.00114,0.976337
59.2488,0.016444,0.00114,0.976628
59.2508,0.037101,0.00114,0.976805
59.2528,0.014224,0.00114,0.977248
59.2548,0.011642,0.00114,0.977545
59.2568,0.017728,0.00114,0.977958
59.2588,0.051614,0.00114,0.978439
59.2608,0.02017,0.00114,0.978837
59.2628,0.003059,0.00114,0.979363
59.2648,0.004868,0.00114,0.979913
59.2668,0.020716,0.00114,0.980482
59.2698,0.031674,0.00114,0.981143
59.2718,0.031674,0.00114,0.982095
59.2738,0.000669,0.00114,0.982824
59.2757,0.000669,0.00114,0.983621
59.2772,0.030199,0.00114,0.984173
59.2788,0.004372,0.00114,0.984801
59.2808,0.023021,0.00114,0.985558
59.2828,0.032731,0.00114,0.986345
59.2848,0.032731,0.00114,0.987489
59.2868,0.010353,0.00114,0.988346
59.2888,0.010353,0.00114,0.989286
59.2908,0.011749,0.00114,0.990451
59.2928,0.011749,0.00114,0.991449
59.2948,0.011749,0.00114,0.992674
59.2968,0.000705,0.00114,0.993763
59.2988,0.012484,0.00114,0.995112
59.3008,0.006156,0.00114,0.996324
59.3033,0.003817,0.00114,0.997654
59.3048,0.006808,0.00114,0.999323
59.3068,0.011934,0.02868,1.00048
59.3088,0.038257,0.1311,1.00219
59.3108,0.206417,0.2247,1.00375
59.3128,0.429112,0.31812,1.0053
59.3148,0.704906,0.38376,1.0064
59.3168,0.923234,0.42786,1.00713
59.3188,1.12653,0.44268,1.00738
59.3208,1.22544,0.44538,1.00742
59.3228,1.29787,0.43248,1.00721
59.3248,1.30913,0.40416,1.00674
59.3268,1.27045,0.38244,1.00637
59.3288,1.19978,0.36114,1.00602
59.3308,1.13225,0.34224,1.0057
59.3328,1.08847,0.32142,1.00536
59.3348,1.01715,0.30726,1.00512
59.3368,0.960413,0.28854,1.00481
59.3393,0.896253,0.26946,1.00449
59.3413,0.855389,0.25116,1.00419
59.3433,0.802698,0.2298,1.00383
59.3453,0.738035,0.2187,1.00365
59.3473,0.712675,0.20856,1.00348
59.3493,0.666152,0.19704,1.00328
59.3513,0.635042,0.19704,1.00328
59.3533,0.622542,0.19536,1.00326
59.3553,0.605629,0.19974,1.00333
59.3573,0.605096,0.19926,1.00332
59.3593,0.605044,0.21474,1.00358
59.3613,0.628372,0.2166,1.00361
59.3633,0.644905,0.22158,1.00369
59.3653,0.654365,0.23106,1.00385
59.3668,0.674727,0.22716,1.00379
59.3688,0.677693,0.23142,1.00386
59.3709,0.693681,0.23304,1.00388
59.3733,0.712067,0.2316,1.00386
59.3753,0.689673,0.23862,1.00398
59.3773,0.713203,0.23574,1.00393
59.3793,0.714624,0.22896,1.00382
59.3813,0.702593,0.22656,1.00378
59.3833,0.696415,0.23046,1.00384
59.3853,0.689991,0.22752,1.00379
59.3873,0.683608,0.22812,1.0038
59.3893,0.700153,0.22878,1.00381
59.3913,0.695289,0.23232,1.00387
59.3933,0.699014,0.23172,1.00386
59.3949,0.699555,0.23268,1.00388
59.3968,0.694801,0.2298,1.00383
59.3989,0.696803,0.2349,1.00392
59.4009,0.701331,0.23364,1.00389
59.4029,0.702116,0.2295,1.00382
59.4049,0.69674,0.23268,1.00388
59.4073,0.694331,0.23412,1.0039
59.4093,0.70134,0.22926,1.00382
59.4109,0.691509,0.22938,1.00382
59.4128,0.69871,0.22524,1.00375
59.4149,0.680551,0.21918,1.00365
59.4169,0.671117,0.21324,1.00355
59.4189,0.652846,0.21294,1.00355
59.4209,0.645131,0.20892,1.00348
59.4229,0.643132,0.20112,1.00335
59.4249,0.62008,0.1935,1.00323
59.4269,0.588341,0.18618,1.0031
59.4289,0.576177,0.18246,1.00304
59.4309,0.560261,0.1758,1.00293
59.4329,0.543374,0.16824,1.0028
59.4349,0.519363,0.16374,1.00273
59.4369,0.509924,0.15432,1.00257
59.4389,0.486956,0.14574,1.00243
59.4409,0.458206,0.14628,1.00244
59.4429,0.455408,0.13656,1.00228
59.4449,0.433975,0.13698,1.00228
59.4469,0.419082,0.12708,1.00212
59.4489,0.400875,0.13002,1.00217
59.4509,0.397577,0.12006,1.002
59.4529,0.373658,0.1155,1.00192
59.4549,0.358324,0.11208,1.00187
59.4569,0.349714,0.10896,1.00182
59.4589,0.33809,0.10734,1.00179
59.4609,0.328482,0.09534,1.00159
59.4629,0.305633,0.09798,1.00163
59.4649,0.304081,0.09168,1.00153
59.4669,0.286137,0.09186,1.00153
59.4689,0.275997,0.08058,1.00134
59.4709,0.266926,0.0786,1.00131
59.4729,0.24552,0.0741,1.00124
59.4749,0.2254,0.07356,1.00123
59.4769,0.226203,0.06444,1.00107
59.4789,0.214429,0.05754,1.00096
59.4809,0.186825,0.05616,1.00094
59.4829,0.175185,0.06156,1.00103
59.4849,0.182153,0.0561,1.00094
59.4869,0.184448,0.04986,1.00083
59.4889,0.158834,0.05292,1.00088
59.4909,0.158821,0.05238,1.00087
59.4929,0.158908,0.04938,1.00082
59.4949,0.161425,0.048,1.0008
59.4969,0.142573,0.04692,1.00078
59.4989,0.142546,0.05064,1.00084
59.5009,0.159071,0.0468,1.00078
59.5029,0.142675,0.0525,1.00088
59.5049,0.149594,0.0456,1.00076
59.5069,0.142616,0.04428,1.00074
59.5089,0.147679,0.04938,1.00082
59.5113,0.156697,0.04176,1.0007
59.5133,0.137998,0.03954,1.00066
59.5153,0.126002,0.0363,1.00061
59.5173,0.114577,0.0372,1.00062
59.5193,0.124763,0.03786,1.00063
59.5213,0.122264,0.03762,1.00063
59.5233,0.109603,0.03306,1.00055
59.5253,0.105448,0.03528,1.00059
59.5269,0.109411,0.0318,1.00053
59.5289,0.09048,0.0267,1.00045
59.5309,0.086872,0.02844,1.00047
59.5329,0.087725,0.02178,1.00036
59.5349,0.080609,0.02178,1.00036
59.5369,0.062107,0.0162,1.00027
59.5389,0.053917,0.01752,1.00029
59.5409,0.048035,0.01122,1.00019
59.5429,0.051786,0.00618,1.0001
59.5453,0.036373,0.0021,1.00004
59.5469,0.010721,0.0021,0.999944
59.5489,0.00663,0.0021,0.999957
59.5509,0.0146,0.00156,1.00003
59.5529,0.008751,0.00324,1.00005
59.5549,0.008751,0.00324,0.999965
59.5569,0.008751,0.00324,0.999888
59.5589,0.008751,0.00324,0.999838
59.5609,0.008751,0.00324,0.999848
59.5629,0.007257,0.00324,0.999802
59.5649,0.007257,0.00324,0.999723
59.5669,0.007257,0.00324,0.999657
59.5689,0.007257,0.00324,0.999593
59.5709,0.017529,0.00324,0.999576
59.5729,0.003633,0.00324,0.999534
59.5749,0.003633,0.00324,0.999357
59.5769,0.003633,0.00324,0.99933
59.5793,0.003633,0.00324,0.999367
59.5809,0.010611,0.00324,0.999278
59.5829,0.010611,0.00324,0.999194
59.5849,0.010611,0.00324,0.999173
59.5869,0.007724,0.00324,0.999123
59.5889,0.01072,0.00324,0.99925
59.5909,0.01072,0.00324,0.999123
59.5929,0.01072,0.00324,0.999146
59.5949,0.012278,0.00324,0.999111
59.5969,0.004849,0.00324,0.999079
59.5989,0.004849,0.00324,0.999139
59.6009,0.004849,0.00324,0.999164
59.6029,0.010615,0.00324,0.999164
59.6049,0.010615,0.00324,0.999212
59.6069,0.010615,0.00324,0.99921
59.6089,0.010615,0.00324,0.999219
59.6109,0.011453,0.00324,0.999176
59.6129,0.012398,0.00324,0.999211
59.6149,0.012398,0.00324,0.999251
59.6169,0.012398,0.00324,0.999321
59.6189,0.007036,0.00324,0.999305
59.6209,0.010525,0.00324,0.99927
59.6229,0.010525,0.00324,0.999268
59.6249,0.010525,0.00324,0.999294
59.6269,0.001408,0.00324,0.999316
59.6289,0.010076,0.00324,0.999286
59.6309,0.010076,0.00324,0.999302
59.6329,0.002513,0.00324,0.99935
59.6349,0.00139,0.00324,0.999338
59.6369,0.013489,0.00324,0.999248
59.6389,0.000777,0.00324,0.999322
59.6409,0.000777,0.00324,0.999328
59.6429,0.000777,0.00324,0.999268
59.6449,0.001886,0.00324,0.999314
59.6473,0.015468,0.00324,0.999283
59.6489,0.006524,0.00324,0.999289
59.6509,0.006524,0.00324,0.999261
59.6529,0.006524,0.00324,0.999216
59.6549,0.002971,0.00324,0.999244
59.6569,0.008242,0.00324,0.999121
59.6589,0.008242,0.00324,0.999178
59.6609,0.008242,0.00324,0.999132
59.6629,0.008242,0.00324,0.999096
59.6649,0.004562,0.00324,0.999138
59.6669,0.006072,0.00324,0.999112
59.6689,0.006072,0.00324,0.998982
59.6709,0.006072,0.00324,0.999121
59.6729,0.006072,0.00324,0.999019
59.6749,0.008095,0.00324,0.998906
59.6769,0.012454,0.00324,0.9989
59.6789,0.012454,0.00324,0.99892
59.6809,0.012454,0.00324,0.998889
59.6829,0.012454,0.00324,0.998952
59.6849,0.008302,0.00324,0.998917
59.6869,0.003739,0.00324,0.998808
59.6889,0.003739,0.00324,0.998855
59.6909,0.003739,0.00324,0.998868
59.6929,0.005169,0.00324,0.998856
59.6949,0.011337,0.00324,0.998869
59.6969,0.011337,0.00324,0.998806
59.6989,0.011337,0.00324,0.998932
59.7009,0.011337,0.00324,0.998909
59.7029,0.009607,0.00324,0.998907
59.7049,0.012676,0.00324,0.998878
59.7069,0.012676,0.00324,0.998863
59.7089,0.002313,0.00324,0.998884
59.7109,0.002313,0.00324,0.998961
59.7129,0.005068,0.00324,0.998968
59.7153,0.008168,0.00324,0.999027
59.7169,0.008168,0.00324,0.999168
59.7189,0.008168,0.00324,0.999103
59.7209,0.00241,0.00324,0.999237
59.7229,0.009878,0.00324,0.99926
59.7249,0.009878,0.00324,0.999295
59.7269,0.009878,0.00324,0.999355
59.7289,0.009878,0.00324,0.999313
59.7309,0.008957,0.00324,0.999426
59.7329,0.012684,0.00324,0.999534
59.7349,0.012684,0.00324,0.999433
59.7369,0.002459,0.00324,0.999604
59.7389,0.002459,0.00324,0.999684
59.7409,0.005942,0.00324,0.999888
59.7429,0.011724,0.00324,0.999964
59.7449,0.002642,0.00744,1.00012
59.7469,0.011944,0.0108,1.00018
59.7489,0.021317,0.01566,1.00026
59.7513,0.039343,0.02646,1.00044
59.7529,0.063146,0.0384,1.00064
59.7549,0.081509,0.04686,1.00078
59.7569,0.112182,0.0522,1.00087
59.7589,0.137782,0.05772,1.00096
59.7609,0.156415,0.05214,1.00087
59.7629,0.165726,0.05442,1.00091
59.7649,0.158544,0.05088,1.00085
59.7669,0.156386,0.05568,1.00093
59.7689,0.174848,0.05532,1.00092
59.7709,0.168107,0.05874,1.00098
59.7729,0.165596,0.05748,1.00096
59.7749,0.170512,0.05988,1.001
59.7769,0.188991,0.06306,1.00105
59.7789,0.181929,0.0699,1.00117
59.7809,0.196063,0.06732,1.00112
59.7829,0.202492,0.07044,1.00117
59.7853,0.211874,0.0702,1.00117
59.7873,0.22108,0.07278,1.00121
59.7893,0.221492,0.07278,1.00121
59.7913,0.222243,0.07668,1.00128
59.7933,0.233661,0.09084,1.00151
59.7953,0.257761,0.09312,1.00155
59.7973,0.277343,0.10218,1.0017
59.7993,0.297152,0.10428,1.00174
59.8013,0.307169,0.11244,1.00187
59.8033,0.328759,0.11646,1.00194
59.8053,0.342724,0.12276,1.00205
59.8073,0.353413,0.12486,1.00208
59.8093,0.37111,0.12426,1.00207
59.8113,0.384185,0.13338,1.00222
59.8133,0.395648,0.1422,1.00237
59.8149,0.408308,0.14142,1.00236
59.8169,0.426995,0.15102,1.00252
59.8189,0.433808,0.15552,1.00259
59.8213,0.463194,0.1617,1.0027
59.8233,0.476941,0.17094,1.00285
59.8253,0.504653,0.17526,1.00292
59.8273,0.522978,0.18516,1.00309
59.8293,0.547926,0.19662,1.00328
59.8313,0.576979,0.2097,1.0035
59.8333,0.606733,0.21516,1.00359
59.8353,0.641531,0.22536,1.00376
59.8373,0.663,0.23442,1.00391
59.8393,0.694294,0.24714,1.00412
59.8413,0.713432,0.25152,1.00419
59.8433,0.742086,0.26004,1.00433
59.8449,0.766643,0.2625,1.00438
59.8469,0.774387,0.26676,1.00445
59.8489,0.790239,0.27108,1.00452
59.8509,0.811609,0.2673,1.00446
59.8529,0.812352,0.2727,1.00455
59.8553,0.813217,0.26778,1.00446
59.8569,0.816534,0.27192,1.00453
59.8589,0.816002,0.27576,1.0046
59.8609,0.823507,0.27198,1.00453
59.8629,0.82671,0.27144,1.00452
59.8649,0.824864,0.2757,1.0046
59.8669,0.823664,0.27402,1.00457
59.8689,0.828716,0.27204,1.00453
59.8709,0.835238,0.27306,1.00455
59.8729,0.816431,0.2763,1.00461
59.8749,0.813384,0.2715,1.00453
59.8769,0.829437,0.27306,1.00455
59.8789,0.818028,0.27654,1.00461
59.8809,0.828754,0.27204,1.00453
59.8829,0.825368,0.27186,1.00453
59.8849,0.818969,0.2727,1.00455
59.8869,0.81872,0.27072,1.00451
59.8889,0.816281,0.2694,1.00449
59.8909,0.821516,0.27498,1.00458
59.8929,0.827122,0.2721,1.00454
59.8949,0.835459,0.26532,1.00442
59.8969,0.816191,0.27282,1.00455
59.8989,0.813957,0.27018,1.0045
59.9009,0.81833,0.26862,1.00448
59.9029,0.817004,0.27366,1.00456
59.9049,0.819877,0.26934,1.00449
59.9069,0.801551,0.27348,1.00456
59.9089,0.825967,0.27126,1.00452
59.9109,0.824302,0.27852,1.00464
59.9129,0.812075,0.2778,1.00463
59.9149,0.83121,0.27882,1.00465
59.9169,0.837384,0.27966,1.00466
59.9189,0.84359,0.28368,1.00473
59.9209,0.853191,0.2823,1.0047
59.9229,0.854961,0.28326,1.00472
59.9253,0.861867,0.28002,1.00467
59.9273,0.850694,0.28356,1.00473
59.9293,0.856155,0.2754,1.00459
59.9313,0.855058,0.27966,1.00466
59.9333,0.840222,0.2799,1.00467
59.9353,0.853242,0.27936,1.00466
59.9373,0.843589,0.28332,1.00472
59.9393,0.845977,0.28554,1.00476
59.9413,0.859173,0.28086,1.00468
59.9433,0.850718,0.2748,1.00458
59.9453,0.848645,0.26796,1.00447
59.9474,0.82769,0.26838,1.00447
59.9493,0.818762,0.26814,1.00447
59.9514,0.812513,0.26958,1.00449
59.9534,0.812073,0.26532,1.00442
59.9554,0.807486,0.26874,1.00448
59.9574,0.813549,0.26028,1.00434
59.9594,0.803232,0.26352,1.00439
59.9619,0.799767,0.26472,1.00441
59.9638,0.797146,0.26538,1.00442
59.9659,0.799779,0.26754,1.00446
59.9679,0.801682,0.26286,1.00438
59.9699,0.795361,0.2676,1.00446
59.9718,0.803783,0.26802,1.00447
59.9739,0.802187,0.26304,1.00438
59.9759,0.797781,0.2646,1.00441
59.9779,0.798909,0.26328,1.00439
59.9798,0.796335,0.26406,1.0044
59.9819,0.79869,0.26412,1.0044
59.9839,0.794979,0.25974,1.00433
59.9859,0.79306,0.25974,1.00433
59.9878,0.786888,0.25812,1.0043
59.9899,0.783601,0.26382,1.0044
59.9919,0.787449,0.26418,1.0044
59.9939,0.790803,0.267,1.00445
59.9964,0.798308,0.25932,1.00432
59.9984,0.796424,0.26304,1.00438
60.0004,0.798553,0.2595,1.00433
60.0024,0.785766,0.25884,1.00431
60.0044,0.789956,0.25452,1.00424
60.0069,0.77806,0.26214,1.00437
60.0089,0.779492,0.26652,1.00444
60.0109,0.789522,0.2661,1.00443
60.0129,0.79836,0.26604,1.00443
60.0149,0.804708,0.26898,1.00448
60.0169,0.811958,0.26568,1.00443
60.0189,0.805704,0.2703,1.0045
60.0209,0.806025,0.27252,1.00454
60.0229,0.823265,0.26904,1.00448
60.0249,0.81442,0.27846,1.00464
60.0269,0.8236,0.27426,1.00457
60.0289,0.843478,0.26898,1.00448
60.0314,0.81797,0.27696,1.00462
60.0334,0.820837,0.26892,1.00448
60.0354,0.821793,0.27666,1.00461
60.0374,0.825024,0.2709,1.00452
60.0394,0.828657,0.27246,1.00454
60.0414,0.826857,0.273,1.00455
60.0434,0.829982,0.27066,1.00451
60.0454,0.82963,0.26934,1.00449
60.0474,0.817054,0.27132,1.00452
60.0494,0.811059,0.26922,1.00449
60.0514,0.812958,0.2679,1.00447
60.0534,0.805421,0.26604,1.00443
60.0554,0.806053,0.26286,1.00438
60.0574,0.804156,0.26226,1.00437
60.0594,0.797708,0.26052,1.00434
60.0614,0.7943,0.2661,1.00443
60.0634,0.785545,0.26142,1.00436
60.0654,0.796854,0.26178,1.00436
60.0678,0.789036,0.26244,1.00437
60.07,0.789868,0.26058,1.00434
60.072,0.783985,0.2682,1.00447
60.074,0.796447,0.2592,1.00432
60.0758,0.782885,0.25848,1.00431
60.078,0.772667,0.2577,1.0043
60.08,0.783795,0.2529,1.00422
60.082,0.7701,0.25266,1.00421
60.0838,0.7701,0.24798,1.00413
60.086,0.755742,0.23598,1.00393
60.088,0.730961,0.22368,1.00373
60.09,0.71198,0.22422,1.00374
60.0918,0.684351,0.21654,1.00361
60.094,0.672579,0.2088,1.00348
60.096,0.647029,0.20574,1.00343
60.098,0.623195,0.20112,1.00335
60.0998,0.617053,0.18714,1.00312
60.1024,0.577549,0.18414,1.00307
60.1044,0.570037,0.17628,1.00294
60.1064,0.550236,0.17088,1.00285
60.1084,0.533232,0.16536,1.00276
60.1104,0.514546,0.16356,1.00273
60.1124,0.50197,0.1623,1.00271
60.1144,0.487918,0.15882,1.00265
60.1164,0.492418,0.1512,1.00252
60.119,0.464315,0.14958,1.00249
60.121,0.464093,0.14214,1.00237
60.123,0.443285,0.13698,1.00228
60.125,0.420933,0.13284,1.00221
60.127,0.418249,0.1242,1.00207
60.129,0.389207,0.12168,1.00203
60.131,0.379398,0.11994,1.002
60.133,0.372048,0.12024,1.002
60.135,0.364846,0.10926,1.00182
60.1374,0.33624,0.10824,1.0018
60.1394,0.324958,0.10356,1.00173
60.1414,0.322649,0.10254,1.00171
60.1434,0.315486,0.0966,1.00161
60.1454,0.298559,0.1011,1.00169
60.1474,0.309479,0.08904,1.00148
60.15,0.282522,0.08778,1.00146
60.152,0.270788,0.09444,1.00157
60.154,0.270366,0.08634,1.00144
60.1558,0.263624,0.08382,1.0014
60.158,0.250407,0.08058,1.00134
60.16,0.252671,0.08202,1.00137
60.162,0.253879,0.07236,1.00121
60.1638,0.228508,0.07134,1.00119
60.166,0.223836,0.06528,1.00109
60.168,0.207457,0.0618,1.00103
60.17,0.200491,0.0558,1.00093
60.1724,0.174789,0.05394,1.0009
60.1744,0.165651,0.04326,1.00072
60.1764,0.146839,0.03552,1.00059
60.1784,0.119152,0.03012,1.0005
60.1804,0.113383,0.0288,1.00048
60.183,0.100178,0.01686,1.00028
60.185,0.068053,0.01374,1.00023
60.187,0.054674,0.01164,1.00019
60.189,0.039561,0.0063,1.00011
60.191,0.025661,0.00468,1.00008
60.193,0.014873,0.00156,1.00003
60.195,0.016269,0.00156,0.999926
60.197,0.010486,0.00156,0.99995
60.199,0.002498,0.00156,0.999801
60.201,0.014926,0.00156,0.999911
60.203,0.014926,0.00156,0.999897
60.205,0.014926,0.00156,0.999949
60.2074,0.001701,0.00156,0.999911
60.209,0.005383,0.00156,0.999972
60.211,0.005383,0.00156,0.99986
60.213,0.005383,0.00156,0.999849
60.215,0.005383,0.00156,0.999904
60.217,0.007862,0.00156,0.999772
60.219,0.007862,0.00156,0.999728
60.221,0.002625,0.00156,0.999381
60.223,0.002625,0.00156,0.999307
60.225,0.006331,0.00156,0.999027
60.227,0.006331,0.00156,0.99885
60.229,0.009426,0.00156,0.998407
60.231,0.009426,0.00156,0.998023
60.233,0.004355,0.00156,0.997737
60.235,0.004355,0.00156,0.997299
60.237,0.003519,0.00156,0.996961
60.239,0.003519,0.00156,0.996497
60.2414,0.003519,0.00156,0.995966
60.243,0.003519,0.00156,0.995375
60.245,0.013086,0.00156,0.995014
60.247,0.013086,0.00156,0.994453
60.249,0.018544,0.00156,0.993849
60.251,0.018544,0.00156,0.993225
60.253,0.005199,0.00156,0.992648
60.255,0.008467,0.00156,0.992146
60.257,0.008467,0.00156,0.991487
60.259,0.008467,0.00156,0.990892
60.261,0.008467,0.00156,0.990189
60.263,0.021608,0.00156,0.989495
60.265,0.021608,0.00156,0.988694
60.267,0.021608,0.00156,0.988045
60.269,0.021608,0.00156,0.987271
60.271,0.01177,0.00156,0.986423
60.273,0.01177,0.00156,0.985577
60.2754,0.01177,0.00156,0.984704
60.278,0.024528,0.00156,0.98364
60.28,0.024528,0.00156,0.982386
60.282,0.024528,0.00156,0.981409
60.2838,0.024528,0.00156,0.980337
60.2854,0.02158,0.00156,0.979387
60.287,0.02158,0.00156,0.978616
60.289,0.02158,0.00156,0.977833
60.291,0.02158,0.00156,0.976642
60.293,0.02158,0.00156,0.975511
60.295,0.02158,0.00156,0.974315
60.297,0.02158,0.00156,0.97315
60.299,0.02158,0.00156,0.97204
60.301,0.02158,0.00156,0.970769
60.303,0.02158,0.00156,0.969435
60.305,0.02158,0.00156,0.968223
60.3074,0.02158,0.00156,0.966963
60.31,0.006729,0.00156,0.965337
60.312,0.012727,0.00156,0.963657
60.314,0.012727,0.00156,0.962318
60.3158,0.012727,0.00156,0.961001
60.3174,0.003273,0.00156,0.959798
60.319,0.008055,0.00156,0.958684
60.321,0.022419,0.00156,0.957719
60.323,0.022419,0.00156,0.956343
60.325,0.005906,0.00156,0.95502
60.327,0.005906,0.00156,0.953573
60.329,0.005549,0.00156,0.952183
60.331,0.005549,0.00156,0.950738
60.333,0.004175,0.00156,0.949324
60.335,0.004175,0.00156,0.947934
60.337,0.004175,0.00156,0.946492
60.339,0.004175,0.00156,0.945069
60.341,0.000579,0.00156,0.943499
60.343,0.002109,0.00156,0.942066
60.345,0.002109,0.00156,0.940576
60.347,0.004502,0.00156,0.939031
60.349,0.011944,0.00156,0.937583
60.351,0.00425,0.00156,0.93607
60.353,0.00425,0.00156,0.934577
60.355,0.00425,0.00156,0.933056
60.357,0.00425,0.00156,0.931604
60.359,0.00425,0.00156,0.930142
60.361,0.019794,0.00156,0.928647
60.363,0.003124,0.00156,0.927381
60.365,0.025079,0.00156,0.92593
60.367,0.016577,0.00156,0.924478
60.369,0.00067,0.00156,0.923108
60.371,0.005052,0.00156,0.921804
60.373,0.005052,0.00156,0.92062
60.3754,0.028391,0.00156,0.919442
60.377,0.028391,0.00156,0.917882
60.379,0.007889,0.00156,0.917007
60.381,0.008161,0.00156,0.915842
60.383,0.008161,0.00156,0.914605
60.385,0.008161,0.00156,0.913475
60.387,0.012394,0.00156,0.912263
60.389,0.012394,0.00156,0.91123
60.391,0.012394,0.00156,0.910058
60.393,0.012394,0.00156,0.909024
60.395,0.018019,0.00156,0.907921
60.397,0.018019,0.00156,0.906949
60.399,0.018019,0.00156,0.905901
60.401,0.007261,0.00156,0.904868
60.403,0.025415,0.00156,0.903836
60.405,0.025089,0.00156,0.902877
60.407,0.006272,0.00156,0.901843
60.4094,0.00334,0.00156,0.900931
60.411,0.00334,0.00156,0.899839
60.413,0.006716,0.00156,0.899221
60.415,0.007037,0.00156,0.898335
60.417,0.002771,0.00156,0.897445
60.419,0.005419,0.00156,0.896697
60.421,0.00916,0.00156,0.895821
60.423,0.001956,0.00156,0.89512
60.425,0.003878,0.00156,0.894395
60.427,0.003878,0.00156,0.893648
60.429,0.009353,0.00156,0.892928
60.431,0.009784,0.00156,0.892216
60.433,0.009784,0.00156,0.891567
60.435,0.003008,0.00156,0.890985
60.437,0.003008,0.00156,0.890368
60.439,0.002816,0.00156,0.889882
60.441,0.002816,0.00156,0.889271
60.4434,0.002816,0.00156,0.888718
60.445,0.011063,0.00156,0.888057
60.447,0.011063,0.00156,0.887811
60.449,0.012333,0.00156,0.887215
60.451,0.012333,0.00156,0.886791
60.453,0.012333,0.00156,0.886307
60.455,0.012333,0.00156,0.885852
60.457,0.048453,0.00156,0.885425
60.459,0.018199,0.00156,0.885042
60.461,0.009931,0.00156,0.884665
60.463,0.009931,0.00156,0.884331
60.465,0.023472,0.00156,0.884054
60.467,0.011243,0.00156,0.883861
60.469,0.015799,0.00156,0.883593
60.471,0.015799,0.00156,0.88321
60.473,0.024306,0.00156,0.882994
60.4754,0.013079,0.00156,0.882848
60.477,0.013079,0.00156,0.882559
60.479,0.013079,0.00156,0.882442
60.481,0.029178,0.00156,0.88236
60.483,0.019943,0.00156,0.882267
60.485,0.024623,0.00156,0.882221
60.487,0.006084,0.00156,0.882111
60.489,0.020091,0.00156,0.882034
60.491,0.003886,0.00156,0.881962
60.493,0.024759,0.00156,0.882027
60.495,0.040949,0.00156,0.881979
60.497,0.022311,0.00156,0.881974
60.499,0.022311,0.00156,0.88203
60.501,0.010977,0.00156,0.882061
60.503,0.010616,0.00156,0.882242
60.505,0.006283,0.00156,0.8823
60.507,0.006283,0.00156,0.882399
60.509,0.01978,0.00156,0.882478
60.5114,0.006462,0.00156,0.88262
60.513,0.006462,0.00156,0.882738
60.515,0.002876,0.00156,0.882873
60.517,0.002876,0.00156,0.883073
60.519,0.002876,0.00156,0.883259
60.521,0.003782,0.00156,0.883493
60.523,0.008324,0.00156,0.883771
60.525,0.008324,0.00156,0.884009
60.527,0.008324,0.00156,0.884277
60.529,0.034417,0.00156,0.884476
60.531,0.034417,0.00156,0.884788
60.533,0.022259,0.00156,0.885168
60.535,0.011359,0.00156,0.885509
60.537,0.007045,0.00156,0.885803
60.539,0.002095,0.00156,0.886055
60.541,0.025488,0.00156,0.886437
60.543,0.016871,0.00156,0.886742
60.5455,0.002868,0.00156,0.887067
60.547,0.003024,0.00156,0.887549
60.549,0.018911,0.00156,0.887941
60.551,0.002919,0.00156,0.888386
60.553,0.017726,0.00156,0.888922
60.555,0.007111,0.00156,0.889324
60.557,0.014064,0.00156,0.8898
60.559,0.014064,0.00156,0.890373
60.561,0.010502,0.00156,0.890914
60.563,0.010502,0.00156,0.891399
60.565,0.012321,0.00156,0.892013
60.567,0.001801,0.00156,0.892509
60.569,0.010904,0.00156,0.892965
60.571,0.001502,0.00156,0.893686
60.573,0.003234,0.00156,0.894306
60.575,0.010313,0.00156,0.894977
60.577,0.006993,0.00156,0.895534
60.579,0.001464,0.00156,0.89629
60.5814,0.002049,0.00156,0.896989
60.583,0.002049,0.00156,0.897685
60.585,0.002049,0.00156,0.898104
60.587,0.010316,0.00156,0.898854
60.589,0.010316,0.00156,0.899538
60.591,0.007108,0.00156,0.900278
60.593,0.014309,0.00156,0.901128
60.595,0.014309,0.00156,0.901776
60.597,0.002091,0.00156,0.902612
60.599,0.004926,0.00156,0.903382
60.601,0.004926,0.00156,0.904196
60.603,0.021116,0.00156,0.904958
60.605,0.021116,0.00156,0.905882
60.607,0.021116,0.00156,0.906723
60.609,0.006693,0.00156,0.907603
60.611,0.026915,0.00156,0.908517
60.613,0.005175,0.00156,0.909452
60.6154,0.005175,0.00156,0.910417
60.617,0.005175,0.00156,0.911508
60.619,0.037271,0.00156,0.912214
60.621,0.037271,0.00156,0.913202
60.623,0.037271,0.00156,0.91423
60.625,0.037271,0.00156,0.915292
60.627,0.022319,0.00156,0.916325
60.629,0.010113,0.00156,0.917354
60.631,0.010113,0.00156,0.91847
60.633,0.00254,0.00156,0.919412
60.635,0.015326,0.00156,0.92057
60.637,0.001662,0.00156,0.921716
60.639,0.001662,0.00156,0.922874
60.641,0.001662,0.00156,0.923932
60.643,0.008047,0.00156,0.924992
60.645,0.008047,0.00156,0.926225
60.647,0.008047,0.00156,0.92738
60.6494,0.008047,0.00156,0.928503
60.651,0.00654,0.00156,0.929821
60.653,0.006609,0.00156,0.930719
60.655,0.006609,0.00156,0.931923
60.657,0.002184,0.00156,0.933147
60.659,0.004345,0.00156,0.934372
60.661,0.014273,0.00156,0.935595
60.663,0.007731,0.00156,0.936813
60.665,0.007731,0.00156,0.937969
60.667,0.007731,0.00156,0.939247
60.669,0.001844,0.00156,0.940424
60.671,0.001844,0.00156,0.941615
60.673,0.007264,0.00156,0.942847
60.675,0.007264,0.00156,0.944096
60.677,0.018602,0.00156,0.945383
60.679,0.011414,0.00156,0.946731
60.681,0.011414,0.00156,0.948006
60.683,0.011414,0.00156,0.949423
60.685,0.00831,0.00156,0.950779
60.687,0.015237,0.00156,0.952157
60.689,0.015237,0.00156,0.953508
60.691,0.02155,0.00156,0.954918
60.693,0.02155,0.00156,0.956435
60.695,0.002935,0.00156,0.957741
60.697,0.002935,0.00156,0.959286
60.699,0.013912,0.00156,0.960751
60.701,0.013912,0.00156,0.962103
60.703,0.013912,0.00156,0.963668
60.705,0.001911,0.00156,0.965213
60.707,0.005532,0.00156,0.966606
60.709,0.005532,0.00156,0.968135
60.711,0.002181,0.00156,0.969719
60.713,0.002181,0.00156,0.971133
60.715,0.006223,0.00156,0.972575
60.717,0.006223,0.00156,0.974111
60.7195,0.007603,0.00156,0.975667
60.721,0.007603,0.00156,0.97745
60.723,0.005218,0.00156,0.978642
60.725,0.005218,0.00156,0.980069
60.727,0.000941,0.00156,0.981797
60.7291,0.004789,0.00156,0.983334
60.7311,0.029005,0.00156,0.984997
60.733,0.029005,0.00156,0.986668
60.735,0.005833,0.00156,0.988396
60.7371,0.022617,0.00156,0.990275
60.7391,0.033588,0.00156,0.992087
60.7411,0.00109,0.00156,0.994003
60.743,0.0001,0.00156,0.995864
60.745,0.005799,0.00156,0.998037
60.7471,0.01686,0.00156,0.99999
60.7491,0.009878,0.13326,1.00222
60.7511,0.193599,0.26448,1.00441
60.7531,0.472841,0.39786,1.00663
60.7555,0.903021,0.49446,1.00824
60.7575,1.17324,0.5,1.00953
60.7595,1.33397,0.5,1.00999
60.7615,1.40794,0.5,1.00984
60.7635,1.46663,0.5,1.00944
60.7655,1.49025,0.5,1.0089
60.7675,1.49213,0.49524,1.00825
60.7695,1.47882,0.44514,1.00742
60.7715,1.39867,0.39678,1.00661
60.7735,1.27983,0.33774,1.00563
60.7755,1.12787,0.2748,1.00458
60.7775,0.978841,0.21486,1.00358
60.7795,0.805031,0.16542,1.00276
60.7815,0.64136,0.1155,1.00192
60.7835,0.500663,0.08448,1.00141
60.7855,0.366203,0.06216,1.00104
60.7879,0.254402,0.05922,1.00099
60.7905,0.213222,0.06816,1.00114
60.7925,0.217397,0.0855,1.00143
60.7945,0.252665,0.10452,1.00174
60.7965,0.291392,0.13398,1.00223
60.7985,0.362822,0.16974,1.00283
60.8005,0.446917,0.20226,1.00337
60.8025,0.541902,0.23688,1.00395
60.8045,0.638687,0.27774,1.00463
60.8065,0.746325,0.30966,1.00516
60.8085,0.836333,0.34188,1.0057
60.8105,0.93937,0.36084,1.00601
60.8125,1.01151,0.37728,1.00629
60.8145,1.08028,0.38112,1.00635
60.8165,1.10275,0.37356,1.00623
60.8185,1.11808,0.35802,1.00597
60.8205,1.08161,0.33966,1.00566
60.8225,1.0475,0.3105,1.00518
60.8251,0.98164,0.27798,1.00463
60.8271,0.889383,0.2274,1.00379
60.8291,0.775285,0.19128,1.00319
60.8311,0.670441,0.15276,1.00255
60.8331,0.55507,0.12048,1.00201
60.8351,0.449388,0.0927,1.00155
60.8371,0.365473,0.06558,1.00109
60.8391,0.282138,0.05202,1.00087
60.8411,0.212383,0.03918,1.00065
60.8431,0.163029,0.02952,1.00049
60.8451,0.129057,0.03162,1.00053
60.8471,0.105662,0.03534,1.00059
60.8491,0.107666,0.03906,1.00065
60.8511,0.121691,0.0474,1.00079
60.8531,0.133169,0.06786,1.00113
60.8551,0.161997,0.07212,1.0012
60.8571,0.18442,0.0822,1.00137
60.8591,0.220536,0.08562,1.00143
60.8615,0.241459,0.08142,1.00136
60.8635,0.24216,0.0726,1.00121
60.8655,0.219319,0.05478,1.00091
60.8675,0.184175,0.03756,1.00063
60.8695,0.145143,0.02664,1.00044
60.8715,0.111306,0.00804,1.00013
60.8735,0.054375,0.00804,0.999794
60.8755,0.024604,0.00804,0.999622
60.8771,0.011711,0.00804,0.99932
60.8791,0.005184,0.00804,0.999151
60.8811,0.017222,0.00804,0.9991
60.8831,0.005844,0.00804,0.998956
60.8851,0.005841,0.00804,0.998996
60.8865,0.002416,0.00804,0.99903
60.8881,0.002416,0.00804,0.999112
60.8901,0.002416,0.00804,0.999027
60.8919,0.002416,0.00804,0.998942
60.8941,0.002416,0.00804,0.998722
60.8961,0.002416,0.00804,0.998296
60.8981,0.002416,0.00804,0.998006
60.8999,0.002416,0.00804,0.997351
60.9015,0.002416,0.00804,0.996875
60.9031,0.002416,0.00804,0.996363
60.9045,0.002416,0.00804,0.995931
60.9061,0.002416,0.00804,0.995437
60.9075,0.002416,0.00804,0.994888
60.9091,0.002416,0.00804,0.994422
60.9105,0.002416,0.00804,0.993971
60.9121,0.002416,0.00804,0.993495
60.9135,0.002416,0.00804,0.992899
60.9151,0.002416,0.00804,0.992372
60.9165,0.002416,0.00804,0.991832
60.9181,0.002719,0.00804,0.991214
60.9201,0.009385,0.00804,0.990625
60.9221,0.009385,0.00804,0.989716
60.9235,0.009385,0.00804,0.988924
60.9251,0.009385,0.00804,0.988196
60.9265,0.009385,0.00804,0.98758
60.9281,0.009385,0.00804,0.986828
60.9295,0.009385,0.00804,0.986156
60.9311,0.009385,0.00804,0.985392
60.9325,0.013173,0.00804,0.984702
60.9345,0.013173,0.00804,0.984007
60.9361,0.013173,0.00804,0.982887
60.9375,0.013173,0.00804,0.982181
60.9391,0.013173,0.00804,0.98134
60.9405,0.013173,0.00804,0.98057
60.9421,0.013173,0.00804,0.979798
60.9435,0.013173,0.00804,0.979098
60.9451,0.00509,0.00804,0.978244
60.9471,0.00509,0.00804,0.977516
60.9485,0.000279,0.00804,0.976395
60.9501,0.000279,0.00804,0.975556
60.9515,0.000279,0.00804,0.974775
60.9531,0.000279,0.00804,0.973973
60.9545,0.000279,0.00804,0.97317
60.9559,0.004148,0.00804,0.972499
60.9581,0.004148,0.00804,0.971703
60.9595,0.004148,0.00804,0.970752
60.9611,0.001794,0.00804,0.969975
60.9625,0.001486,0.00804,0.969085
60.9639,0.001486,0.00804,0.968354
60.9655,0.001486,0.00804,0.967696
60.9671,0.000279,0.00804,0.966925
60.9691,0.000732,0.00804,0.966294
60.9711,0.00129,0.00804,0.965415
60.9731,0.009296,0.00804,0.9645
60.9755,0.012985,0.00804,0.963527
60.9771,0.004803,0.00804,0.962714
60.9791,0.004803,0.00804,0.962102
60.9811,0.007082,0.00804,0.9613
60.9831,0.014654,0.00804,0.960692
60.9851,0.006816,0.00804,0.96008
60.9871,0.006816,0.00804,0.959423
60.9891,0.007405,0.00804,0.958807
60.9911,0.015637,0.00804,0.958159
60.9931,0.015637,0.00804,0.957573
60.9951,0.018568,0.00804,0.957114
60.9971,0.018568,0.00804,0.956659
60.9991,0.018568,0.00804,0.956324
61.0011,0.018568,0.00804,0.955899
61.0031,0.02781,0.00804,0.955607
61.0051,0.00661,0.00804,0.955343
61.0071,0.00661,0.00804,0.955104
61.0095,0.043119,0.00804,0.954884
61.0111,0.015733,0.00804,0.954786
61.0131,0.001862,0.00804,0.954564
61.0151,0.001862,0.00804,0.954323
61.0171,0.001862,0.00804,0.953966
61.0191,0.024564,0.00804,0.953781
61.0211,0.003677,0.00804,0.953418
61.0231,0.003677,0.00804,0.953073
61.0251,0.025282,0.00804,0.952774
61.0271,0.020168,0.00804,0.952423
61.0291,0.020168,0.00804,0.952243
61.0311,0.020168,0.00804,0.952015
61.0331,0.005448,0.00804,0.951916
61.0351,0.005448,0.00804,0.951817
61.0371,0.011032,0.00804,0.951668
61.0391,0.00069,0.00804,0.951562
61.0415,0.008185,0.00804,0.951536
61.0431,0.017408,0.00804,0.95151
61.0451,0.042891,0.00804,0.951485
61.0471,0.026134,0.00804,0.951451
61.0491,0.026134,0.00804,0.951467
61.0505,0.026134,0.00804,0.951499
61.0519,0.0035,0.00804,0.951573
61.0541,0.009317,0.00804,0.951603
61.0561,0.00357,0.00804,0.951696
61.0581,0.00357,0.00804,0.951763
61.0599,0.00357,0.00804,0.951826
61.0621,0.027544,0.00804,0.951871
61.0641,0.025812,0.00804,0.951945
61.0661,0.025812,0.00804,0.952153
61.0679,0.031995,0.00804,0.952269
61.0695,0.005523,0.00804,0.952365
61.0711,0.005523,0.00804,0.952381
61.0731,0.010707,0.00804,0.952619
61.0755,0.019996,0.00804,0.952697
61.0781,0.019996,0.00804,0.952779
61.0801,0.015337,0.00804,0.95299
61.0821,0.012898,0.00804,0.953105
61.0839,0.012898,0.00804,0.95332
61.0855,0.001207,0.00804,0.953482
61.0871,0.022234,0.00804,0.953645
61.0891,0.022234,0.00804,0.953829
61.0911,0.04191,0.00804,0.954141
61.0931,0.003623,0.00804,0.954471
61.0951,0.003623,0.00804,0.954761
61.0971,0.023281,0.00804,0.955254
61.0991,0.021645,0.00804,0.955811
61.1011,0.015807,0.00804,0.956283
61.1031,0.015807,0.00804,0.956845
61.1051,0.028975,0.00804,0.957548
61.1071,0.007069,0.00804,0.958274
61.1095,0.030659,0.00804,0.958976
61.1111,0.030659,0.00804,0.959888
61.1131,0.009936,0.00804,0.960505
61.1151,6.8e-05,0.00804,0.961327
61.1171,0.010698,0.00804,0.962171
61.1191,0.014858,0.00804,0.962994
61.1211,0.014858,0.00804,0.963862
61.1231,0.006423,0.00804,0.964714
61.1251,0.002715,0.00804,0.965641
61.1271,0.010251,0.00804,0.966531
61.1291,0.01067,0.00804,0.967354
61.1311,0.011935,0.00804,0.968441
61.1331,0.004456,0.00804,0.969419
61.1351,0.007948,0.00804,0.970474
61.1371,0.002356,0.00804,0.971546
61.1391,0.015074,0.00804,0.972611
61.1411,0.015074,0.00804,0.9738
61.1431,0.015074,0.00804,0.975103
61.1455,0.016482,0.00804,0.976284
61.1475,0.012311,0.00804,0.977945
61.1491,0.036428,0.00804,0.97928
61.1511,0.021948,0.00804,0.980476
61.1531,0.005159,0.00804,0.981932
61.1551,0.000582,0.00804,0.983536
61.1571,0.003216,0.00804,0.985163
61.1591,0.003216,0.00804,0.986914
61.1611,0.001764,0.00804,0.98873
61.1631,0.023029,0.00804,0.990548
61.1651,0.023029,0.00804,0.992513
61.1671,0.024318,0.00804,0.99451
61.1691,0.002155,0.00804,0.996575
61.1711,0.009404,0.00804,0.998723
61.1731,0.020116,0.04854,1.00081
61.1751,0.073698,0.19506,1.00325
61.1771,0.314878,0.33396,1.00557
61.1795,0.667915,0.46266,1.00771
61.1815,1.03361,0.5,1.00955
61.1835,1.27718,0.5,1.01039
61.1855,1.37631,0.5,1.01071
61.1875,1.46845,0.5,1.01051
61.1901,1.45884,0.5,1.01043
61.1921,1.47837,0.5,1.01029
61.1941,1.48332,0.5,1.01006
61.196,1.48432,0.5,1.0097
61.1981,1.4548,0.5,1.0091
61.2001,1.45013,0.49692,1.00828
61.2021,1.46245,0.43608,1.00727
61.204,1.36792,0.36486,1.00608
61.2061,1.20159,0.285,1.00475
61.2081,1.0065,0.19596,1.00327
61.2101,0.790588,0.11772,1.00196
61.212,0.557772,0.0456,1.00076
61.2141,0.343701,0.0456,0.999795
61.2165,0.149941,0.0456,0.999302
61.2185,0.08267,0.0456,0.99912
61.22,0.031674,0.0456,0.999295
61.2215,0.023982,0.0456,0.999416
61.2231,0.034289,0.0456,0.999771
61.2251,0.027228,0.00396,1.00007
61.2271,0.031184,0.04332,1.00072
61.2291,0.097464,0.08592,1.00143
61.2311,0.19271,0.13614,1.00227
61.2331,0.318099,0.18348,1.00306
61.2351,0.441802,0.22428,1.00374
61.2371,0.559493,0.26994,1.0045
61.2391,0.695179,0.29538,1.00492
61.2411,0.79276,0.31308,1.00522
61.2431,0.872832,0.31896,1.00532
61.2451,0.915728,0.3117,1.0052
61.2471,0.901575,0.28968,1.00483
61.2495,0.878596,0.26454,1.00441
61.2515,0.836861,0.22098,1.00368
61.2541,0.706219,0.18102,1.00302
61.2561,0.621979,0.12996,1.00217
61.2581,0.501235,0.08436,1.00141
61.26,0.368712,0.04818,1.0008
61.2621,0.257367,0.01854,1.00031
61.2641,0.14526,0.01854,0.999883
61.2661,0.076412,0.01854,0.999587
61.268,0.047813,0.01854,0.999512
61.2695,0.019404,0.01854,0.999519
61.2711,0.017735,0.01854,0.999551
61.2731,0.025502,0.01854,0.999791
61.2751,0.012691,0.01854,0.999994
61.2771,0.012996,0.01758,1.00029
61.2791,0.030752,0.03588,1.0006
61.2811,0.068178,0.05988,1.001
61.2836,0.13052,0.07728,1.00129
61.2862,0.191252,0.09174,1.00153
61.2882,0.235515,0.09762,1.00163
61.2902,0.252003,0.0933,1.00156
61.292,0.266684,0.08136,1.00136
61.2942,0.249729,0.07128,1.00119
61.2962,0.231656,0.04548,1.00076
61.2982,0.165502,0.02592,1.00043
61.3,0.120134,0.00078,1.00001
61.3021,0.063722,0.00078,0.999549
61.3041,0.02275,0.00078,0.999277
61.3061,0.0073,0.00078,0.999091
61.308,0.008621,0.00078,0.998753
61.3095,0.008621,0.00078,0.998618
61.3111,0.010489,0.00078,0.998458
61.3131,0.016448,0.00078,0.998352
61.3151,0.016448,0.00078,0.998135
61.3176,0.016448,0.00078,0.997907
61.3191,0.005727,0.00078,0.997593
61.3211,0.005727,0.00078,0.997196
61.3231,0.005727,0.00078,0.99679
61.3251,0.005727,0.00078,0.996343
61.3271,0.005727,0.00078,0.995865
61.3291,0.005727,0.00078,0.995135
61.3311,0.005727,0.00078,0.994537
61.3331,0.005727,0.00078,0.99392
61.3351,0.005727,0.00078,0.993268
61.3371,0.005727,0.00078,0.992659
61.3391,0.017586,0.00078,0.992005
61.3411,0.017586,0.00078,0.991409
61.3431,0.017586,0.00078,0.990754
61.3451,0.007816,0.00078,0.989914
61.3471,0.001149,0.00078,0.989241
61.3491,0.001295,0.00078,0.988519
61.3516,0.001295,0.00078,0.987733
61.3536,0.001295,0.00078,0.986884
61.3551,0.036915,0.00078,0.986174
61.3571,0.036915,0.00078,0.985582
61.3591,0.004903,0.00078,0.984908
61.3611,0.004903,0.00078,0.98425
61.3631,0.025438,0.00078,0.983546
61.3651,0.025438,0.00078,0.982856
61.3671,0.025438,0.00078,0.982158
61.3691,0.023313,0.00078,0.981553
61.3711,0.020305,0.00078,0.980909
61.3731,0.016524,0.00078,0.980342
61.3751,0.014446,0.00078,0.979915
61.3771,0.02623,0.00078,0.979339
61.3791,0.008844,0.00078,0.978802
61.3811,0.02344,0.00078,0.978393
61.3831,0.01971,0.00078,0.97809
61.3856,0.014734,0.00078,0.97752
61.3871,0.005313,0.00078,0.977079
61.3891,0.005313,0.00078,0.976867
61.3911,0.005313,0.00078,0.976499
61.3931,0.005313,0.00078,0.976126
61.3951,0.022627,0.00078,0.975864
61.3971,0.022627,0.00078,0.97569
61.3991,0.000407,0.00078,0.975445
61.4011,0.004568,0.00078,0.975351
61.4032,0.017121,0.00078,0.975257
61.4052,0.017121,0.00078,0.97514
61.4072,0.017121,0.00078,0.975062
61.4092,0.0002,0.00078,0.975059
61.4112,0.007979,0.00078,0.974996
61.4132,0.004962,0.00078,0.975084
61.4152,0.004962,0.00078,0.975109
61.4172,0.048335,0.00078,0.9752
61.4196,0.048335,0.00078,0.975108
61.4216,0.006596,0.00078,0.975214
61.4232,0.006596,0.00078,0.975213
61.4252,0.006596,0.00078,0.975266
61.4272,0.006596,0.00078,0.975254
61.4292,0.006596,0.00078,0.975133
61.4312,0.004467,0.00078,0.975165
61.4332,0.004467,0.00078,0.975228
61.4352,0.016856,0.00078,0.975387
61.4372,0.016856,0.00078,0.975545
61.4392,0.014027,0.00078,0.975727
61.4412,0.014027,0.00078,0.97606
61.4432,0.014027,0.00078,0.976349
61.4452,0.000362,0.00078,0.976673
61.4472,0.033252,0.00078,0.977021
61.4492,0.033252,0.00078,0.977435
61.4512,0.033252,0.00078,0.977903
61.4542,0.033252,0.00078,0.978365
61.4562,0.033252,0.00078,0.979236
61.4582,0.00502,0.00078,0.979869
61.46,0.00502,0.00078,0.980559
61.4622,0.00551,0.00078,0.981302
61.4642,0.000807,0.00078,0.981991
61.4662,0.012919,0.00078,0.982775
61.468,0.037273,0.00078,0.983658
61.4702,0.024041,0.00078,0.984425
61.4722,0.004308,0.00078,0.985361
61.4742,0.034306,0.00078,0.986488
61.476,0.034306,0.00078,0.987406
61.4782,0.021987,0.00078,0.988665
61.4802,0.001198,0.00078,0.989736
61.4822,0.010228,0.00078,0.990916
61.484,0.034087,0.00078,0.992188
61.4862,0.000353,0.00078,0.99345
61.4882,0.000353,0.00078,0.994862
61.4902,0.010159,0.00078,0.996335
61.492,0.026764,0.00078,0.997736
61.4936,0.004459,0.00078,0.99927
61.4952,0.021679,0.02478,1.00041
61.4972,0.048975,0.11502,1.00192
61.4992,0.183555,0.2247,1.00375
61.5012,0.430084,0.32442,1.00541
61.5032,0.693753,0.40002,1.00667
61.5052,0.951102,0.45546,1.00759
61.5072,1.18073,0.48882,1.00815
61.5092,1.34644,0.4959,1.00827
61.5112,1.44066,0.5,1.00838
61.5132,1.45132,0.4938,1.00823
61.5152,1.45809,0.47736,1.00796
61.5172,1.47015,0.4503,1.00751
61.5192,1.38644,0.41118,1.00685
61.5212,1.28154,0.3759,1.00626
61.5236,1.16394,0.33714,1.00562
61.5256,1.0909,0.28278,1.00471
61.5276,0.972295,0.23916,1.00399
61.5296,0.844327,0.20052,1.00334
61.5316,0.731117,0.17022,1.00284
61.5336,0.611759,0.14754,1.00246
61.5356,0.539787,0.13218,1.0022
61.5376,0.469449,0.13104,1.00218
61.5396,0.438739,0.1446,1.00241
61.5416,0.436846,0.16062,1.00268
61.5436,0.472506,0.1851,1.00309
61.5456,0.529424,0.21108,1.00352
61.5476,0.591908,0.24054,1.00401
61.5496,0.667209,0.27276,1.00455
61.5516,0.748989,0.3012,1.00502
61.5536,0.843241,0.33486,1.00558
61.5556,0.936357,0.35088,1.00585
61.5582,1.00399,0.37656,1.00628
61.5602,1.08059,0.39114,1.00652
61.5622,1.13237,0.3996,1.00666
61.564,1.15804,0.39672,1.00661
61.5662,1.19301,0.38604,1.00643
61.5682,1.17782,0.37608,1.00627
61.5702,1.13851,0.36438,1.00607
61.572,1.12734,0.35244,1.00587
61.5742,1.08764,0.32952,1.00549
61.5762,1.04172,0.31614,1.00527
61.5782,0.994132,0.30546,1.00509
61.58,0.95647,0.29634,1.00494
61.5822,0.924869,0.29352,1.00489
61.5842,0.90395,0.28596,1.00477
61.5862,0.889102,0.28458,1.00474
61.588,0.876688,0.29094,1.00485
61.5902,0.875205,0.29214,1.00487
61.5922,0.884954,0.29562,1.00493
61.5946,0.88888,0.3084,1.00514
61.5966,0.90994,0.31356,1.00523
61.5986,0.917496,0.31878,1.00531
61.6006,0.942482,0.31548,1.00526
61.6026,0.948397,0.3243,1.00541
61.6046,0.955407,0.3189,1.00531
61.6066,0.953395,0.31728,1.00529
61.6086,0.957363,0.30924,1.00515
61.6106,0.940672,0.30246,1.00504
61.6126,0.918365,0.28794,1.0048
61.6146,0.88709,0.27486,1.00458
61.6166,0.846583,0.25782,1.0043
61.6186,0.808453,0.23652,1.00394
61.6206,0.749554,0.21288,1.00355
61.6226,0.685998,0.18954,1.00316
61.6246,0.619305,0.1764,1.00294
61.6266,0.573555,0.15528,1.00259
61.6292,0.510471,0.14238,1.00237
61.6312,0.469622,0.12432,1.00207
61.6332,0.425177,0.10908,1.00182
61.6352,0.367633,0.10272,1.00171
61.6372,0.34223,0.09348,1.00156
61.6392,0.314474,0.0903,1.00151
61.6412,0.287565,0.09366,1.00156
61.6432,0.293731,0.09966,1.00166
61.6452,0.295584,0.0975,1.00163
61.6472,0.293282,0.09504,1.00158
61.6492,0.294266,0.09552,1.00159
61.6512,0.285,0.09792,1.00163
61.6532,0.287969,0.0966,1.00161
61.6552,0.294584,0.09114,1.00152
61.6572,0.284633,0.09222,1.00154
61.6592,0.271928,0.08952,1.00149
61.6612,0.278209,0.08556,1.00143
61.6636,0.26312,0.0873,1.00145
61.6656,0.259186,0.07998,1.00133
61.6676,0.260329,0.07572,1.00126
61.6696,0.234026,0.075,1.00125
61.6716,0.233233,0.07548,1.00126
61.6736,0.239226,0.07254,1.00121
61.6756,0.223231,0.07968,1.00133
61.6776,0.242498,0.0768,1.00128
61.6796,0.232655,0.0789,1.00131
61.6816,0.240587,0.08946,1.00149
61.6836,0.262833,0.08748,1.00146
61.6856,0.262908,0.09852,1.00164
61.6876,0.276235,0.10848,1.00181
61.6896,0.31571,0.11088,1.00185
61.6916,0.321066,0.1218,1.00203
61.6936,0.345414,0.12048,1.00201
61.6956,0.364142,0.12402,1.00207
61.6976,0.364718,0.12222,1.00204
61.7,0.361907,0.12276,1.00205
61.7022,0.371914,0.12138,1.00202
61.7042,0.363067,0.12138,1.00202
61.7062,0.36605,0.12036,1.00201
61.708,0.363812,0.1197,1.00199
61.7102,0.365113,0.12084,1.00201
61.7122,0.367094,0.12,1.002
61.7142,0.362672,0.11934,1.00199
61.716,0.362269,0.11724,1.00195
61.7182,0.357627,0.1212,1.00202
61.7202,0.361045,0.12582,1.0021
61.7222,0.376104,0.1245,1.00208
61.724,0.380486,0.1248,1.00208
61.7262,0.378786,0.12828,1.00214
61.7282,0.393396,0.13362,1.00223
61.7302,0.38843,0.1422,1.00237
61.732,0.419635,0.14868,1.00248
61.7346,0.432919,0.14646,1.00244
61.7366,0.440623,0.15996,1.00267
61.7386,0.472994,0.16632,1.00277
61.7406,0.489401,0.17718,1.00295
61.7426,0.519896,0.18156,1.00303
61.7446,0.53803,0.1899,1.00317
61.7466,0.564724,0.19134,1.00319
61.7486,0.572672,0.20562,1.00343
61.7506,0.602232,0.20898,1.00348
61.7526,0.631418,0.21924,1.00365
61.7546,0.644563,0.2256,1.00376
61.7566,0.664304,0.24618,1.0041
61.7586,0.707972,0.24834,1.00414
61.7606,0.73426,0.25116,1.00419
61.7626,0.753033,0.2568,1.00428
61.7646,0.764398,0.26322,1.00439
61.7666,0.783494,0.26772,1.00446
61.7686,0.806732,0.27186,1.00453
61.7712,0.822538,0.27672,1.00461
61.7732,0.822405,0.28134,1.00469
61.7752,0.844487,0.28632,1.00477
61.7772,0.851602,0.2826,1.00471
61.7792,0.862267,0.28512,1.00475
61.7812,0.854354,0.28644,1.00477
61.7832,0.869166,0.2838,1.00473
61.7852,0.852355,0.28578,1.00476
61.7872,0.862124,0.28044,1.00467
61.7892,0.852481,0.28602,1.00477
61.7912,0.858611,0.28074,1.00468
61.7932,0.852256,0.28332,1.00472
61.7952,0.854749,0.2823,1.0047
61.7972,0.855377,0.2775,1.00463
61.7992,0.84544,0.27924,1.00465
61.8012,0.845233,0.27012,1.0045
61.8032,0.826932,0.26712,1.00445
61.8052,0.818393,0.26946,1.00449
61.8072,0.811226,0.26112,1.00435
61.8092,0.806324,0.26508,1.00442
61.8112,0.791461,0.25014,1.00417
61.8132,0.781524,0.25494,1.00425
61.8152,0.768296,0.25242,1.00421
61.8172,0.761507,0.25134,1.00419
61.8192,0.760273,0.2436,1.00406
61.8212,0.751494,0.24588,1.0041
61.8232,0.748054,0.2385,1.00398
61.8252,0.739272,0.24354,1.00406
61.8272,0.729098,0.23508,1.00392
61.8292,0.725168,0.2328,1.00388
61.8312,0.717247,0.22782,1.0038
61.8332,0.702308,0.23394,1.0039
61.8352,0.696787,0.22932,1.00382
61.8372,0.708246,0.22932,1.00382
61.8396,0.698841,0.23082,1.00385
61.8416,0.693475,0.2319,1.00387
61.8436,0.700308,0.22854,1.00381
61.8456,0.698457,0.23244,1.00387
61.8476,0.700053,0.22926,1.00382
61.8496,0.695282,0.22656,1.00378
61.8516,0.690148,0.2244,1.00374
61.8536,0.680419,0.2358,1.00393
61.8556,0.699873,0.23652,1.00394
61.8576,0.705376,0.23724,1.00395
61.8596,0.718636,0.23934,1.00399
61.8616,0.717982,0.23868,1.00398
61.8636,0.725547,0.23748,1.00396
61.8656,0.71788,0.23892,1.00398
61.8676,0.720001,0.24648,1.00411
61.8696,0.732445,0.24912,1.00415
61.8716,0.741359,0.24672,1.00411
61.8736,0.746882,0.24972,1.00416
61.8761,0.748745,0.2568,1.00428
61.8782,0.761665,0.25842,1.00431
61.8802,0.771881,0.261,1.00435
61.8822,0.788403,0.26484,1.00441
61.8841,0.791092,0.26334,1.00439
61.8862,0.790972,0.26514,1.00442
61.8882,0.79096,0.26232,1.00437
61.8902,0.794503,0.25914,1.00432
61.8921,0.783825,0.25842,1.00431
61.8942,0.766686,0.25176,1.0042
61.8962,0.767097,0.25524,1.00425
61.8982,0.774817,0.25932,1.00432
61.9001,0.775268,0.255,1.00425
61.9022,0.771763,0.25404,1.00423
61.9042,0.770494,0.25548,1.00426
61.9062,0.771655,0.2526,1.00421
61.9081,0.771856,0.25644,1.00427
61.9106,0.763746,0.25434,1.00424
61.9126,0.769136,0.24768,1.00413
61.9146,0.762668,0.24774,1.00413
61.9166,0.758282,0.24606,1.0041
61.9186,0.744817,0.25002,1.00417
61.9206,0.748144,0.24768,1.00413
61.9226,0.750329,0.24906,1.00415
61.9246,0.754793,0.24222,1.00404
61.9266,0.736962,0.24342,1.00406
61.9286,0.733646,0.2475,1.00413
61.9306,0.742618,0.24492,1.00408
61.9327,0.750288,0.24318,1.00405
61.9346,0.735045,0.23976,1.004
61.9366,0.733071,0.23862,1.00398
61.9386,0.72559,0.23418,1.0039
61.9407,0.71644,0.23664,1.00394
61.9426,0.712185,0.23544,1.00392
61.9446,0.712423,0.23544,1.00392
61.9472,0.713224,0.2298,1.00383
61.9492,0.700951,0.22482,1.00375
61.9512,0.695413,0.22452,1.00374
61.9532,0.667053,0.22272,1.00371
61.9552,0.663987,0.21774,1.00363
61.9572,0.668654,0.21174,1.00353
61.9592,0.658044,0.21174,1.00353
61.9612,0.641145,0.20628,1.00344
61.9632,0.632968,0.20628,1.00344
61.9652,0.62928,0.20634,1.00344
61.9672,0.631186,0.20076,1.00335
61.9692,0.612529,0.19518,1.00325
61.9712,0.602724,0.1968,1.00328
61.9732,0.596038,0.1923,1.00321
61.9752,0.596035,0.1869,1.00312
61.9772,0.575882,0.18306,1.00305
61.9792,0.563585,0.1833,1.00306
61.9812,0.560608,0.17856,1.00298
61.9832,0.556401,0.16878,1.00281
61.9852,0.520926,0.16602,1.00277
61.9872,0.505376,0.16254,1.00271
61.9892,0.498435,0.15108,1.00252
61.9912,0.474143,0.14754,1.00246
61.9932,0.4536,0.1446,1.00241
61.9952,0.45049,0.1398,1.00233
61.9972,0.432149,0.13266,1.00221
61.9992,0.415608,0.13122,1.00219
62.0012,0.409312,0.11964,1.00199
62.0032,0.378838,0.12318,1.00205
62.0052,0.372373,0.1149,1.00192
62.0072,0.361597,0.11112,1.00185
62.0092,0.356156,0.10248,1.00171
62.0112,0.317723,0.0924,1.00154
62.0132,0.308141,0.08892,1.00148
62.0157,0.268437,0.08328,1.00139
62.0177,0.25889,0.08088,1.00135
62.0197,0.251794,0.07356,1.00123
62.0222,0.235126,0.069,1.00115
62.0242,0.219456,0.06588,1.0011
62.0262,0.217012,0.05934,1.00099
62.0281,0.19132,0.05532,1.00092
62.0302,0.175104,0.0525,1.00088
62.0322,0.173072,0.04716,1.00079
62.0342,0.149154,0.04098,1.00068
62.0361,0.138008,0.04104,1.00068
62.0382,0.140911,0.03864,1.00064
62.0402,0.12098,0.0339,1.00057
62.0422,0.112249,0.02766,1.00046
62.0441,0.111455,0.024,1.0004
62.0462,0.076878,0.02802,1.00047
62.0483,0.077527,0.02328,1.00039
62.0507,0.070361,0.02376,1.0004
62.0527,0.068252,0.01998,1.00033
62.0553,0.061062,0.01704,1.00028
62.0573,0.058595,0.02058,1.00034
62.0593,0.065525,0.01986,1.00033
62.0613,0.056408,0.01434,1.00024
62.0633,0.043542,0.00678,1.00011
62.0653,0.053667,0.00258,1.00004
62.0673,0.020702,0.00048,1.00001
62.0693,0.022032,0.00048,0.999965
62.0713,0.018585,0.00048,0.999945
62.0733,0.004746,0.00048,0.999948
62.0753,0.004746,0.00168,1.00003
62.0773,0.012854,0.00168,0.999938
62.0793,0.00904,0.00588,1.0001
62.0813,0.012657,0.0021,1.00004
62.0833,0.006743,0.0021,0.999813
62.0857,0.009557,0.0021,0.999834
62.0877,0.009557,0.0021,0.999849
62.0892,0.009557,0.0021,0.999818
62.0913,0.009557,0.0021,0.99977
62.0933,0.004376,0.0021,0.999801
62.0953,0.009913,0.0021,0.999689
62.0973,0.009913,0.0021,0.99966
62.0993,0.009913,0.0021,0.999679
62.1013,0.000854,0.0021,0.99944
62.1033,0.010704,0.0021,0.999362
62.1053,0.010704,0.0021,0.999303
62.1073,0.010704,0.0021,0.999147
62.1093,0.010704,0.0021,0.999045
62.1113,0.010704,0.0021,0.999018
62.1133,0.010704,0.0021,0.998825
62.1153,0.012317,0.0021,0.998717
62.1173,0.012317,0.0021,0.99864
62.1197,0.008694,0.0021,0.998384
62.1217,0.008694,0.0021,0.998202
62.1233,0.008694,0.0021,0.997961
62.1253,0.004336,0.0021,0.997704
62.1273,0.011466,0.0021,0.997477
62.1293,0.011466,0.0021,0.997167
62.1313,0.011466,0.0021,0.99686
62.1333,0.011466,0.0021,0.996534
62.1353,0.011466,0.0021,0.9962
62.1373,0.011466,0.0021,0.995883
62.1393,0.013021,0.0021,0.995582
62.1413,0.02138,0.0021,0.995227
62.1433,0.00121,0.0021,0.994704
62.1453,0.009589,0.0021,0.994388
62.1473,0.009589,0.0021,0.994004
62.1493,0.009589,0.0021,0.993649
62.1513,0.014426,0.0021,0.993231
62.1537,0.001315,0.0021,0.992885
62.1557,0.000271,0.0021,0.992426
62.1577,0.000271,0.0021,0.992169
62.1593,0.000271,0.0021,0.991711
62.1613,0.000271,0.0021,0.991522
62.1633,0.000271,0.0021,0.991121
62.1653,0.037366,0.0021,0.990801
62.1673,0.037366,0.0021,0.99039
62.1693,0.021928,0.0021,0.989898
62.1713,0.021928,0.0021,0.989657
62.1733,0.031584,0.0021,0.989275
62.1753,0.017506,0.0021,0.988839
62.1773,0.017506,0.0021,0.988549
62.1793,0.017506,0.0021,0.988117
62.1813,0.017506,0.0021,0.98787
62.1833,0.017506,0.0021,0.987378
62.1857,0.017506,0.0021,0.986996
62.1877,0.034953,0.0021,0.986651
62.1897,0.034953,0.0021,0.986359
62.1917,0.034953,0.0021,0.98596
62.1937,0.000482,0.0021,0.985515
62.1957,0.022462,0.0021,0.985151
62.1977,0.005109,0.0021,0.984761
62.1997,0.005109,0.0021,0.984333
62.2017,0.005109,0.0021,0.983885
62.2037,0.013409,0.0021,0.983459
62.2057,0.013035,0.0021,0.982942
62.2077,0.013035,0.0021,0.982379
62.2097,0.013035,0.0021,0.981904
62.2113,0.013035,0.0021,0.981354
62.2133,0.029047,0.0021,0.980991
62.2153,0.029047,0.0021,0.980439
62.2173,0.029047,0.0021,0.979972
62.2197,0.013087,0.0021,0.979463
62.2213,0.013087,0.0021,0.978833
62.2233,0.013087,0.0021,0.978352
62.2253,0.013087,0.0021,0.977777
62.2273,0.013087,0.0021,0.977159
62.2293,0.007398,0.0021,0.976602
62.2313,0.012375,0.0021,0.975935
62.2333,0.012375,0.0021,0.975364
62.2353,0.002443,0.0021,0.974748
62.2373,0.002443,0.0021,0.974239
62.2393,0.002443,0.0021,0.973594
62.2413,0.002443,0.0021,0.973126
62.2433,0.002443,0.0021,0.972515
62.2453,0.002443,0.0021,0.971955
62.2473,0.002443,0.0021,0.97131
62.2493,0.002443,0.0021,0.970754
62.2513,0.00985,0.0021,0.970073
62.2543,0.005176,0.0021,0.969538
62.2563,0.005176,0.0021,0.968676
62.2583,0.000522,0.0021,0.968071
62.2601,0.002812,0.0021,0.967586
62.2623,0.000766,0.0021,0.966981
62.2643,0.000766,0.0021,0.966466
62.2663,0.000766,0.0021,0.966
62.2681,0.000766,0.0021,0.965354
62.2703,0.001212,0.0021,0.964946
62.2723,0.001212,0.0021,0.964279
62.2743,0.01012,0.0021,0.963692
62.2761,0.003536,0.0021,0.963143
62.2777,0.002807,0.0021,0.962673
62.2797,0.002807,0.0021,0.962304
62.2817,0.011838,0.0021,0.961681
62.2837,0.005301,0.0021,0.961355
62.2857,0.005301,0.0021,0.96087
62.2883,0.013272,0.0021,0.960415
62.2903,0.00666,0.0021,0.959742
62.2921,0.00666,0.0021,0.959302
62.2937,0.006784,0.0021,0.95881
62.2957,0.006784,0.0021,0.958451
62.2977,0.024947,0.0021,0.95805
62.2997,0.036724,0.0021,0.957557
62.3017,0.036724,0.0021,0.957172
62.3037,0.021022,0.0021,0.956739
62.3057,0.033423,0.0021,0.956448
62.3077,0.001375,0.0021,0.956137
62.3097,0.001823,0.0021,0.955782
62.3117,0.026341,0.0021,0.955495
62.3137,0.026341,0.0021,0.955174
62.3157,0.026341,0.0021,0.954957
62.3177,0.026341,0.0021,0.954609
62.3203,0.026341,0.0021,0.954315
62.3223,0.026341,0.0021,0.95397
62.3241,0.024001,0.0021,0.95375
62.3257,0.024001,0.0021,0.953588
62.3277,0.024001,0.0021,0.953306
62.3297,0.024001,0.0021,0.95304
62.3317,0.005508,0.0021,0.952857
62.3337,0.015328,0.0021,0.952707
62.3357,0.015328,0.0021,0.952433
62.3377,0.022727,0.0021,0.952216
62.3397,0.021933,0.0021,0.952129
62.3417,0.021933,0.0021,0.951935
62.3437,0.035028,0.0021,0.951715
62.3457,0.018349,0.0021,0.951548
62.3477,0.018349,0.0021,0.951528
62.3497,0.035133,0.0021,0.951417
62.3517,0.035133,0.0021,0.951225
62.3543,0.000348,0.0021,0.951153
62.3561,0.035242,0.0021,0.951036
62.3577,0.001901,0.0021,0.951225
62.3597,0.001901,0.0021,0.951088
62.3617,0.068875,0.0021,0.951119
62.3637,0.008034,0.0021,0.951164
62.3657,0.008034,0.0021,0.95122
62.3677,0.008034,0.0021,0.951157
62.3697,0.008037,0.0021,0.95117
62.3717,0.008037,0.0021,0.951229
62.3737,0.005033,0.0021,0.951201
62.3757,0.024715,0.0021,0.951322
62.3773,0.01552,0.0021,0.951298
62.3793,0.056145,0.0021,0.951383
62.3807,0.01831,0.0021,0.95138
62.3827,0.01831,0.0021,0.951495
62.3847,0.01831,0.0021,0.951526
62.3867,0.039612,0.0021,0.951555
62.3887,0.009672,0.0021,0.951677
62.3907,0.009672,0.0021,0.951761
62.3927,0.009672,0.0021,0.951898
62.3947,0.014445,0.0021,0.951911
62.3967,0.014445,0.0021,0.952092
62.3987,0.014445,0.0021,0.952182
62.4007,0.014445,0.0021,0.952331
62.4027,0.02451,0.0021,0.952418
62.4047,0.008004,0.0021,0.952539
62.4067,0.001175,0.0021,0.952652
62.4087,0.015235,0.0021,0.952826
62.4103,0.015235,0.0021,0.952945
62.4121,0.017283,0.0021,0.953063
62.4137,0.017283,0.0021,0.953173
62.4153,0.030719,0.0021,0.953387
62.4173,0.000887,0.0021,0.95355
62.4193,0.000887,0.0021,0.953784
62.4213,0.015257,0.0021,0.95406
62.4233,0.006068,0.0021,0.954363
62.4253,0.006068,0.0021,0.95467
62.4273,0.006068,0.0021,0.955017
62.4293,0.006068,0.0021,0.955438
62.4313,0.006068,0.0021,0.955809
62.4333,0.006068,0.0021,0.956235
62.4353,0.019288,0.0021,0.956691
62.4373,0.019288,0.0021,0.957078
62.4393,0.019288,0.0021,0.957587
62.4413,0.011971,0.0021,0.957973
62.4433,0.006739,0.0021,0.958478
62.4453,0.010827,0.0021,0.958873
62.4473,0.010827,0.0021,0.959386
62.4493,0.017235,0.0021,0.959743
62.4513,0.006151,0.0021,0.9603
62.4527,0.030859,0.0021,0.960799
62.4553,0.005728,0.0021,0.961207
62.4573,0.004375,0.0021,0.961832
62.4593,0.004375,0.0021,0.962311
62.4607,0.01072,0.0021,0.962765
62.4623,0.003018,0.0021,0.963169
62.4643,0.003018,0.0021,0.963498
62.4657,0.001667,0.0021,0.964048
62.4673,0.001667,0.0021,0.964415
62.4687,0.001311,0.0021,0.964841
62.4713,0.008235,0.0021,0.965278
62.4727,0.008235,0.0021,0.965713
62.4743,0.00315,0.0021,0.966106
62.4757,0.00315,0.0021,0.966487
62.4777,0.00442,0.0021,0.966887
62.4793,0.00442,0.0021,0.967338
62.4807,0.00442,0.0021,0.967678
62.4823,0.000799,0.0021,0.968076
62.4837,0.000799,0.0021,0.968424
62.4863,0.000799,0.0021,0.968759
62.4883,0.000799,0.0021,0.969447
62.4897,0.001765,0.0021,0.969798
62.4913,0.001765,0.0021,0.970282
62.4927,0.003245,0.0021,0.970502
62.4943,0.003245,0.0021,0.970858
62.4957,0.003245,0.0021,0.9712
62.4973,0.00073,0.0021,0.971472
62.4987,0.00073,0.0021,0.971835
62.5001,0.019753,0.0021,0.972244
62.5017,0.019753,0.0021,0.972543
62.5033,0.009204,0.0021,0.972952
62.5047,0.010208,0.0021,0.973367
62.5063,0.010208,0.0021,0.973752
62.5082,0.003768,0.0021,0.974173
62.5097,0.003782,0.0021,0.974649
62.5113,0.010469,0.0021,0.975042
62.5137,0.010469,0.0021,0.975488
62.5153,0.02432,0.0021,0.97613
62.5173,0.02432,0.0021,0.976465
62.5193,0.02432,0.0021,0.976978
62.5213,0.02432,0.0021,0.977518
62.5233,0.050096,0.0021,0.978077
62.5247,0.050096,0.0021,0.978596
62.5267,0.050096,0.0021,0.979042
62.5283,0.006347,0.0021,0.979394
62.5303,0.006347,0.0021,0.979953
62.5322,0.006347,0.0021,0.98053
62.5337,0.020822,0.0021,0.981057
62.5353,0.009253,0.0021,0.981438
62.5373,0.009253,0.0021,0.981823
62.5393,0.009271,0.0021,0.982428
62.5413,0.021608,0.0021,0.982985
62.5433,0.021608,0.0021,0.983479
62.5457,0.01061,0.0021,0.98412
62.5473,0.01061,0.0021,0.98479
62.5487,0.022719,0.0021,0.985149
62.5507,0.022719,0.0021,0.98562
62.5523,0.022719,0.0021,0.98621
62.5543,0.015407,0.0021,0.98682
62.5562,0.005241,0.0021,0.987407
62.5577,0.005241,0.0021,0.988024
62.5593,0.006349,0.0021,0.988496
62.5613,0.006349,0.0021,0.989104
62.5633,0.022262,0.0021,0.989681
62.5647,0.022262,0.0021,0.990403
62.5663,0.022262,0.0021,0.990865
62.5683,0.009469,0.0021,0.991458
62.5703,0.009469,0.0021,0.992244
62.5722,0.009469,0.0021,0.992756
62.5737,0.009469,0.0021,0.993506
62.5753,0.009793,0.0021,0.994071
62.5777,0.016984,0.0021,0.994779
62.5793,0.016183,0.0021,0.99555
62.5807,0.018422,0.0021,0.996105
62.5823,0.011819,0.0021,0.996659
62.5843,0.011819,0.0021,0.997358
62.5863,0.007122,0.0021,0.998073
62.5882,0.009667,0.0021,0.998945
62.5897,0.009667,0.0021,0.99954
62.5913,0.009667,0.00558,1.00009
62.5933,0.009021,0.05154,1.00086
62.5953,0.06908,0.09744,1.00162
62.5973,0.172851,0.12948,1.00216
62.5993,0.266773,0.15906,1.00265
62.6013,0.343864,0.17532,1.00292
62.6033,0.45834,0.15858,1.00264
62.6053,0.519159,0.13266,1.00221
62.6073,0.475909,0.129,1.00215
62.6097,0.420411,0.1323,1.00221
62.6117,0.396749,0.1437,1.0024
62.6137,0.400949,0.15804,1.00263
62.6157,0.428037,0.16176,1.0027
62.6177,0.458962,0.1569,1.00262
62.6197,0.465203,0.1509,1.00252
62.6217,0.461057,0.13638,1.00227
62.6238,0.44063,0.1284,1.00214
62.6257,0.410256,0.12228,1.00204
62.6277,0.389019,0.11556,1.00193
62.6297,0.376042,0.11406,1.0019
62.6318,0.354569,0.11376,1.0019
62.6338,0.350725,0.11628,1.00194
62.6358,0.352006,0.11922,1.00199
62.6377,0.356495,0.1296,1.00216
62.6398,0.382501,0.12828,1.00214
62.6418,0.381856,0.138,1.0023
62.6442,0.395587,0.14316,1.00239
62.6463,0.424343,0.14898,1.00248
62.6483,0.441066,0.15828,1.00264
62.6503,0.456138,0.16416,1.00274
62.6522,0.476415,0.16782,1.0028
62.6543,0.494651,0.17064,1.00284
62.6563,0.506183,0.17178,1.00286
62.6583,0.510916,0.17784,1.00296
62.6602,0.527652,0.17034,1.00284
62.6623,0.524533,0.17622,1.00294
62.6643,0.530857,0.17454,1.00291
62.6663,0.532223,0.16902,1.00282
62.6682,0.518468,0.16668,1.00278
62.6703,0.515729,0.1701,1.00284
62.6723,0.518748,0.17556,1.00293
62.6743,0.521491,0.16794,1.0028
62.6762,0.524642,0.1776,1.00296
62.6783,0.533859,0.17712,1.00295
62.6808,0.533511,0.18528,1.00309
62.6828,0.546025,0.19242,1.00321
62.6848,0.56671,0.19896,1.00332
62.6868,0.58267,0.2049,1.00342
62.6888,0.594919,0.20106,1.00335
62.6908,0.609941,0.21042,1.00351
62.6928,0.618612,0.21078,1.00351
62.6953,0.627672,0.21288,1.00355
62.6973,0.638556,0.2088,1.00348
62.6993,0.63897,0.21468,1.00358
62.7013,0.641105,0.20868,1.00348
62.7033,0.639145,0.2112,1.00352
62.7053,0.642483,0.2094,1.00349
62.7073,0.636535,0.20958,1.00349
62.7093,0.650255,0.2154,1.00359
62.7113,0.646569,0.2142,1.00357
62.7133,0.654028,0.21264,1.00354
62.7153,0.647758,0.22206,1.0037
62.7173,0.667779,0.22776,1.0038
62.7193,0.683354,0.2319,1.00387
62.7213,0.69448,0.24144,1.00402
62.7233,0.72808,0.25278,1.00421
62.7253,0.736786,0.26394,1.0044
62.7274,0.782081,0.27966,1.00466
62.7294,0.816715,0.28824,1.0048
62.7314,0.856424,0.3057,1.0051
62.7333,0.89498,0.31782,1.0053
62.7354,0.926179,0.3321,1.00554
62.7374,0.962271,0.34248,1.00571
62.7394,1.01033,0.34758,1.00579
62.7414,1.03057,0.35742,1.00596
62.7434,1.0598,0.36354,1.00606
62.7454,1.09646,0.3657,1.0061
62.7474,1.09731,0.37182,1.0062
62.7493,1.12013,0.3744,1.00624
62.7518,1.12889,0.38424,1.0064
62.7538,1.13801,0.38394,1.0064
62.7558,1.15314,0.3915,1.00653
62.7578,1.1843,0.39552,1.00659
62.7598,1.18101,0.40182,1.0067
62.7618,1.19682,0.40692,1.00678
62.7638,1.22111,0.4086,1.00681
62.7664,1.22908,0.41418,1.0069
62.7684,1.24131,0.42,1.007
62.7704,1.24919,0.42288,1.00705
62.7722,1.27834,0.42234,1.00704
62.7744,1.27011,0.42546,1.00709
62.7764,1.26912,0.4332,1.00722
62.7784,1.31203,0.43494,1.00725
62.7802,1.31089,0.4371,1.00728
62.7824,1.31811,0.4281,1.00714
62.7844,1.31129,0.42996,1.00717
62.7864,1.30266,0.43842,1.00731
62.7888,1.3291,0.43518,1.00725
62.7914,1.30503,0.44622,1.00744
62.7934,1.32651,0.43878,1.00731
62.7954,1.3234,0.44622,1.00744
62.7974,1.35283,0.4437,1.0074
62.7994,1.35298,0.4401,1.00734
62.8014,1.31841,0.44064,1.00734
62.8034,1.31803,0.44814,1.00747
62.8054,1.33621,0.44862,1.00748
62.8074,1.35174,0.4437,1.0074
62.8094,1.34722,0.4443,1.00741
62.8114,1.33332,0.43464,1.00724
62.8134,1.32588,0.43878,1.00731
62.8154,1.32636,0.4323,1.00721
62.8174,1.31815,0.42792,1.00713
62.8194,1.29785,0.42366,1.00706
62.8224,1.26869,0.42294,1.00705
62.8248,1.26925,0.41334,1.00689
62.8268,1.27305,0.40194,1.0067
62.8288,1.22925,0.39726,1.00662
62.8308,1.19874,0.39234,1.00654
62.8328,1.20098,0.38688,1.00645
62.8348,1.19299,0.37764,1.00629
62.8368,1.14897,0.37254,1.00621
62.8394,1.13639,0.3666,1.00611
62.8414,1.115,0.35898,1.00598
62.8434,1.1031,0.35484,1.00591
62.8454,1.06769,0.348,1.0058
62.8474,1.06464,0.34254,1.00571
62.8494,1.05195,0.33978,1.00566
62.8514,1.02978,0.33474,1.00558
62.8534,1.00839,0.32376,1.0054
62.8554,0.998311,0.32352,1.00539
62.8574,0.986679,0.31494,1.00525
62.8598,0.965044,0.31224,1.0052
62.8618,0.950405,0.30444,1.00507
62.8638,0.931743,0.30042,1.00501
62.8658,0.921866,0.29358,1.00489
62.8678,0.901847,0.29358,1.00489
62.8698,0.890917,0.2901,1.00484
62.8718,0.88093,0.28446,1.00474
62.8738,0.87368,0.28218,1.0047
62.8758,0.858501,0.28284,1.00471
62.8778,0.859359,0.27768,1.00463
62.8798,0.851382,0.27174,1.00453
62.8818,0.839199,0.27072,1.00451
62.8838,0.826324,0.27612,1.0046
62.8858,0.82627,0.27348,1.00456
62.8878,0.830367,0.26724,1.00445
62.8898,0.81701,0.27018,1.0045
62.8918,0.813914,0.2676,1.00446
62.8948,0.812421,0.2715,1.00453
62.8968,0.815181,0.26532,1.00442
62.8988,0.812486,0.26178,1.00436
62.9008,0.797595,0.26196,1.00437
62.9034,0.795149,0.26148,1.00436
62.9054,0.784211,0.2592,1.00432
62.9074,0.783769,0.25758,1.00429
62.9094,0.767947,0.24618,1.0041
62.9114,0.768,0.24336,1.00406
62.9134,0.75227,0.24234,1.00404
62.9154,0.737159,0.24432,1.00407
62.9174,0.731249,0.23544,1.00392
62.9194,0.721193,0.23346,1.00389
62.9214,0.718522,0.21918,1.00365
62.9234,0.690553,0.22056,1.00368
62.9254,0.679455,0.2085,1.00348
62.9274,0.649066,0.20172,1.00336
62.9298,0.629477,0.19278,1.00321
62.9318,0.605137,0.18036,1.00301
62.9338,0.566815,0.17742,1.00296
62.9358,0.542652,0.17112,1.00285
62.9378,0.531806,0.16506,1.00275
62.9398,0.520299,0.15864,1.00264
62.9418,0.500219,0.16104,1.00268
62.9438,0.494006,0.15918,1.00265
62.9458,0.480601,0.15402,1.00257
62.9478,0.479436,0.1491,1.00249
62.9498,0.459324,0.15348,1.00256
62.9518,0.460502,0.14562,1.00243
62.9538,0.455079,0.14412,1.0024
62.9558,0.44315,0.14502,1.00242
62.9578,0.436323,0.14484,1.00241
62.9598,0.437679,0.14628,1.00244
62.9618,0.440777,0.14886,1.00248
62.9638,0.443304,0.14424,1.0024
62.9664,0.435734,0.13914,1.00232
62.9684,0.423025,0.13272,1.00221
62.9704,0.418261,0.13068,1.00218
62.9722,0.398651,0.12822,1.00214
62.9744,0.392435,0.12492,1.00208
62.9764,0.385692,0.12786,1.00213
62.9784,0.382283,0.11676,1.00195
62.9802,0.363628,0.11502,1.00192
62.9824,0.358295,0.10818,1.0018
62.9844,0.329203,0.10068,1.00168
62.9864,0.313216,0.0939,1.00157
62.9882,0.30289,0.08976,1.0015
62.9904,0.277683,0.08598,1.00143
62.9924,0.263677,0.07806,1.0013
62.9944,0.258058,0.06804,1.00113
62.9962,0.223688,0.06312,1.00105
62.9984,0.202958,0.05622,1.00094
63.0008,0.177341,0.04368,1.00073
63.0028,0.151764,0.04002,1.00067
63.0048,0.136004,0.0363,1.00061
63.0068,0.13408,0.02628,1.00044
63.0088,0.099627,0.02226,1.00037
63.0108,0.08364,0.02436,1.00041
63.0128,0.096609,0.03624,1.0006
63.0154,0.084576,0.04374,1.00073
63.0174,0.100648,0.05118,1.00085
63.0194,0.116717,0.051,1.00085
63.0214,0.14241,0.03618,1.0006
63.0234,0.127892,0.03132,1.00052
63.0254,0.113239,0.01524,1.00025
63.0274,0.083223,0.00888,1.00015
63.0294,0.046559,0.00522,1.00009
63.0314,0.029252,0.00174,1.00003
63.0334,0.021082,0.00144,1.00002
63.0358,0.002026,0.00144,0.999929
63.0378,0.007284,0.00144,0.999923
63.0394,0.004773,0.00144,0.999802
63.0414,0.001577,0.00144,0.999782
63.0434,0.002724,0.00144,0.999694
63.0454,0.008177,0.00144,0.99966
63.0474,0.017337,0.00144,0.999599
63.0494,0.017337,0.00144,0.999563
63.0514,0.00261,0.00144,0.999575
63.0534,0.00261,0.00144,0.99952
63.0554,0.00261,0.00144,0.99954
63.0574,0.00261,0.00144,0.999443
63.0594,0.010265,0.00144,0.999439
63.0614,0.010265,0.00144,0.999354
63.0628,0.010265,0.00144,0.999367
63.0648,0.010265,0.00144,0.999288
63.0668,0.010265,0.00144,0.999218
63.0694,0.006767,0.00144,0.999208
63.0714,0.006767,0.00144,0.999199
63.0734,0.013686,0.00144,0.999102
63.0754,0.013686,0.00144,0.999028
63.0774,0.01219,0.00144,0.998948
63.0794,0.01133,0.00144,0.998935
63.0814,0.008224,0.00144,0.998806
63.0828,0.008224,0.00144,0.998877
63.0848,0.008224,0.00144,0.998799
63.0868,0.002406,0.00144,0.998812
63.0888,0.014659,0.00144,0.998715
63.0908,0.014659,0.00144,0.998676
63.0928,0.014659,0.00144,0.998641
63.0948,0.005594,0.00144,0.998681
63.0968,0.00694,0.00144,0.998658
63.0988,0.00694,0.00144,0.998634
63.1008,0.00694,0.00144,0.998657
63.1034,0.00694,0.00144,0.998637
63.1054,0.00694,0.00144,0.998652
63.1074,0.00694,0.00144,0.998768
63.1094,0.00694,0.00144,0.998768
63.1114,0.00694,0.00144,0.998789
63.1134,0.00694,0.00144,0.998777
63.1154,0.00694,0.00144,0.99878
63.1168,0.00694,0.00144,0.99874
63.1188,0.005389,0.00144,0.998823
63.1208,0.009855,0.00144,0.998872
63.1228,0.009855,0.00144,0.998826
63.1248,0.009855,0.00144,0.99881
63.1268,0.000993,0.00144,0.998753
63.1288,0.009942,0.00144,0.998711
63.1304,0.008291,0.00144,0.998717
63.1322,0.000923,0.00144,0.998605
63.1338,0.005479,0.00144,0.998765
63.1364,0.005479,0.00144,0.998683
63.1384,0.005683,0.00144,0.998672
63.1402,0.005683,0.00144,0.998604
63.1418,0.005714,0.00144,0.99865
63.1434,0.008904,0.00144,0.998611
63.1454,0.008904,0.00144,0.99846
63.1474,0.008904,0.00144,0.998338
63.1494,0.008904,0.00144,0.998146
63.1514,0.005393,0.00144,0.997986
63.1534,0.005393,0.00144,0.997758
63.1554,0.005393,0.00144,0.99759
63.1574,0.005393,0.00144,0.997308
63.1594,0.005393,0.00144,0.997081
63.1614,0.005393,0.00144,0.996797
63.1634,0.00071,0.00144,0.99655
63.1654,0.00071,0.00144,0.996191
63.1674,0.00071,0.00144,0.995951
63.1698,0.017209,0.00144,0.995656
63.1714,0.021392,0.00144,0.995305
63.1734,0.021392,0.00144,0.995003
63.1754,0.001689,0.00144,0.994736
63.1774,0.014636,0.00144,0.994424
63.1794,0.014636,0.00144,0.994057
63.1814,0.032575,0.00144,0.993718
63.1834,0.019709,0.00144,0.99349
63.1854,0.019709,0.00144,0.993129
63.1874,0.019709,0.00144,0.992971
63.1894,0.019709,0.00144,0.992691
63.1914,0.019709,0.00144,0.992451
63.1934,0.019709,0.00144,0.992213
63.1954,0.012189,0.00144,0.991898
63.1968,0.012189,0.00144,0.991651
63.1984,0.006505,0.00144,0.991444
63.2008,0.008186,0.00144,0.991252
63.2024,0.008186,0.00144,0.990877
63.2043,0.008186,0.00144,0.990582
63.2058,0.008186,0.00144,0.990312
63.2074,0.008186,0.00144,0.989976
63.2094,0.022698,0.00144,0.989739
63.2114,0.022698,0.00144,0.989345
63.2128,0.030081,0.00144,0.98895
63.2148,0.030081,0.00144,0.988649
63.2164,0.004639,0.00144,0.988151
63.2184,0.023157,0.00144,0.987699
63.2203,0.023157,0.00144,0.987393
63.2218,0.023157,0.00144,0.986875
63.2234,0.010939,0.00144,0.986587
63.2254,0.005144,0.00144,0.986172
63.2274,0.005144,0.00144,0.985763
63.2294,0.005144,0.00144,0.985275
63.2318,0.005144,0.00144,0.984836
63.2334,0.005144,0.00144,0.984173
63.2348,0.005144,0.00144,0.983778
63.2363,0.005144,0.00144,0.983327
63.2378,0.005144,0.00144,0.982945
63.2394,0.005144,0.00144,0.982428
63.2408,0.005144,0.00144,0.981943
63.2424,0.005144,0.00144,0.981514
63.2438,0.001485,0.00144,0.981117
63.2458,0.001485,0.00144,0.980638
63.2474,0.001485,0.00144,0.980022
63.2488,0.001485,0.00144,0.979721
63.2504,0.001485,0.00144,0.979243
63.2518,0.001485,0.00144,0.978892
63.2544,0.001485,0.00144,0.978378
63.2558,0.015519,0.00144,0.977659
63.2574,0.014699,0.00144,0.977247
63.2594,0.020836,0.00144,0.976773
63.2608,0.01309,0.00144,0.976196
63.2624,0.03001,0.00144,0.975745
63.2638,0.027369,0.00144,0.975402
63.2654,0.006643,0.00144,0.974996
63.2668,0.019449,0.00144,0.974536
63.2683,0.014218,0.00144,0.974156
63.2698,0.013507,0.00144,0.973796
63.2714,0.005737,0.00144,0.97351
63.2734,0.011077,0.00144,0.97308
63.2754,0.011077,0.00144,0.972672
63.2768,0.000932,0.00144,0.972201
63.2784,0.000932,0.00144,0.971859
63.2798,0.000932,0.00144,0.971548
63.2814,0.000932,0.00144,0.971145
63.2834,0.004561,0.00144,0.970863
63.2849,0.004487,0.00144,0.970395
63.2878,0.004487,0.00144,0.969969
63.2894,0.004487,0.00144,0.969573
63.2914,0.007653,0.00144,0.969195
63.2928,0.007653,0.00144,0.968777
63.2944,0.003037,0.00144,0.968491
63.2964,0.002127,0.00144,0.968339
63.2984,0.002127,0.00144,0.967981
63.3003,0.002127,0.00144,0.967568
63.3018,0.002552,0.00144,0.967389
63.3034,0.001792,0.00144,0.967085
63.3054,0.001792,0.00144,0.966853
63.3074,0.000643,0.00144,0.966528
63.3088,0.000643,0.00144,0.96638
63.3104,0.001309,0.00144,0.96625
63.3124,0.008079,0.00144,0.965935
63.3144,0.008079,0.00144,0.965748
63.3163,0.00584,0.00144,0.965508
63.3184,0.013145,0.00144,0.965308
63.3204,0.013145,0.00144,0.965112
63.3224,0.009684,0.00144,0.96485
63.3243,0.003337,0.00144,0.964689
63.3258,0.004681,0.00144,0.964599
63.3274,0.002802,0.00144,0.964509
63.3294,0.002802,0.00144,0.964277
63.3314,0.007178,0.00144,0.964149
63.3328,0.007178,0.00144,0.963907
63.3344,0.00637,0.00144,0.963939
63.3364,0.009202,0.00144,0.963886
63.3384,0.002232,0.00144,0.963705
63.3403,0.001883,0.00144,0.963678
63.3419,0.001883,0.00144,0.963605
63.3434,0.001883,0.00144,0.963698
63.3454,0.016678,0.00144,0.963592
63.3479,0.012345,0.00144,0.963579
63.3504,0.007251,0.00144,0.963609
63.3524,0.007251,0.00144,0.963671
63.3544,0.007251,0.00144,0.963587
63.3563,0.005807,0.00144,0.963657
63.3579,0.004038,0.00144,0.96371
63.3594,0.004038,0.00144,0.963797
63.3614,0.008347,0.00144,0.963734
63.3629,0.007403,0.00144,0.963768
63.3643,0.001816,0.00144,0.963877
63.3659,0.001816,0.00144,0.963861
63.3674,0.001816,0.00144,0.96392
63.3694,0.0071,0.00144,0.963883
63.3714,0.012575,0.00144,0.964074
63.3729,0.012575,0.00144,0.96417
63.3744,0.011603,0.00144,0.964243
63.3764,0.003751,0.00144,0.964293
63.3779,0.001166,0.00144,0.964297
63.3799,0.001166,0.00144,0.964415
63.3824,0.001183,0.00144,0.964516
63.3844,0.005944,0.00144,0.964513
63.3864,0.005944,0.00144,0.964618
63.3883,0.01141,0.00144,0.964784
63.3899,0.01103,0.00144,0.965044
63.3914,0.010616,0.00144,0.965187
63.3934,0.005918,0.00144,0.965272
63.3954,0.005918,0.00144,0.965521
63.3969,0.005918,0.00144,0.965654
63.3984,0.005918,0.00144,0.965788
63.4004,0.002666,0.00144,0.966013
63.4024,0.002666,0.00144,0.966147
63.4043,0.002666,0.00144,0.966526
63.4059,0.002666,0.00144,0.966573
63.4075,0.002188,0.00144,0.966729
63.4094,0.002188,0.00144,0.966935
63.4119,0.003996,0.00144,0.967245
63.4144,0.003283,0.00144,0.967417
63.4165,0.007066,0.00144,0.967688
63.4185,0.001728,0.00144,0.967912
63.4203,0.001728,0.00144,0.968219
63.4219,0.00144,0.00144,0.968418
63.4234,0.002395,0.00144,0.968629
63.4255,0.002395,0.00144,0.96885
63.4275,0.000607,0.00144,0.969031
63.4294,0.000607,0.00144,0.969343
63.4314,0.002129,0.00144,0.969641
63.4335,0.002129,0.00144,0.969941
63.4355,0.006014,0.00144,0.970136
63.4369,0.006014,0.00144,0.970465
63.4385,0.006014,0.00144,0.970711
63.4405,0.011966,0.00144,0.970969
63.4425,0.011966,0.00144,0.971346
63.4443,0.002683,0.00144,0.971534
63.4465,0.013773,0.00144,0.971905
63.4485,0.002049,0.00144,0.972256
63.4505,0.002452,0.00144,0.972725
63.4523,0.00755,0.00144,0.973062
63.4539,0.000815,0.00144,0.973529
63.4555,0.005068,0.00144,0.97396
63.4575,0.00971,0.00144,0.974238
63.4595,0.016434,0.00144,0.974662
63.4609,0.016434,0.00144,0.975184
63.4625,0.03119,0.00144,0.975508
63.4645,0.03119,0.00144,0.975917
63.4665,0.03119,0.00144,0.976264
63.4683,0.03676,0.00144,0.976758
63.4699,0.021209,0.00144,0.977116
63.4715,0.009609,0.00144,0.977466
63.4735,0.043172,0.00144,0.977826
63.4755,0.043172,0.00144,0.978296
63.4775,0.043172,0.00144,0.978749
63.4795,0.024822,0.00144,0.979178
63.4815,0.024822,0.00144,0.979614
63.4835,0.013584,0.00144,0.980058
63.4849,0.013584,0.00144,0.980522
63.4865,0.013584,0.00144,0.9808
63.4885,0.013584,0.00144,0.981257
63.4905,0.013584,0.00144,0.981615
63.4923,0.028082,0.00144,0.982153
63.4939,0.028082,0.00144,0.982506
63.4955,0.012483,0.00144,0.982891
63.4975,0.012483,0.00144,0.983177
63.4995,0.012483,0.00144,0.983636
63.5015,0.012483,0.00144,0.984028
63.5035,0.021488,0.00144,0.984542
63.5055,0.021488,0.00144,0.984941
63.5075,0.021488,0.00144,0.985502
63.5099,0.021488,0.00144,0.985982
63.5115,0.037131,0.00144,0.986517
63.5135,0.037131,0.00144,0.986979
63.5155,0.037131,0.00144,0.987611
63.5175,0.007401,0.00144,0.988164
63.5195,0.01922,0.00144,0.988775
63.5215,0.011996,0.00144,0.989321
63.5235,0.011996,0.00144,0.989918
63.5255,0.036042,0.00144,0.990559
63.5275,0.014244,0.00144,0.991195
63.5295,0.007488,0.00144,0.991863
63.5315,0.001541,0.00144,0.992587
63.5335,0.001541,0.00144,0.993285
63.5355,0.026465,0.00144,0.994027
63.5375,0.000651,0.00144,0.99472
63.5395,0.000402,0.00144,0.995335
63.5415,0.000402,0.00144,0.99618
63.5435,0.016599,0.00144,0.996879
63.5459,0.023816,0.00144,0.997549
63.5475,0.023816,0.00144,0.998606
63.5495,0.023816,0.00144,0.999153
63.5515,0.008434,0.00144,0.999855
63.5535,0.003001,0.0492,1.00082
63.5555,0.065281,0.09912,1.00165
63.5575,0.177507,0.1458,1.00243
63.5595,0.274752,0.17616,1.00294
63.5615,0.377101,0.18228,1.00304
63.5635,0.547385,0.16716,1.00279
63.5655,0.549117,0.16704,1.00278
63.5675,0.503297,0.18078,1.00301
63.5695,0.504714,0.1869,1.00312
63.5715,0.534044,0.18996,1.00317
63.5735,0.5467,0.17868,1.00298
63.5755,0.542928,0.1638,1.00273
63.5775,0.523957,0.14382,1.0024
63.5799,0.488679,0.13542,1.00226
63.5819,0.44375,0.12774,1.00213
63.5839,0.402111,0.13044,1.00217
63.5859,0.401841,0.11898,1.00198
63.5879,0.387589,0.1218,1.00203
63.5905,0.37416,0.12726,1.00212
63.5925,0.379777,0.13638,1.00227
63.5945,0.398556,0.1467,1.00245
63.5963,0.424965,0.15552,1.00259
63.5985,0.443709,0.16434,1.00274
63.6005,0.471273,0.16938,1.00282
63.6025,0.486982,0.18186,1.00303
63.6043,0.522737,0.1809,1.00301
63.6065,0.538163,0.18432,1.00307
63.6085,0.55042,0.18792,1.00313
63.6105,0.554958,0.18846,1.00314
63.6123,0.559477,0.19272,1.00321
63.6145,0.58097,0.19698,1.00328
63.6169,0.591462,0.19296,1.00322
63.6189,0.584976,0.20076,1.00335
63.6209,0.596577,0.20472,1.00341
63.6235,0.61808,0.21438,1.00357
63.6255,0.627448,0.2217,1.0037
63.6275,0.662195,0.23394,1.0039
63.6295,0.683434,0.24462,1.00408
63.6315,0.723084,0.26154,1.00436
63.6335,0.747009,0.27042,1.00451
63.6355,0.784856,0.28482,1.00475
63.6375,0.827095,0.29496,1.00492
63.6395,0.852266,0.30138,1.00502
63.6415,0.888513,0.30852,1.00514
63.6435,0.903538,0.30708,1.00512
63.6455,0.919697,0.3099,1.00517
63.6475,0.926764,0.30174,1.00503
63.6495,0.914317,0.29574,1.00493
63.6519,0.904377,0.28956,1.00483
63.6545,0.889529,0.27828,1.00464
63.6565,0.859584,0.27522,1.00459
63.6585,0.848562,0.26316,1.00439
63.6603,0.83384,0.25548,1.00426
63.6625,0.803004,0.25752,1.00429
63.6645,0.791001,0.26022,1.00434
63.6665,0.796578,0.26112,1.00435
63.6683,0.788634,0.26898,1.00448
63.6705,0.801592,0.27162,1.00453
63.6725,0.818282,0.2802,1.00467
63.6745,0.825043,0.291,1.00485
63.6763,0.859666,0.30126,1.00502
63.6785,0.883534,0.30558,1.00509
63.6805,0.903102,0.3147,1.00525
63.6825,0.928973,0.31578,1.00526
63.6843,0.948754,0.32574,1.00543
63.6865,0.97747,0.3243,1.00541
63.6889,0.976621,0.33162,1.00553
63.6909,0.983043,0.33996,1.00567
63.6929,1.00447,0.33756,1.00563
63.6949,1.02049,0.33786,1.00563
63.6969,1.0248,0.33528,1.00559
63.6989,1.01394,0.34104,1.00568
63.7009,1.01716,0.33066,1.00551
63.7035,1.0117,0.32946,1.00549
63.7055,1.00224,0.3255,1.00543
63.7075,0.983434,0.32538,1.00542
63.7095,0.98492,0.31938,1.00532
63.7115,0.969514,0.31278,1.00521
63.7135,0.951744,0.31176,1.0052
63.7155,0.947729,0.31362,1.00523
63.7175,0.934976,0.30912,1.00515
63.7195,0.941317,0.30402,1.00507
63.7215,0.93108,0.30222,1.00504
63.7239,0.916811,0.29868,1.00498
63.7259,0.90645,0.29604,1.00493
63.7279,0.899965,0.29208,1.00487
63.7299,0.88227,0.28506,1.00475
63.7319,0.873591,0.27984,1.00466
63.7339,0.856295,0.27528,1.00459
63.7359,0.851501,0.27222,1.00454
63.7379,0.833867,0.27312,1.00455
63.7399,0.828907,0.26442,1.00441
63.7419,0.814196,0.2628,1.00438
63.7439,0.801228,0.26034,1.00434
63.7459,0.776209,0.25506,1.00425
63.7479,0.778339,0.25602,1.00427
63.7499,0.7727,0.24756,1.00413
63.7519,0.763879,0.24186,1.00403
63.7539,0.739142,0.23724,1.00395
63.7559,0.726688,0.22926,1.00382
63.7585,0.702513,0.2295,1.00382
63.7605,0.697288,0.22062,1.00368
63.7625,0.680033,0.21072,1.00351
63.7643,0.665807,0.20526,1.00342
63.7665,0.628271,0.20346,1.00339
63.7685,0.620371,0.19098,1.00318
63.7705,0.609743,0.18198,1.00303
63.7723,0.573177,0.17736,1.00296
63.7745,0.547307,0.17232,1.00287
63.7765,0.530176,0.16446,1.00274
63.7785,0.514539,0.16254,1.00271
63.7803,0.501942,0.15126,1.00252
63.7825,0.473695,0.14796,1.00247
63.7845,0.45983,0.14346,1.00239
63.7865,0.444401,0.13746,1.00229
63.7883,0.42746,0.13236,1.00221
63.7905,0.417539,0.12708,1.00212
63.7929,0.395835,0.12558,1.00209
63.7949,0.388567,0.1284,1.00214
63.7969,0.380312,0.12,1.002
63.7995,0.383372,0.1242,1.00207
63.8015,0.367287,0.12192,1.00203
63.8035,0.365182,0.11598,1.00193
63.8055,0.359149,0.11358,1.00189
63.8075,0.349095,0.11556,1.00193
63.8095,0.34496,0.10716,1.00179
63.8115,0.34908,0.11214,1.00187
63.8135,0.332537,0.11268,1.00188
63.8155,0.334438,0.11232,1.00187
63.8175,0.346373,0.10908,1.00182
63.8195,0.329163,0.10494,1.00175
63.8215,0.320444,0.10392,1.00173
63.8235,0.316219,0.1017,1.0017
63.8255,0.304638,0.10074,1.00168
63.8275,0.301378,0.09984,1.00166
63.8295,0.301432,0.09324,1.00155
63.8315,0.288406,0.09738,1.00162
63.8335,0.287768,0.09564,1.00159
63.8355,0.293431,0.08262,1.00138
63.8375,0.268353,0.0816,1.00136
63.8395,0.254754,0.07962,1.00133
63.8415,0.247542,0.07002,1.00117
63.8435,0.23055,0.06366,1.00106
63.8455,0.207662,0.06318,1.00105
63.8475,0.193564,0.05814,1.00097
63.8495,0.193624,0.0543,1.00091
63.8515,0.16556,0.05112,1.00085
63.8535,0.168754,0.04764,1.00079
63.8555,0.157601,0.04098,1.00068
63.8575,0.128383,0.03498,1.00058
63.8595,0.119347,0.03138,1.00052
63.8609,0.101135,0.02424,1.0004
63.8635,0.077865,0.02226,1.00037
63.8655,0.082176,0.01986,1.00033
63.8675,0.078575,0.01386,1.00023
63.8695,0.062241,0.01548,1.00026
63.8715,0.043859,0.02232,1.00037
63.8735,0.059442,0.02124,1.00035
63.8755,0.052606,0.01998,1.00033
63.8769,0.054504,0.01416,1.00024
63.8789,0.050148,0.01428,1.00024
63.8815,0.039377,0.0069,1.00012
63.8835,0.039079,0.0069,0.999952
63.8849,0.010618,0.0069,0.999863
63.8865,0.011342,0.0069,0.999857
63.8885,0.008042,0.0069,0.999782
63.8905,0.008042,0.0069,0.999837
63.8924,0.002642,0.0069,0.999734
63.8945,0.00591,0.0069,0.999762
63.8969,0.00591,0.0069,0.999708
63.8985,0.00591,0.0069,0.999571
63.9004,0.004521,0.0069,0.999597
63.9019,0.008459,0.0069,0.999467
63.9035,0.007684,0.0069,0.999398
63.9055,0.007684,0.0069,0.999376
63.9075,0.007684,0.0069,0.999172
63.9095,0.007684,0.0069,0.99905
63.9115,0.006762,0.0069,0.998979
63.9135,0.006762,0.0069,0.998878
63.9155,0.000786,0.0069,0.998676
63.9175,0.000786,0.0069,0.998557
63.9195,0.000786,0.0069,0.998259
63.9215,0.000786,0.0069,0.99814
63.9235,0.004287,0.0069,0.997804
63.9255,0.004287,0.0069,0.997661
63.9275,0.004287,0.0069,0.997339
63.9295,0.004287,0.0069,0.997024
63.9315,0.014063,0.0069,0.996877
63.9335,0.014042,0.0069,0.996526
63.9355,0.004399,0.0069,0.99619
63.9375,0.004544,0.0069,0.995903
63.9395,0.004544,0.0069,0.995693
63.9415,0.004544,0.0069,0.995284
63.9435,0.001105,0.0069,0.995109
63.9455,0.001105,0.0069,0.994855
63.9475,0.017844,0.0069,0.994622
63.9495,0.017844,0.0069,0.994352
63.9515,0.001196,0.0069,0.994095
63.9535,0.005442,0.0069,0.994004
63.9555,0.035471,0.0069,0.993863
63.9575,0.005508,0.0069,0.993745
63.9595,0.005508,0.0069,0.993673
63.9619,0.004535,0.0069,0.993714
63.9635,0.028258,0.0069,0.993749
63.9649,0.000396,0.0069,0.993817
63.967,0.013506,0.0069,0.993933
63.9685,0.018558,0.0069,0.994029
63.9705,0.026567,0.0069,0.994122
63.9724,0.026567,0.0069,0.994292
63.9745,0.00129,0.0069,0.994513
63.9765,0.00948,0.0069,0.994676
63.9785,0.025288,0.0069,0.994967
63.9804,0.024649,0.0069,0.995255
63.982,0.024175,0.0069,0.995546
63.9835,0.021116,0.0069,0.995788
63.9855,0.003689,0.0069,0.996081
63.9875,0.003689,0.0069,0.996407
63.9895,0.003689,0.0069,0.996761
63.9915,0.023073,0.0069,0.997296
63.9935,0.023073,0.0069,0.997684
63.996,0.015341,0.0069,0.998116
63.9975,0.005365,0.0069,0.998734
63.9995,0.000332,0.0069,0.999061
64.0015,0.000332,0.0069,0.999497
64.0035,0.000332,0.0069,0.999974
64.0055,0.000332,0.02256,1.00038
64.0075,0.031342,0.0501,1.00084
64.0095,0.085156,0.07596,1.00127
64.0115,0.147737,0.09606,1.0016
64.0135,0.196052,0.10944,1.00182
64.0155,0.248361,0.10908,1.00182
64.0175,0.280292,0.09246,1.00154
64.0195,0.351127,0.07104,1.00118
64.0215,0.2943,0.06828,1.00114
64.0235,0.228072,0.07488,1.00125
64.0255,0.232132,0.09108,1.00152
64.0275,0.241683,0.09672,1.00161
64.03,0.269578,0.10686,1.00178
64.032,0.302059,0.11406,1.0019
64.034,0.336023,0.11574,1.00193
64.036,0.34075,0.12336,1.00206
64.0385,0.36915,0.1326,1.00221
64.0405,0.37893,0.13602,1.00227
64.0425,0.393754,0.14904,1.00248
64.0444,0.427843,0.15954,1.00266
64.0466,0.458542,0.1656,1.00276
64.0486,0.480611,0.1734,1.00289
64.0506,0.503061,0.18276,1.00305
64.0524,0.533489,0.18894,1.00315
64.0545,0.559338,0.1869,1.00312
64.0565,0.558716,0.19404,1.00323
64.0586,0.566767,0.19998,1.00333
64.0604,0.593787,0.19866,1.00331
64.0626,0.601104,0.20364,1.00339
64.0646,0.609714,0.2073,1.00346
64.067,0.619737,0.219,1.00365
64.069,0.645477,0.21732,1.00362
64.0716,0.663174,0.22794,1.0038
64.0736,0.667734,0.23646,1.00394
64.0756,0.689908,0.2436,1.00406
64.0776,0.720928,0.25374,1.00423
64.0796,0.738746,0.2607,1.00435
64.0816,0.770716,0.26238,1.00437
64.0836,0.767429,0.27126,1.00452
64.0856,0.801214,0.27222,1.00454
64.0876,0.812924,0.28188,1.0047
64.0896,0.830093,0.2862,1.00477
64.0916,0.859395,0.28908,1.00482
64.0936,0.867295,0.29364,1.00489
64.0956,0.874041,0.29256,1.00488
64.0976,0.878077,0.2964,1.00494
64.0996,0.884019,0.29352,1.00489
64.1016,0.902026,0.29148,1.00486
64.104,0.88233,0.29166,1.00486
64.106,0.877158,0.28974,1.00483
64.108,0.8686,0.28896,1.00482
64.11,0.878075,0.29184,1.00486
64.112,0.879182,0.29208,1.00487
64.114,0.898317,0.28908,1.00482
64.116,0.875247,0.28386,1.00473
64.1186,0.868105,0.29208,1.00487
64.1206,0.884681,0.29184,1.00486
64.1226,0.869878,0.29616,1.00494
64.1244,0.888301,0.29226,1.00487
64.1266,0.885272,0.29472,1.00491
64.1286,0.89109,0.29658,1.00494
64.1306,0.888275,0.3003,1.00501
64.1324,0.901994,0.30468,1.00508
64.1346,0.914433,0.3063,1.00511
64.1366,0.917187,0.30834,1.00514
64.139,0.929851,0.31164,1.00519
64.141,0.936593,0.3153,1.00526
64.143,0.939882,0.31452,1.00524
64.145,0.945403,0.31116,1.00519
64.147,0.946492,0.3159,1.00527
64.149,0.939922,0.3105,1.00518
64.1516,0.939123,0.31494,1.00525
64.1536,0.94408,0.31692,1.00528
64.1556,0.958211,0.30786,1.00513
64.1576,0.948593,0.31692,1.00528
64.1596,0.952204,0.31782,1.0053
64.1616,0.951242,0.31308,1.00522
64.1636,0.946911,0.3093,1.00516
64.1656,0.94019,0.30924,1.00515
64.1676,0.933121,0.31008,1.00517
64.1696,0.929516,0.30648,1.00511
64.1716,0.92514,0.30564,1.00509
64.174,0.928652,0.30078,1.00501
64.176,0.914455,0.29628,1.00494
64.178,0.894775,0.29682,1.00495
64.18,0.904516,0.29574,1.00493
64.1826,0.901172,0.2898,1.00483
64.1846,0.882455,0.2922,1.00487
64.1866,0.882475,0.28872,1.00481
64.1884,0.875233,0.28908,1.00482
64.1906,0.875558,0.28386,1.00473
64.1926,0.869008,0.28416,1.00474
64.1946,0.859395,0.28206,1.0047
64.1964,0.859313,0.28146,1.00469
64.1986,0.848018,0.28524,1.00475
64.2006,0.853653,0.28932,1.00482
64.2026,0.869063,0.27948,1.00466
64.2044,0.855107,0.2859,1.00477
64.2066,0.858507,0.28632,1.00477
64.2086,0.856765,0.28098,1.00468
64.211,0.855916,0.28812,1.0048
64.213,0.865515,0.282,1.0047
64.2156,0.851454,0.28104,1.00468
64.2176,0.85339,0.27882,1.00465
64.2196,0.847009,0.28362,1.00473
64.2216,0.84976,0.2811,1.00469
64.2236,0.847993,0.27912,1.00465
64.2256,0.850239,0.27726,1.00462
64.2276,0.833927,0.27072,1.00451
64.2296,0.824937,0.27516,1.00459
64.2316,0.823968,0.2721,1.00454
64.2336,0.817565,0.2652,1.00442
64.2356,0.799546,0.26076,1.00435
64.2376,0.790336,0.2541,1.00423
64.2396,0.779267,0.24666,1.00411
64.2416,0.758145,0.24156,1.00403
64.2436,0.750929,0.23754,1.00396
64.2456,0.726815,0.22476,1.00375
64.2476,0.697092,0.2262,1.00377
64.2496,0.690372,0.21618,1.0036
64.2516,0.668212,0.2019,1.00337
64.2536,0.638091,0.20502,1.00342
64.2556,0.625486,0.19476,1.00325
64.2576,0.607298,0.2019,1.00337
64.2596,0.609104,0.19302,1.00322
64.2616,0.592911,0.19536,1.00326
64.2636,0.592815,0.18816,1.00314
64.2656,0.579111,0.18612,1.0031
64.2676,0.567006,0.17958,1.00299
64.2696,0.551809,0.18234,1.00304
64.2716,0.554834,0.18084,1.00301
64.2736,0.548666,0.18498,1.00308
64.2756,0.551715,0.17958,1.00299
64.2776,0.555278,0.17982,1.003
64.28,0.541135,0.17382,1.0029
64.282,0.53374,0.17838,1.00297
64.284,0.539732,0.17892,1.00298
64.286,0.536627,0.17532,1.00292
64.288,0.533912,0.17592,1.00293
64.29,0.527231,0.17862,1.00298
64.292,0.533233,0.17148,1.00286
64.2946,0.513478,0.1683,1.00281
64.2966,0.512762,0.1659,1.00277
64.2986,0.50887,0.15444,1.00257
64.3004,0.479905,0.15636,1.00261
64.3026,0.467428,0.14628,1.00244
64.3046,0.462628,0.13794,1.0023
64.3066,0.430454,0.13314,1.00222
64.3084,0.411,0.12594,1.0021
64.3106,0.400027,0.12504,1.00208
64.3126,0.378339,0.11946,1.00199
64.315,0.370551,0.1191,1.00199
64.317,0.371975,0.11526,1.00192
64.319,0.354288,0.11046,1.00184
64.321,0.347175,0.11484,1.00191
64.323,0.352964,0.1149,1.00192
64.325,0.346144,0.11442,1.00191
64.3276,0.352686,0.1245,1.00208
64.3296,0.360974,0.13224,1.0022
64.3316,0.377753,0.1401,1.00233
64.3336,0.40498,0.1368,1.00228
64.3356,0.40658,0.13596,1.00227
64.3376,0.414192,0.1368,1.00228
64.3396,0.420571,0.13908,1.00232
64.3416,0.412165,0.14214,1.00237
64.3436,0.423361,0.14844,1.00247
64.3456,0.442272,0.14058,1.00234
64.3476,0.429372,0.14952,1.00249
64.3496,0.436331,0.14946,1.00249
64.352,0.447822,0.15282,1.00255
64.354,0.453137,0.15582,1.0026
64.356,0.4649,0.15594,1.0026
64.3586,0.46813,0.15276,1.00255
64.3606,0.467979,0.16212,1.0027
64.3626,0.479061,0.15906,1.00265
64.3644,0.481722,0.16392,1.00273
64.3666,0.495609,0.16878,1.00281
64.3686,0.506085,0.16536,1.00276
64.3706,0.508837,0.174,1.0029
64.3724,0.515908,0.17934,1.00299
64.3746,0.529417,0.17646,1.00294
64.3766,0.535375,0.18918,1.00315
64.3786,0.553152,0.19356,1.00323
64.3804,0.57275,0.19764,1.00329
64.3826,0.584759,0.20304,1.00338
64.3846,0.606329,0.20898,1.00348
64.387,0.622304,0.21756,1.00363
64.389,0.635294,0.2226,1.00371
64.3916,0.662619,0.22908,1.00382
64.3936,0.679096,0.2409,1.00402
64.3956,0.70373,0.24258,1.00404
64.3976,0.728642,0.2499,1.00416
64.3996,0.748466,0.26286,1.00438
64.4016,0.771474,0.27258,1.00454
64.4036,0.799002,0.26982,1.0045
64.4056,0.808604,0.27918,1.00465
64.4076,0.82192,0.28014,1.00467
64.4096,0.842225,0.28914,1.00482
64.4116,0.860973,0.2964,1.00494
64.4136,0.877759,0.29856,1.00498
64.4156,0.892971,0.30402,1.00507
64.4176,0.918156,0.30474,1.00508
64.4196,0.91542,0.3084,1.00514
64.4216,0.918207,0.30834,1.00514
64.4241,0.937128,0.31596,1.00527
64.4261,0.943169,0.31698,1.00528
64.4281,0.950012,0.3174,1.00529
64.43,0.956017,0.32112,1.00535
64.4321,0.961569,0.3219,1.00537
64.4343,0.964037,0.32088,1.00535
64.4365,0.976406,0.32514,1.00542
64.4386,0.976765,0.32586,1.00543
64.4406,0.977934,0.33246,1.00554
64.4426,0.993795,0.33066,1.00551
64.4444,0.998759,0.3318,1.00553
64.4466,0.995851,0.33504,1.00558
64.4486,1.00851,0.33396,1.00557
64.4506,1.00655,0.3285,1.00548
64.4524,0.998234,0.33192,1.00553
64.4546,0.997028,0.32652,1.00544
64.4566,0.994868,0.33282,1.00555
64.459,1.00885,0.33336,1.00556
64.461,1.01372,0.34098,1.00568
64.463,1.01618,0.33636,1.00561
64.465,1.02207,0.33876,1.00565
64.467,1.01388,0.34098,1.00568
64.469,1.02715,0.33894,1.00565
64.4716,1.02708,0.34266,1.00571
64.4736,1.03214,0.34008,1.00567
64.4756,1.04171,0.33888,1.00565
64.4776,1.02668,0.34044,1.00567
64.4796,1.03731,0.34272,1.00571
64.4816,1.01204,0.34386,1.00573
64.4836,1.03903,0.3462,1.00577
64.4856,1.05146,0.34242,1.00571
64.4876,1.03289,0.34206,1.0057
64.4896,1.04092,0.34422,1.00574
64.4916,1.04319,0.34056,1.00568
64.4936,1.03688,0.34566,1.00576
64.496,1.03082,0.35034,1.00584
64.498,1.05801,0.35148,1.00586
64.5,1.06126,0.34764,1.00579
64.502,1.04952,0.35394,1.0059
64.5036,1.06377,0.35952,1.00599
64.5056,1.08194,0.3504,1.00584
64.5076,1.06373,0.34962,1.00583
64.5096,1.05605,0.35088,1.00585
64.5116,1.066,0.35796,1.00597
64.5136,1.07423,0.35268,1.00588
64.5156,1.06435,0.35724,1.00595
64.5176,1.06943,0.35862,1.00598
64.5196,1.0862,0.36282,1.00605
64.5216,1.09125,0.36252,1.00604
64.5236,1.09153,0.37014,1.00617
64.5256,1.09532,0.37608,1.00627
64.5276,1.11837,0.37212,1.0062
64.5301,1.11579,0.37872,1.00631
64.5321,1.13339,0.3789,1.00632
64.5341,1.1418,0.3792,1.00632
64.5362,1.14512,0.38904,1.00648
64.538,1.16081,0.3906,1.00651
64.5401,1.1734,0.39078,1.00651
64.5416,1.1656,0.39072,1.00651
64.5436,1.18116,0.39714,1.00662
64.5456,1.18903,0.39426,1.00657
64.5476,1.18598,0.39498,1.00658
64.5496,1.18208,0.39396,1.00657
64.5516,1.18536,0.39186,1.00653
64.5536,1.18182,0.39384,1.00656
64.5556,1.18591,0.39516,1.00659
64.5576,1.19724,0.39648,1.00661
64.5596,1.19348,0.39516,1.00659
64.5616,1.18984,0.39312,1.00655
64.5636,1.20086,0.3948,1.00658
64.5656,1.18942,0.39198,1.00653
64.5676,1.174,0.38856,1.00648
64.5696,1.18943,0.3969,1.00662
64.5716,1.18124,0.38916,1.00649
64.5736,1.18971,0.38622,1.00644
64.5756,1.17408,0.39216,1.00654
64.5776,1.17374,0.3855,1.00643
64.5796,1.18102,0.38292,1.00638
64.5816,1.16549,0.3828,1.00638
64.5836,1.15363,0.38598,1.00643
64.5856,1.16128,0.38682,1.00645
64.5876,1.16203,0.38112,1.00635
64.5896,1.16216,0.38442,1.00641
64.5916,1.16877,0.3789,1.00632
64.5936,1.15364,0.38112,1.00635
64.5956,1.15737,0.3879,1.00647
64.5976,1.16474,0.38202,1.00637
64.5996,1.14311,0.38466,1.00641
64.6016,1.16522,0.37734,1.00629
64.6036,1.1462,0.38352,1.00639
64.6056,1.14599,0.37698,1.00628
64.6076,1.14662,0.37848,1.00631
64.6096,1.14884,0.38526,1.00642
64.6116,1.15028,0.38064,1.00634
64.6136,1.13543,0.3822,1.00637
64.6156,1.15724,0.38154,1.00636
64.6176,1.15816,0.37104,1.00618
64.6196,1.13426,0.37104,1.00618
64.6216,1.13033,0.36654,1.00611
64.6236,1.11487,0.369,1.00615
64.6256,1.11519,0.3684,1.00614
64.6276,1.09527,0.3612,1.00602
64.6296,1.10022,0.3615,1.00603
64.6316,1.09001,0.3525,1.00588
64.6341,1.08932,0.3474,1.00579
64.6361,1.0558,0.34236,1.00571
64.6381,1.04527,0.33894,1.00565
64.6401,1.01912,0.3345,1.00558
64.6421,1.01347,0.32682,1.00545
64.6441,0.9995,0.31542,1.00526
64.6461,0.972399,0.3114,1.00519
64.6481,0.935913,0.30414,1.00507
64.6501,0.920856,0.30024,1.005
64.6521,0.929845,0.29196,1.00487
64.6541,0.89995,0.28434,1.00474
64.6561,0.878477,0.27768,1.00463
64.6581,0.854362,0.27294,1.00455
64.6601,0.832708,0.26814,1.00447
64.6621,0.814852,0.26016,1.00434
64.6641,0.803867,0.25236,1.00421
64.6661,0.773563,0.24186,1.00403
64.6685,0.750271,0.23562,1.00393
64.6706,0.722965,0.22932,1.00382
64.6726,0.701705,0.21858,1.00364
64.6746,0.684376,0.21288,1.00355
64.6765,0.66093,0.2025,1.00338
64.6786,0.630994,0.19602,1.00327
64.6806,0.609875,0.1896,1.00316
64.6826,0.583977,0.17766,1.00296
64.6845,0.556258,0.1722,1.00287
64.6866,0.539808,0.16662,1.00278
64.6886,0.508496,0.15804,1.00263
64.6906,0.492595,0.14946,1.00249
64.6925,0.473956,0.14088,1.00235
64.6946,0.444837,0.13872,1.00231
64.6966,0.42592,0.13758,1.00229
64.6986,0.411821,0.1338,1.00223
64.7005,0.41528,0.12408,1.00207
64.7026,0.387474,0.1143,1.00191
64.7046,0.358151,0.111,1.00185
64.7066,0.35127,0.10314,1.00172
64.7085,0.322236,0.09552,1.00159
64.7106,0.299071,0.09012,1.0015
64.7126,0.286174,0.08112,1.00135
64.7147,0.261173,0.07488,1.00125
64.7165,0.240376,0.07026,1.00117
64.7186,0.221237,0.06306,1.00105
64.7206,0.212218,0.05814,1.00097
64.7227,0.177259,0.0561,1.00094
64.7245,0.170305,0.05484,1.00091
64.7267,0.170236,0.05124,1.00085
64.7287,0.161047,0.03912,1.00065
64.7307,0.135062,0.03612,1.0006
64.7325,0.123692,0.03174,1.00053
64.7347,0.120079,0.03108,1.00052
64.7367,0.092223,0.02922,1.00049
64.7391,0.099051,0.0288,1.00048
64.7411,0.09349,0.02646,1.00044
64.7437,0.092534,0.02406,1.0004
64.7457,0.076284,0.02466,1.00041
64.7477,0.067897,0.02382,1.0004
64.7497,0.073181,0.02256,1.00038
64.7517,0.065248,0.0243,1.00041
64.7537,0.06786,0.02592,1.00043
64.7557,0.08029,0.02232,1.00037
64.7577,0.081284,0.02364,1.00039
64.7597,0.062839,0.01854,1.00031
64.7617,0.061854,0.02076,1.00035
64.7637,0.074363,0.01944,1.00032
64.7657,0.055598,0.02214,1.00037
64.7677,0.058515,0.02016,1.00034
64.7697,0.067774,0.0243,1.00041
64.7717,0.065233,0.01866,1.00031
64.7741,0.052187,0.01464,1.00024
64.7761,0.048191,0.00894,1.00015
64.7781,0.041262,0.01086,1.00018
64.7801,0.048708,0.009,1.00015
64.7821,0.029448,0.00654,1.00011
64.7841,0.016162,0.00852,1.00014
64.7861,0.029906,0.01326,1.00022
64.7881,0.033652,0.0096,1.00016
64.7901,0.024533,0.00456,1.00008
64.7921,0.009331,0.0048,1.00008
64.7941,0.027778,0.0006,1.00001
64.7961,0.001838,0.0006,0.999916
64.7981,0.007285,0.0006,0.999739
64.7997,0.015121,0.0006,0.999771
64.8017,0.015121,0.0006,0.999768
64.8031,0.004502,0.0006,0.999773
64.8045,0.001561,0.0006,0.999831
64.8067,0.001561,0.0006,0.99971
64.8087,0.001561,0.0006,0.999828
64.8107,0.010212,0.0006,0.999842
64.8125,0.010212,0.0006,0.999844
64.8141,0.010212,0.0006,0.999926
64.8157,0.010937,0.0006,0.999833
64.8177,0.010937,0.0006,0.999912
64.8197,0.010937,0.0006,1
64.8217,0.010937,0.0006,0.999784
64.8237,0.003434,0.0006,0.999794
64.8257,0.003434,0.0006,0.999713
64.8277,0.003434,0.0006,0.99939
64.8297,0.003434,0.0006,0.999334
64.8317,0.011032,0.0006,0.999062
64.8337,0.011032,0.0006,0.998866
64.8357,0.011032,0.0006,0.998723
64.8377,0.011032,0.0006,0.998501
64.8401,0.004102,0.0006,0.998423
64.8417,0.003503,0.0006,0.998149
64.8437,0.003503,0.0006,0.998141
64.8457,0.002949,0.0006,0.998032
64.8477,0.002949,0.0006,0.997971
64.8497,0.002949,0.0006,0.997947
64.8517,0.002949,0.0006,0.997918
64.8537,0.002949,0.0006,0.997806
64.8557,0.002949,0.0006,0.997672
64.8577,0.002949,0.0006,0.997488
64.8597,0.000205,0.0006,0.99729
64.8617,0.001864,0.0006,0.996769
64.8637,0.001864,0.0006,0.996612
64.8657,0.001864,0.0006,0.996282
64.8677,0.001864,0.0006,0.995823
64.8697,0.001864,0.0006,0.995346
64.8717,0.001864,0.0006,0.994864
64.8741,0.02562,0.0006,0.994119
64.8757,0.02562,0.0006,0.993449
64.8777,0.02562,0.0006,0.992765
64.8797,0.022177,0.0006,0.99215
64.8817,0.022177,0.0006,0.991487
64.8837,0.022177,0.0006,0.99084
64.8857,0.022177,0.0006,0.990162
64.8877,0.036486,0.0006,0.989579
64.8897,0.036486,0.0006,0.988875
64.8917,0.004335,0.0006,0.988175
64.8937,0.012013,0.0006,0.987595
64.8957,0.012013,0.0006,0.986894
64.8977,0.022639,0.0006,0.986295
64.8997,0.022639,0.0006,0.985567
64.9017,0.022639,0.0006,0.98517
64.9037,0.022639,0.0006,0.984463
64.9061,0.022639,0.0006,0.98375
64.9077,0.009292,0.0006,0.983055
64.9097,0.009292,0.0006,0.982341
64.9117,0.009292,0.0006,0.981616
64.9137,0.009292,0.0006,0.980808
64.9157,0.009292,0.0006,0.979891
64.9177,0.015142,0.0006,0.978991
64.9197,0.015142,0.0006,0.978009
64.9217,0.015142,0.0006,0.977119
64.9237,0.004156,0.0006,0.976013
64.9257,0.004156,0.0006,0.975053
64.9277,0.015353,0.0006,0.974042
64.9297,0.001113,0.0006,0.97286
64.9317,0.001113,0.0006,0.971726
64.9337,0.001113,0.0006,0.97065
64.9357,0.001113,0.0006,0.969526
64.9377,0.001113,0.0006,0.968383
64.9397,0.000661,0.0006,0.96723
64.9417,0.000661,0.0006,0.965985
64.9437,0.000661,0.0006,0.96495
64.9457,0.017099,0.0006,0.963857
64.9477,0.004756,0.0006,0.962835
64.9497,0.026337,0.0006,0.961744
64.9517,0.006022,0.0006,0.96096
64.9537,0.006022,0.0006,0.959962
64.9557,0.0238,0.0006,0.959209
64.9577,0.007289,0.0006,0.958409
64.9597,0.007289,0.0006,0.95756
64.9617,0.028973,0.0006,0.956812
64.9637,0.014175,0.0006,0.956199
64.9657,0.003177,0.0006,0.95556
64.9677,0.003177,0.0006,0.954978
64.9697,0.047764,0.0006,0.954453
64.9717,0.047764,0.0006,0.953983
64.9737,0.047764,0.0006,0.95355
64.9757,0.045712,0.0006,0.953103
64.9777,0.022442,0.0006,0.952789
64.9797,0.008806,0.0006,0.952452
64.9817,0.008806,0.0006,0.95212
64.9837,0.024723,0.0006,0.951816
64.9857,0.020127,0.0006,0.951631
64.9877,0.020127,0.0006,0.951404
64.9897,0.020127,0.0006,0.951425
64.9917,0.017215,0.0006,0.951284
64.9937,0.006325,0.0006,0.95139
64.9957,0.006325,0.0006,0.951418
64.9977,0.006325,0.0006,0.951514
64.9997,0.033059,0.0006,0.951671
65.0017,0.033059,0.0006,0.951829
65.0037,0.033059,0.0006,0.951982
65.0057,0.033059,0.0006,0.952068
65.0077,0.033059,0.0006,0.952207
65.0097,0.033059,0.0006,0.952325
65.0117,0.033059,0.0006,0.952377
65.0137,0.033059,0.0006,0.952383
65.0157,0.010739,0.0006,0.952491
65.0177,0.010739,0.0006,0.952509
65.0197,0.010739,0.0006,0.952458
65.0217,0.010739,0.0006,0.952516
65.0237,0.010739,0.0006,0.952439
65.0257,0.034539,0.0006,0.952431
65.0277,0.005445,0.0006,0.952316
65.0297,0.005445,0.0006,0.952328
65.0317,0.005445,0.0006,0.952315
65.0337,0.029237,0.0006,0.952267
65.0357,0.010687,0.0006,0.952275
65.0377,0.029228,0.0006,0.952269
65.0397,0.027215,0.0006,0.952305
65.0421,0.027215,0.0006,0.952307
65.0437,0.027215,0.0006,0.952236
65.0457,0.001431,0.0006,0.952301
65.0477,0.000739,0.0006,0.952295
65.0497,0.000739,0.0006,0.952383
65.0517,0.000739,0.0006,0.952359
65.0537,0.005393,0.0006,0.952393
65.0557,0.010677,0.0006,0.952344
65.0577,0.010677,0.0006,0.952358
65.0597,0.010677,0.0006,0.95226
65.0617,0.015254,0.0006,0.952403
65.0637,0.015189,0.0006,0.952328
65.0657,0.015189,0.0006,0.952269
65.0677,0.015189,0.0006,0.952321
65.0697,0.019855,0.0006,0.95231
65.0717,0.019855,0.0006,0.952277
65.0737,0.00125,0.0006,0.952294
65.0757,0.007868,0.0006,0.952273
65.0777,0.007868,0.0006,0.952251
65.0797,0.007868,0.0006,0.952331
65.0817,0.029782,0.0006,0.952285
65.0837,0.010445,0.0006,0.952215
65.0857,0.010445,0.0006,0.952299
65.0877,0.010445,0.0006,0.952188
65.0897,0.005086,0.0006,0.9522
65.0917,0.019687,0.0006,0.952204
65.0937,0.019687,0.0006,0.952185
65.0957,0.003861,0.0006,0.952226
65.0977,0.003861,0.0006,0.952335
65.0997,0.039499,0.0006,0.95227
65.1017,0.024979,0.0006,0.952373
65.1037,0.024979,0.0006,0.952332
65.1057,0.024979,0.0006,0.952388
65.1077,0.022519,0.0006,0.952417
65.1101,0.022519,0.0006,0.952274
65.1117,0.022519,0.0006,0.952309
65.1137,0.022519,0.0006,0.952379
65.1157,0.010597,0.0006,0.952205
65.1177,0.012501,0.0006,0.952254
65.1197,0.015162,0.0006,0.952318
65.1217,0.015162,0.0006,0.952339
65.1237,0.015162,0.0006,0.952308
65.1257,0.02506,0.0006,0.952241
65.1277,0.02506,0.0006,0.95231
65.1297,0.000514,0.0006,0.952261
65.1317,0.000514,0.0006,0.952313
65.1337,0.000514,0.0006,0.95228
65.1357,0.017765,0.0006,0.952384
65.1377,0.007747,0.0006,0.952304
65.1397,0.007747,0.0006,0.952282
65.1417,0.010394,0.0006,0.952193
65.1441,0.032298,0.0006,0.952163
65.1457,0.010338,0.0006,0.952205
65.1477,0.003687,0.0006,0.952152
65.1497,0.025009,0.0006,0.952203
65.1517,0.026813,0.0006,0.952248
65.1537,0.010254,0.0006,0.952249
65.1557,0.010254,0.0006,0.952257
65.1577,0.010254,0.0006,0.952279
65.1597,0.014175,0.0006,0.952234
65.1617,0.010212,0.0006,0.952252
65.1637,0.000279,0.0006,0.952301
65.1657,0.000279,0.0006,0.952274
65.1677,0.000279,0.0006,0.952186
65.1697,0.019433,0.0006,0.952209
65.1717,0.002899,0.0006,0.952246
65.1737,0.002899,0.0006,0.952198
65.1757,0.002899,0.0006,0.952125
65.1781,0.002899,0.0006,0.95221
65.1797,0.007487,0.0006,0.952139
65.1817,0.007487,0.0006,0.95212
65.1837,0.019497,0.0006,0.952117
65.1857,0.019497,0.0006,0.952195
65.1877,0.010221,0.0006,0.952146
65.1897,0.010221,0.0006,0.952076
65.1917,0.010221,0.0006,0.952093
65.1937,0.010221,0.0006,0.951983
65.1957,0.01219,0.0006,0.951985
65.1977,0.01219,0.0006,0.951937
65.1997,0.01219,0.0006,0.952007
65.2017,0.037272,0.0006,0.951979
65.2037,0.037272,0.0006,0.951878
65.2057,0.015052,0.0006,0.951892
65.2077,0.015052,0.0006,0.951831
65.2097,0.029883,0.0006,0.951901
65.2121,0.003054,0.0006,0.951884
65.2137,0.003054,0.0006,0.95194
65.2157,0.003054,0.0006,0.952001
65.2177,0.012281,0.0006,0.951928
65.2197,0.010444,0.0006,0.952021
65.2217,0.010444,0.0006,0.952034
65.2237,0.010444,0.0006,0.951936
65.2257,0.010444,0.0006,0.952051
65.2277,0.014941,0.0006,0.952014
65.2297,0.014941,0.0006,0.952089
65.2317,0.014941,0.0006,0.95198
65.2337,0.014941,0.0006,0.95203
65.2357,0.014941,0.0006,0.952021
65.2377,0.014941,0.0006,0.951984
65.2397,0.010357,0.0006,0.952006
65.2417,0.004752,0.0006,0.952027
65.2437,0.004752,0.0006,0.951959
65.2457,0.01955,0.0006,0.952025
65.2477,0.0288,0.0006,0.951997
65.2497,0.014983,0.0006,0.952072
65.2517,0.004771,0.0006,0.952035
65.2537,0.004771,0.0006,0.951962
65.2557,0.004771,0.0006,0.95199
65.2577,0.004771,0.0006,0.952075
65.2597,0.014836,0.0006,0.952011
65.2617,0.014836,0.0006,0.952165
65.2637,0.00018,0.0006,0.952084
65.2657,0.00018,0.0006,0.952134
65.2677,0.00018,0.0006,0.952155
65.2697,0.00018,0.0006,0.952043
65.2717,0.00018,0.0006,0.952073
65.2737,0.004826,0.0006,0.95214
65.2757,0.004826,0.0006,0.952051
65.2777,0.00287,0.0006,0.952075
65.2797,0.014908,0.0006,0.95201
65.2817,0.014908,0.0006,0.952095
65.2837,0.014908,0.0006,0.952108
65.2857,0.014908,0.0006,0.9522
65.2877,0.012228,0.0006,0.952101
65.2897,0.012228,0.0006,0.952117
65.2917,0.012228,0.0006,0.952121
65.2937,0.012228,0.0006,0.952132
65.2957,0.017716,0.0006,0.952191
65.2977,0.017716,0.0006,0.952074
65.2997,0.017716,0.0006,0.95214
65.3017,0.017716,0.0006,0.952121
65.3037,0.017632,0.0006,0.952181
65.3057,0.017632,0.0006,0.952076
65.3077,0.017632,0.0006,0.952195
65.3097,0.017632,0.0006,0.952255
65.3117,0.019575,0.0006,0.952211
65.3137,0.014906,0.0006,0.952171
65.3157,0.014906,0.0006,0.952207
65.3177,0.019522,0.0006,0.952263
65.3197,0.019522,0.0006,0.952226
65.3217,0.012249,0.0006,0.952265
65.3237,0.004896,0.0006,0.952222
65.3257,0.019562,0.0006,0.952219
65.3277,0.019562,0.0006,0.952207
65.3297,0.019526,0.0006,0.952226
65.3317,0.007609,0.0006,0.952243
65.3337,0.019546,0.0006,0.95225
65.3357,0.019546,0.0006,0.952197
65.3377,0.012226,0.0006,0.952309
65.3397,0.036912,0.0006,0.952248
65.3417,0.048905,0.0006,0.95221
65.3437,0.048905,0.0006,0.952234
65.3457,0.024132,0.0006,0.952237
65.3477,0.014885,0.0006,0.952146
65.3507,0.014885,0.0006,0.95217
65.3527,0.002889,0.0006,0.952134
65.3547,0.002889,0.0006,0.95212
65.3566,0.014952,0.0006,0.952102
65.3582,0.017643,0.0006,0.95219
65.3597,0.017643,0.0006,0.952154
65.3617,0.006515,0.0006,0.952098
65.3637,0.051564,0.0006,0.952035
65.3657,0.051564,0.0006,0.952131
65.3677,0.051564,0.0006,0.952118
65.3697,0.051564,0.0006,0.952166
65.3717,0.051564,0.0006,0.952191
65.3737,0.000145,0.0006,0.952216
65.3757,0.007533,0.0006,0.952159
65.3778,0.000165,0.0006,0.952233
65.3798,0.000165,0.0006,0.952169
65.3817,0.002876,0.0006,0.9522
65.3842,0.024788,0.0006,0.952157
65.3858,0.010181,0.0006,0.952187
65.3878,0.010181,0.0006,0.95215
65.3898,0.010181,0.0006,0.952198
65.3918,0.010181,0.0006,0.952206
65.3938,0.019454,0.0006,0.952204
65.3958,0.007536,0.0006,0.952228
65.3977,0.007536,0.0006,0.952292
65.3998,0.007536,0.0006,0.952314
65.4018,0.007536,0.0006,0.952294
65.4038,0.014205,0.0006,0.952405
65.4057,0.014205,0.0006,0.952348
65.4078,0.014205,0.0006,0.952441
65.4098,0.014205,0.0006,0.952513
65.4118,0.019406,0.0006,0.952472
65.4137,0.019406,0.0006,0.952454
65.4158,0.00288,0.0006,0.952392
65.4182,0.00288,0.0006,0.9524
65.4198,0.012206,0.0006,0.952329
65.4218,0.012206,0.0006,0.952379
65.4238,0.002949,0.0006,0.952225
65.4258,0.002949,0.0006,0.952285
65.4278,0.002949,0.0006,0.952251
65.4298,0.004916,0.0006,0.952164
65.4318,0.01772,0.0006,0.952036
65.4338,0.02504,0.0006,0.952037
65.4358,0.02504,0.0006,0.952062
65.4378,0.017698,0.0006,0.95194
65.4398,0.017698,0.0006,0.951974
65.4418,0.019633,0.0006,0.951931
65.4438,0.034556,0.0006,0.951855
65.4458,0.034556,0.0006,0.951836
65.4478,0.034556,0.0006,0.951764
65.4498,0.034556,0.0006,0.951717
65.4522,0.025432,0.0006,0.951589
65.4538,0.012287,0.0006,0.951604
65.4558,0.012287,0.0006,0.951582
65.4578,0.012287,0.0006,0.951587
65.4598,0.012287,0.0006,0.951588
65.4618,9.3e-05,0.0006,0.951487
65.4638,0.017976,0.0006,0.951576
65.4658,0.010379,0.0006,0.951569
65.4678,0.010379,0.0006,0.951567
65.4698,0.012157,0.0006,0.951595
65.4718,0.012157,0.0006,0.95161
65.4738,0.031727,0.0006,0.951637
65.4758,0.01045,0.0006,0.951641
65.4778,0.01045,0.0006,0.951661
65.4798,0.01045,0.0006,0.95166
65.4818,0.01045,0.0006,0.95167
65.4838,0.01045,0.0006,0.951651
65.4862,0.007592,0.0006,0.951776
65.4878,0.015041,0.0006,0.951869
65.4898,0.010388,0.0006,0.95196
65.4918,0.010388,0.0006,0.952113
65.4938,0.014308,0.0006,0.952201
65.4958,0.019587,0.0006,0.952409
65.4978,0.019587,0.0006,0.952434
65.4998,0.019587,0.0006,0.952652
65.5018,0.000729,0.0006,0.952839
65.5038,0.014822,0.0006,0.953085
65.5058,0.014822,0.0006,0.95336
65.5078,0.014822,0.0006,0.953609
65.5098,0.01047,0.0006,0.953987
65.5118,0.015168,0.0006,0.954296
65.5138,0.00898,0.0006,0.954715
65.5158,0.00898,0.0006,0.955178
65.5178,0.029506,0.0006,0.955638
65.5198,0.028786,0.0006,0.956128
65.5222,0.022922,0.0006,0.956678
65.5238,0.022922,0.0006,0.957395
65.5258,0.020894,0.0006,0.957806
65.5278,0.002555,0.0006,0.958395
65.5298,0.002555,0.0006,0.958978
65.5318,0.002555,0.0006,0.959446
65.5338,0.002479,0.0006,0.960117
65.5358,0.002479,0.0006,0.960607
65.5378,0.002479,0.0006,0.961078
65.5398,5.9e-05,0.0006,0.961565
65.5418,5.9e-05,0.0006,0.962112
65.5438,0.003745,0.0006,0.962545
65.5458,0.003745,0.0006,0.963052
65.5478,0.003745,0.0006,0.963499
65.5498,0.003745,0.0006,0.964103
65.5518,0.001683,0.0006,0.964441
65.5538,0.001683,0.0006,0.96486
65.5562,0.001683,0.0006,0.965353
65.5578,0.004724,0.0006,0.965771
65.5598,0.003208,0.0006,0.966166
65.5618,0.001308,0.0006,0.966649
65.5638,0.005631,0.0006,0.967032
65.5658,0.005631,0.0006,0.967474
65.5678,0.001579,0.0006,0.968006
65.5698,0.001579,0.0006,0.968423
65.5718,0.001579,0.0006,0.968824
65.5738,0.009636,0.0006,0.969305
65.5758,0.004686,0.0006,0.969705
65.5778,0.004686,0.0006,0.970174
65.5798,0.004686,0.0006,0.970602
65.5818,0.024864,0.0006,0.970973
65.5838,0.013189,0.0006,0.971388
65.5858,0.013189,0.0006,0.971769
65.5878,0.007895,0.0006,0.972301
65.5902,0.007895,0.0006,0.972691
65.5918,0.013649,0.0006,0.973382
65.5938,0.013649,0.0006,0.973765
65.5958,0.013649,0.0006,0.974295
65.5978,0.008574,0.0006,0.974831
65.5998,0.013068,0.0006,0.975308
65.6018,0.024242,0.0006,0.975762
65.6038,0.024242,0.0006,0.976315
65.6058,0.024242,0.0006,0.97677
65.6078,0.011371,0.0006,0.977259
65.6098,0.011371,0.0006,0.977713
65.6118,0.011371,0.0006,0.978076
65.6138,0.015178,0.0006,0.978479
65.6158,0.01808,0.0006,0.978906
65.6178,0.01808,0.0006,0.979285
65.6198,0.01808,0.0006,0.979761
65.6218,0.001258,0.0006,0.980113
65.6238,0.001258,0.0006,0.980553
65.6262,0.001258,0.0006,0.981054
65.6278,0.029347,0.0006,0.981541
65.6298,0.001638,0.0006,0.981813
65.6318,0.001638,0.0006,0.98221
65.6338,0.001638,0.0006,0.982533
65.6358,0.001638,0.0006,0.982943
65.6378,0.001638,0.0006,0.983117
65.6398,0.001638,0.0006,0.983609
65.6418,0.001638,0.0006,0.983827
65.6438,0.001638,0.0006,0.984191
65.6458,0.005419,0.0006,0.984543
65.6478,0.030798,0.0006,0.984775
65.6498,0.030798,0.0006,0.985235
65.6518,0.030798,0.0006,0.985568
65.6538,0.021899,0.0006,0.985788
65.6558,0.010863,0.0006,0.986103
65.6578,0.023135,0.0006,0.986427
65.6602,0.007918,0.0006,0.986853
65.6618,0.007918,0.0006,0.987109
65.6638,0.007918,0.0006,0.987368
65.6658,0.004491,0.0006,0.987654
65.6678,0.057256,0.0006,0.987873
65.6698,0.057256,0.0006,0.988083
65.6718,0.00464,0.0006,0.988314
65.6738,0.025168,0.0006,0.988587
65.6758,0.025168,0.0006,0.988767
65.6778,0.025168,0.0006,0.98906
65.6798,0.001339,0.0006,0.989217
65.6818,0.029094,0.0006,0.989444
65.6838,0.029094,0.0006,0.989633
65.6858,0.022058,0.0006,0.98987
65.6878,0.022058,0.0006,0.990028
65.6898,0.021785,0.0006,0.990273
65.6918,0.021785,0.0006,0.990436
65.6942,0.021785,0.0006,0.990745
65.6958,0.022878,0.0006,0.990995
65.6978,0.038808,0.0006,0.991177
65.6998,0.038808,0.0006,0.991368
65.7018,0.026673,0.0006,0.991724
65.7038,0.02503,0.0006,0.991968
65.7058,0.000353,0.0006,0.992248
65.7078,0.000353,0.0006,0.992434
65.7098,0.001364,0.0006,0.99274
65.7118,0.004241,0.0006,0.993055
65.7138,0.004241,0.0006,0.993315
65.7158,0.004241,0.0006,0.993555
65.7178,0.006292,0.0006,0.993837
65.7198,0.023152,0.0006,0.994056
65.7218,0.023152,0.0006,0.994269
65.7238,0.023152,0.0006,0.994612
65.7258,0.009555,0.0006,0.99481
65.7278,0.020927,0.0006,0.995053
65.7298,0.009953,0.0006,0.995405
65.7318,0.009953,0.0006,0.995675
65.7338,0.000692,0.0006,0.995994
65.7358,0.008523,0.0006,0.996327
65.7378,0.013251,0.0006,0.99654
65.7398,0.013251,0.0006,0.996817
65.7418,0.013251,0.0006,0.99718
65.7438,0.001076,0.0006,0.997528
65.7458,0.016196,0.0006,0.997759
65.7478,0.016196,0.0006,0.998048
65.7498,0.016196,0.0006,0.998398
65.7518,0.016196,0.0006,0.998732
65.7538,0.007934,0.0006,0.998873
65.7558,0.007934,0.0006,0.99912
65.7578,0.007934,0.0006,0.99945
65.7598,0.005491,0.0006,0.999743
65.7618,0.005491,0.0006,0.999988
65.7638,0.005491,0.01152,1.00019
65.7658,0.012775,0.03042,1.00051
65.7678,0.054442,0.04926,1.00082
65.7698,0.091327,0.05088,1.00085
65.7718,0.126726,0.05562,1.00093
65.7738,0.156462,0.06378,1.00106
65.7758,0.184412,0.06738,1.00112
65.7778,0.184903,0.07152,1.00119
65.7798,0.20617,0.07524,1.00125
65.7818,0.221623,0.07296,1.00122
65.7838,0.23034,0.07692,1.00128
65.7858,0.226332,0.08292,1.00138
65.7878,0.239226,0.0882,1.00147
65.7898,0.263526,0.08886,1.00148
65.7918,0.263586,0.09528,1.00159
65.7938,0.27626,0.09882,1.00165
65.7958,0.294538,0.1032,1.00172
65.7978,0.295444,0.10548,1.00176
65.8002,0.309538,0.1161,1.00194
65.8022,0.326689,0.11538,1.00192
65.8042,0.347125,0.11412,1.0019
65.8058,0.343068,0.11358,1.00189
65.8078,0.343743,0.11724,1.00195
65.8098,0.354433,0.11766,1.00196
65.8118,0.357036,0.12264,1.00204
65.8138,0.363036,0.12234,1.00204
65.8158,0.379937,0.12294,1.00205
65.8178,0.373128,0.1269,1.00212
65.8198,0.381622,0.13308,1.00222
65.8218,0.38866,0.13494,1.00225
65.8238,0.401877,0.13764,1.00229
65.8258,0.408479,0.14634,1.00244
65.8278,0.433498,0.14562,1.00243
65.8298,0.44205,0.15726,1.00262
65.8318,0.456044,0.15174,1.00253
65.8342,0.453132,0.15972,1.00266
65.8362,0.480347,0.16314,1.00272
65.8382,0.486673,0.174,1.0029
65.8398,0.506001,0.17496,1.00292
65.8418,0.515376,0.17874,1.00298
65.8438,0.527482,0.18252,1.00304
65.8458,0.536638,0.1875,1.00313
65.8478,0.5533,0.18942,1.00316
65.8498,0.568536,0.1911,1.00319
65.8518,0.55931,0.19572,1.00326
65.8538,0.580947,0.19644,1.00327
65.8558,0.594507,0.20064,1.00334
65.8578,0.602167,0.19608,1.00327
65.8598,0.591945,0.1986,1.00331
65.8618,0.588493,0.20484,1.00341
65.8638,0.605259,0.2061,1.00344
65.8658,0.619259,0.20058,1.00334
65.8678,0.611845,0.20472,1.00341
65.8702,0.613506,0.2085,1.00348
65.8722,0.621976,0.20778,1.00346
65.8742,0.63842,0.20424,1.0034
65.8762,0.622661,0.20808,1.00347
65.8782,0.635279,0.20964,1.00349
65.8802,0.636519,0.20532,1.00342
65.8822,0.62851,0.20754,1.00346
65.8842,0.629333,0.20622,1.00344
65.8858,0.624511,0.21678,1.00361
65.8878,0.646915,0.21414,1.00357
65.8898,0.646293,0.21612,1.0036
65.8918,0.658329,0.2253,1.00375
65.8938,0.664695,0.22776,1.0038
65.8958,0.677226,0.22704,1.00378
65.8978,0.685653,0.2298,1.00383
65.8998,0.682306,0.2385,1.00398
65.9018,0.707781,0.24054,1.00401
65.9038,0.717835,0.24312,1.00405
65.9058,0.738101,0.24816,1.00414
65.9078,0.736615,0.25494,1.00425
65.9098,0.770252,0.26508,1.00442
65.9118,0.777148,0.26928,1.00449
65.9138,0.801333,0.27594,1.0046
65.9158,0.816728,0.28308,1.00472
65.9178,0.837532,0.288,1.0048
65.9198,0.856614,0.29622,1.00494
65.9218,0.883823,0.29736,1.00496
65.9238,0.889624,0.3051,1.00509
65.9258,0.907754,0.30744,1.00512
65.9278,0.92759,0.31818,1.0053
65.9298,0.944139,0.3234,1.00539
65.9318,0.959759,0.3291,1.00549
65.9338,0.982816,0.33468,1.00558
65.9358,0.998593,0.33948,1.00566
65.9378,1.0097,0.33864,1.00564
65.9402,1.02593,0.3468,1.00578
65.9428,1.04226,0.35208,1.00587
65.9448,1.05561,0.35892,1.00598
65.9468,1.0681,0.35268,1.00588
65.9487,1.08003,0.363,1.00605
65.9508,1.08505,0.36348,1.00606
65.9528,1.09889,0.3678,1.00613
65.9548,1.10244,0.37128,1.00619
65.9567,1.1284,0.3762,1.00627
65.9588,1.12188,0.3723,1.00621
65.9608,1.12685,0.37638,1.00627
65.9628,1.13254,0.3801,1.00633
65.9647,1.14068,0.38142,1.00636
65.9668,1.14202,0.3873,1.00646
65.9688,1.16089,0.38826,1.00647
65.9708,1.16878,0.39084,1.00651
65.9727,1.17313,0.3951,1.00659
65.9748,1.17707,0.3885,1.00648
65.9773,1.18465,0.39516,1.00659
65.9788,1.20307,0.39612,1.0066
65.9807,1.18524,0.39864,1.00664
65.9828,1.20885,0.40284,1.00671
65.9848,1.20106,0.40482,1.00675
65.9868,1.21717,0.40566,1.00676
65.9887,1.22902,0.40248,1.00671
65.9908,1.22503,0.40542,1.00676
65.9928,1.21726,0.40938,1.00682
65.9948,1.24476,0.40482,1.00675
65.9967,1.23698,0.4146,1.00691
65.9988,1.23267,0.4074,1.00679
66.0008,1.24927,0.4104,1.00684
66.0028,1.24946,0.41052,1.00684
66.0047,1.23306,0.41748,1.00696
66.0068,1.24509,0.41496,1.00692
66.0088,1.26163,0.41922,1.00699
66.0113,1.26611,0.42048,1.00701
66.0133,1.28188,0.42576,1.0071
66.0153,1.26922,0.42306,1.00705
66.0173,1.29033,0.42366,1.00706
66.0193,1.28594,0.4302,1.00717
66.0208,1.28144,0.42102,1.00702
66.0229,1.29511,0.42552,1.00709
66.0249,1.28183,0.42798,1.00713
66.0268,1.28119,0.42288,1.00705
66.0287,1.29913,0.4266,1.00711
66.0309,1.28175,0.4254,1.00709
66.0329,1.27719,0.42756,1.00713
66.0348,1.28992,0.4245,1.00708
66.0367,1.28147,0.41622,1.00694
66.0389,1.27329,0.417,1.00695
66.0409,1.26082,0.4179,1.00697
66.0429,1.26524,0.4134,1.00689
66.0447,1.26112,0.41274,1.00688
66.0468,1.24147,0.4059,1.00677
66.0489,1.23312,0.40272,1.00671
66.0509,1.22501,0.39822,1.00664
66.0527,1.20593,0.3939,1.00657
66.0548,1.18286,0.38184,1.00636
66.0569,1.17855,0.37476,1.00625
66.0589,1.15373,0.37008,1.00617
66.0607,1.12308,0.37218,1.0062
66.0629,1.11734,0.36174,1.00603
66.0649,1.09713,0.35166,1.00586
66.0669,1.08485,0.34344,1.00572
66.0687,1.04362,0.3354,1.00559
66.0709,1.02372,0.33012,1.0055
66.0729,1.01424,0.31584,1.00526
66.0749,0.976556,0.30702,1.00512
66.0767,0.940865,0.29544,1.00492
66.0789,0.920756,0.28962,1.00483
66.0808,0.885954,0.27948,1.00466
66.0829,0.872322,0.26814,1.00447
66.0847,0.826964,0.26082,1.00435
66.0869,0.801765,0.2535,1.00423
66.0889,0.782385,0.23652,1.00394
66.0909,0.744996,0.23376,1.0039
66.0927,0.722064,0.216,1.0036
66.0949,0.678568,0.21276,1.00355
66.0969,0.658583,0.19956,1.00333
66.0989,0.627976,0.18966,1.00316
66.1007,0.597688,0.18468,1.00308
66.1029,0.577854,0.17202,1.00287
66.1049,0.527388,0.16788,1.0028
66.1069,0.521069,0.15372,1.00256
66.1087,0.492849,0.14886,1.00248
66.1109,0.463543,0.14526,1.00242
66.1129,0.441238,0.13452,1.00224
66.1149,0.419687,0.12528,1.00209
66.1167,0.395541,0.11292,1.00188
66.1189,0.370275,0.10932,1.00182
66.1209,0.34067,0.10692,1.00178
66.1229,0.326202,0.09858,1.00164
66.1247,0.308427,0.09288,1.00155
66.1269,0.291577,0.09036,1.00151
66.1289,0.285604,0.07698,1.00128
66.1309,0.249766,0.06942,1.00116
66.1327,0.221609,0.05952,1.00099
66.1349,0.196015,0.0555,1.00093
66.1369,0.189216,0.04746,1.00079
66.1389,0.175832,0.03588,1.0006
66.1407,0.121304,0.0309,1.00052
66.1429,0.105768,0.02988,1.0005
66.1449,0.100388,0.02766,1.00046
66.1469,0.095238,0.01782,1.0003
66.1493,0.077525,0.01686,1.00028
66.1519,0.057086,0.01686,0.999979
66.1539,0.019822,0.01686,0.999844
66.1559,0.007191,0.01686,0.999811
66.1579,0.000684,0.01686,0.999607
66.1599,0.013927,0.01686,0.999563
66.1619,0.013927,0.01686,0.999392
66.1639,0.013927,0.01686,0.999284
66.1659,0.013927,0.01686,0.999211
66.1679,0.013927,0.01686,0.998976
66.1699,0.006917,0.01686,0.998867
66.1719,0.001116,0.01686,0.99859
66.1739,0.001116,0.01686,0.998446
66.1759,0.001116,0.01686,0.998196
66.1779,0.001993,0.01686,0.997947
66.1799,0.007584,0.01686,0.997799
66.1819,0.007584,0.01686,0.997466
66.1843,0.007584,0.01686,0.997178
66.1859,0.003682,0.01686,0.996897
66.1879,0.014421,0.01686,0.996629
66.1899,0.014421,0.01686,0.996261
66.1919,0.014421,0.01686,0.995961
66.1939,0.014421,0.01686,0.995615
66.1959,0.020745,0.01686,0.995156
66.1979,0.000971,0.01686,0.994838
66.1999,0.000971,0.01686,0.994415
66.2019,0.000971,0.01686,0.994062
66.2039,0.018868,0.01686,0.993606
66.2059,0.009739,0.01686,0.993251
66.2079,0.009739,0.01686,0.992802
66.2099,0.009739,0.01686,0.992427
66.2119,0.004259,0.01686,0.992084
66.2139,0.017711,0.01686,0.991552
66.2159,0.017711,0.01686,0.991238
66.2179,0.017711,0.01686,0.990804
66.2199,0.017711,0.01686,0.990275
66.2219,0.030561,0.01686,0.989814
66.2239,0.021863,0.01686,0.989363
66.2259,0.021863,0.01686,0.988934
66.2279,0.001002,0.01686,0.988334
66.2299,0.038792,0.01686,0.987962
66.2319,0.038792,0.01686,0.987536
66.2339,0.038792,0.01686,0.98716
66.2359,0.019385,0.01686,0.986581
66.2379,0.029902,0.01686,0.986241
66.2399,0.029902,0.01686,0.985912
66.2419,0.004265,0.01686,0.985579
66.2439,0.037662,0.01686,0.985104
66.2459,0.000217,0.01686,0.984735
66.2479,0.000769,0.01686,0.984251
66.2503,0.000769,0.01686,0.983816
66.2519,0.024998,0.01686,0.983306
66.2539,0.028845,0.01686,0.982987
66.2559,0.028845,0.01686,0.982587
66.2579,0.000665,0.01686,0.982298
66.2599,0.016684,0.01686,0.981896
66.2619,0.042812,0.01686,0.981476
66.2639,0.042812,0.01686,0.981182
66.2659,0.042812,0.01686,0.98083
66.2679,0.042812,0.01686,0.980615
66.2699,0.019366,0.01686,0.980305
66.2719,0.006933,0.01686,0.979912
66.2739,0.006933,0.01686,0.979538
66.2759,0.006933,0.01686,0.979231
66.2779,0.018254,0.01686,0.978987
66.2799,0.018254,0.01686,0.978607
66.2819,0.018254,0.01686,0.978242
66.2843,0.018254,0.01686,0.977985
66.2859,0.018254,0.01686,0.97749
66.2879,0.018254,0.01686,0.977322
66.2899,0.018254,0.01686,0.976974
66.2919,0.018254,0.01686,0.976641
66.2939,0.017353,0.01686,0.976303
66.2959,0.017353,0.01686,0.976012
66.2979,0.017353,0.01686,0.975773
66.2999,0.017353,0.01686,0.975436
66.3019,0.023006,0.01686,0.975281
66.3039,0.001645,0.01686,0.974833
66.3059,0.001645,0.01686,0.974675
66.3079,0.006949,0.01686,0.974399
66.3099,0.005564,0.01686,0.97416
66.3119,0.005564,0.01686,0.973838
66.3139,0.000387,0.01686,0.973618
66.3159,0.018044,0.01686,0.973292
66.3179,0.000564,0.01686,0.97299
66.3199,0.000564,0.01686,0.972714
66.3219,0.003067,0.01686,0.972449
66.3239,0.003067,0.01686,0.972163
66.3259,0.003067,0.01686,0.971871
66.3279,0.008257,0.01686,0.971567
66.3299,0.00369,0.01686,0.971314
66.3319,0.007567,0.01686,0.97103
66.3339,0.007567,0.01686,0.970853
66.3359,0.007567,0.01686,0.97059
66.3379,0.004972,0.01686,0.970312
66.3399,0.005273,0.01686,0.970169
66.3419,0.000474,0.01686,0.970037
66.3439,0.001163,0.01686,0.969801
66.3459,0.011788,0.01686,0.969729
66.3479,0.011788,0.01686,0.969699
66.3499,0.011051,0.01686,0.969562
66.3523,0.001326,0.01686,0.969434
66.3539,0.004484,0.01686,0.96942
66.3559,0.003163,0.01686,0.969428
66.3579,0.008073,0.01686,0.969441
66.3599,0.004361,0.01686,0.969453
66.3613,0.005064,0.01686,0.969479
66.3629,0.001292,0.01686,0.969573
66.3647,0.003125,0.01686,0.969616
66.3669,0.001346,0.01686,0.969777
66.3689,0.003189,0.01686,0.969907
66.3709,0.004772,0.01686,0.970061
66.3727,0.000954,0.01686,0.970233
66.3749,0.011408,0.01686,0.970234
66.3769,0.004272,0.01686,0.970588
66.3789,0.003716,0.01686,0.970845
66.3807,0.011576,0.01686,0.971143
66.3829,0.011576,0.01686,0.97139
66.3853,0.002197,0.01686,0.971698
66.3869,0.018949,0.01686,0.972226
66.3887,0.015092,0.01686,0.972485
66.3909,0.002259,0.01686,0.972847
66.3929,0.00201,0.01686,0.973431
66.3949,0.009678,0.01686,0.973767
66.3967,0.003655,0.01686,0.974263
66.3989,0.003655,0.01686,0.974655
66.4009,0.002552,0.01686,0.97516
66.4029,0.027463,0.01686,0.975585
66.4047,0.019751,0.01686,0.976184
66.4069,0.004405,0.01686,0.97654
66.4089,0.004405,0.01686,0.977117
66.4109,0.007089,0.01686,0.977481
66.4127,0.036932,0.01686,0.978056
66.4149,0.007423,0.01686,0.978524
66.4169,0.007423,0.01686,0.979076
66.4189,0.001949,0.01686,0.979722
66.4213,0.010446,0.01686,0.980275
66.4229,0.010446,0.01686,0.980897
66.4249,0.004387,0.01686,0.98124
66.4269,0.006994,0.01686,0.981846
66.4287,0.006994,0.01686,0.982284
66.4309,0.024356,0.01686,0.982803
66.4329,0.020395,0.01686,0.983395
66.4349,0.033219,0.01686,0.983796
66.4367,0.033219,0.01686,0.984348
66.4389,0.033219,0.01686,0.984961
66.4409,0.012726,0.01686,0.985441
66.4429,0.034413,0.01686,0.986041
66.4447,0.034413,0.01686,0.986673
66.4469,0.005167,0.01686,0.987135
66.4489,0.028987,0.01686,0.987775
66.4509,0.028987,0.01686,0.988266
66.4527,0.028987,0.01686,0.988752
66.4549,0.028987,0.01686,0.989198
66.4569,0.028987,0.01686,0.989707
66.4589,0.028987,0.01686,0.990239
66.4607,0.011313,0.01686,0.990674
66.4629,0.002006,0.01686,0.991131
66.4649,0.002006,0.01686,0.991585
66.4669,0.006018,0.01686,0.99219
66.4687,0.015588,0.01686,0.99261
66.4709,0.005706,0.01686,0.993002
66.4729,0.002272,0.01686,0.99353
66.4749,0.018175,0.01686,0.993971
66.4768,0.018175,0.01686,0.994325
66.4783,0.004816,0.01686,0.994774
66.4799,0.004816,0.01686,0.995039
66.4819,0.004816,0.01686,0.995366
66.4839,0.021944,0.01686,0.995749
66.4859,0.004518,0.01686,0.996234
66.4879,0.004518,0.01686,0.996532
66.4903,0.004518,0.01686,0.996965
66.4919,0.011993,0.01686,0.997499
66.4939,0.004068,0.01686,0.997851
66.4959,0.004068,0.01686,0.998202
66.4979,0.006574,0.01686,0.998626
66.4999,0.008823,0.01686,0.999155
66.5019,0.008823,0.01686,0.99945
66.5039,0.008823,0.01686,0.999891
66.5059,0.006186,0.01626,1.00027
66.5079,0.017866,0.04494,1.00075
66.5099,0.081383,0.07014,1.00117
66.5119,0.145963,0.09372,1.00156
66.5139,0.217814,0.11004,1.00183
66.5159,0.281806,0.12156,1.00203
66.5179,0.335391,0.12894,1.00215
66.5199,0.375491,0.14166,1.00236
66.5219,0.401484,0.14394,1.0024
66.5243,0.426764,0.15534,1.00259
66.5263,0.45173,0.17196,1.00287
66.5283,0.497367,0.1863,1.00311
66.5303,0.531797,0.1968,1.00328
66.5323,0.562795,0.20448,1.00341
66.5349,0.598605,0.21582,1.0036
66.5369,0.62661,0.23226,1.00387
66.5389,0.677976,0.2382,1.00397
66.5408,0.70035,0.24492,1.00408
66.5429,0.721514,0.24678,1.00411
66.5449,0.730712,0.25734,1.00429
66.5469,0.757304,0.25494,1.00425
66.5488,0.773387,0.26214,1.00437
66.5509,0.791299,0.26436,1.00441
66.5529,0.793783,0.27174,1.00453
66.5549,0.807749,0.27666,1.00461
66.5568,0.820178,0.27894,1.00465
66.5589,0.829771,0.27864,1.00464
66.5613,0.841847,0.2886,1.00481
66.5633,0.862567,0.29292,1.00488
66.5654,0.872595,0.28992,1.00483
66.5679,0.880507,0.30252,1.00504
66.5699,0.892335,0.30084,1.00501
66.5719,0.899062,0.29826,1.00497
66.5739,0.905239,0.29904,1.00498
66.5759,0.894363,0.30618,1.0051
66.5779,0.931324,0.30294,1.00505
66.5799,0.914946,0.30894,1.00515
66.5819,0.93459,0.3126,1.00521
66.5839,0.940832,0.31902,1.00532
66.5859,0.948076,0.3225,1.00538
66.5879,0.954388,0.32706,1.00545
66.5899,0.971549,0.33132,1.00552
66.5919,0.984031,0.3318,1.00553
66.5939,0.998613,0.33786,1.00563
66.5964,1.00895,0.3429,1.00572
66.5989,1.03717,0.34464,1.00574
66.6009,1.04695,0.35244,1.00587
66.6029,1.04739,0.35454,1.00591
66.6048,1.06039,0.35922,1.00599
66.6069,1.07743,0.36636,1.00611
66.6089,1.10152,0.37164,1.00619
66.6109,1.10735,0.3723,1.00621
66.6128,1.12159,0.38106,1.00635
66.6149,1.14178,0.38316,1.00639
66.6169,1.15004,0.38604,1.00643
66.6189,1.17306,0.38778,1.00646
66.6208,1.16215,0.39462,1.00658
66.6229,1.19301,0.39294,1.00655
66.6249,1.18935,0.40476,1.00675
66.6269,1.20163,0.40686,1.00678
66.6288,1.22993,0.41532,1.00692
66.6309,1.25404,0.41946,1.00699
66.6334,1.24553,0.42294,1.00705
66.6354,1.2666,0.4284,1.00714
66.6374,1.27817,0.42912,1.00715
66.6394,1.27986,0.43398,1.00723
66.6414,1.30316,0.43368,1.00723
66.6434,1.2861,0.44196,1.00737
66.6454,1.32271,0.4467,1.00745
66.6479,1.33674,0.44988,1.0075
66.6499,1.33944,0.45762,1.00763
66.6519,1.36643,0.46182,1.0077
66.6539,1.37299,0.46614,1.00777
66.6559,1.38412,0.46548,1.00776
66.6579,1.41927,0.47538,1.00792
66.6599,1.41807,0.47604,1.00793
66.6619,1.44447,0.4818,1.00803
66.6639,1.45314,0.47784,1.00796
66.6659,1.45205,0.48414,1.00807
66.6679,1.44178,0.48534,1.00809
66.6699,1.48497,0.49116,1.00819
66.6719,1.45504,0.49188,1.0082
66.6739,1.47099,0.49746,1.00829
66.6759,1.51621,0.4974,1.00829
66.6779,1.50026,0.5,1.00835
66.6799,1.48186,0.49812,1.0083
66.6819,1.49291,0.5,1.00837
66.6839,1.4916,0.5,1.00836
66.6859,1.51753,0.5,1.00843
66.688,1.51042,0.5,1.00855
66.6899,1.49264,0.5,1.00852
66.6919,1.50767,0.5,1.00855
66.6939,1.49378,0.5,1.00853
66.696,1.48459,0.5,1.00863
66.698,1.52056,0.5,1.0088
66.7,1.49901,0.5,1.00872
66.7019,1.50968,0.5,1.00888
66.7044,1.49242,0.5,1.00883
66.7064,1.49766,0.5,1.00893
66.7084,1.50547,0.5,1.00897
66.711,1.48838,0.5,1.00906
66.7129,1.48971,0.5,1.00915
66.715,1.51384,0.5,1.00912
66.7168,1.49717,0.5,1.00916
66.719,1.48507,0.5,1.00913
66.7209,1.51441,0.5,1.00921
66.723,1.49425,0.5,1.0092
66.7248,1.49579,0.5,1.00925
66.727,1.50155,0.5,1.00922
66.7289,1.49421,0.5,1.0092
66.731,1.48545,0.5,1.0092
66.7328,1.46951,0.5,1.00914
66.735,1.48336,0.5,1.00894
66.7369,1.51168,0.5,1.00892
66.739,1.48671,0.5,1.00878
66.7414,1.4955,0.5,1.00876
66.744,1.49479,0.5,1.00861
66.746,1.50143,0.5,1.00841
66.748,1.50053,0.49014,1.00817
66.75,1.48782,0.48306,1.00805
66.752,1.4724,0.46968,1.00783
66.754,1.43119,0.45684,1.00761
66.756,1.40862,0.44484,1.00741
66.758,1.36598,0.43032,1.00717
66.76,1.32208,0.42516,1.00709
66.762,1.3102,0.40974,1.00683
66.764,1.26966,0.39906,1.00665
66.766,1.23784,0.39216,1.00654
66.768,1.20536,0.3795,1.00633
66.77,1.17902,0.3723,1.00621
66.772,1.13713,0.36144,1.00602
66.774,1.11246,0.3468,1.00578
66.7764,1.05995,0.34062,1.00568
66.7784,1.03788,0.32406,1.0054
66.7804,1.01014,0.31266,1.00521
66.7824,0.975505,0.30288,1.00505
66.7844,0.946796,0.29148,1.00486
66.7864,0.902616,0.27918,1.00465
66.7884,0.870325,0.26928,1.00449
66.7904,0.84793,0.25488,1.00425
66.7924,0.790283,0.24546,1.00409
66.7944,0.767951,0.23082,1.00385
66.7964,0.721935,0.22692,1.00378
66.7984,0.701502,0.21618,1.0036
66.8,0.676542,0.20646,1.00344
66.802,0.642134,0.20268,1.00338
66.804,0.629516,0.1923,1.00321
66.806,0.606679,0.18204,1.00303
66.808,0.57168,0.1746,1.00291
66.8104,0.539334,0.1632,1.00272
66.8124,0.520633,0.16176,1.0027
66.814,0.49678,0.15036,1.00251
66.816,0.476455,0.14916,1.00249
66.818,0.45567,0.13782,1.0023
66.82,0.433268,0.13338,1.00222
66.822,0.410206,0.13278,1.00221
66.824,0.406969,0.12048,1.00201
66.826,0.379707,0.12,1.002
66.828,0.373697,0.11406,1.0019
66.83,0.364194,0.1026,1.00171
66.832,0.331626,0.09576,1.0016
66.834,0.306729,0.09882,1.00165
66.836,0.292816,0.09342,1.00156
66.838,0.287116,0.07818,1.0013
66.84,0.254979,0.07542,1.00126
66.842,0.239915,0.07644,1.00127
66.844,0.237838,0.06402,1.00107
66.846,0.225735,0.06216,1.00104
66.848,0.203105,0.05958,1.00099
66.85,0.177352,0.05478,1.00091
66.852,0.165905,0.0432,1.00072
66.854,0.151821,0.03858,1.00064
66.856,0.120727,0.03216,1.00054
66.858,0.110461,0.02172,1.00036
66.86,0.095244,0.01674,1.00028
66.862,0.069779,0.01218,1.0002
66.864,0.052933,0.01344,1.00022
66.866,0.036467,0.00732,1.00012
66.868,0.024684,0.00282,1.00005
66.87,0.006576,0.00282,0.999848
66.872,0.006576,0.00282,0.999633
66.874,0.006576,0.00282,0.999593
66.876,0.011062,0.00282,0.999427
66.878,0.011062,0.00282,0.999292
66.88,0.011062,0.00282,0.999097
66.882,0.003843,0.00282,0.998886
66.884,0.000846,0.00282,0.998696
66.886,0.005864,0.00282,0.998422
66.888,0.005864,0.00282,0.998176
66.89,0.021486,0.00282,0.997902
66.892,0.021486,0.00282,0.997564
66.894,0.01125,0.00282,0.997238
66.896,0.011699,0.00282,0.997101
66.898,0.011699,0.00282,0.996731
66.9,0.011699,0.00282,0.996402
66.902,0.004733,0.00282,0.996165
66.904,0.001938,0.00282,0.995914
66.906,0.001938,0.00282,0.995661
66.908,0.001938,0.00282,0.995289
66.91,0.001938,0.00282,0.994956
66.9124,0.009347,0.00282,0.994655
66.914,0.009347,0.00282,0.994299
66.916,0.046798,0.00282,0.993991
66.918,0.000959,0.00282,0.993701
66.92,0.002391,0.00282,0.993378
66.922,0.020233,0.00282,0.993117
66.924,0.020233,0.00282,0.992676
66.926,0.021136,0.00282,0.992355
66.928,0.011272,0.00282,0.992054
66.93,0.011272,0.00282,0.991656
66.932,0.011272,0.00282,0.99128
66.9343,0.011272,0.00282,0.991009
66.936,0.028481,0.00282,0.990486
66.938,0.028481,0.00282,0.990111
66.94,0.028481,0.00282,0.989724
66.942,0.028481,0.00282,0.989361
66.9444,0.028481,0.00282,0.988987
66.946,0.028481,0.00282,0.988546
66.948,0.032139,0.00282,0.988191
66.95,0.010152,0.00282,0.98792
66.952,0.010152,0.00282,0.987479
66.954,0.029774,0.00282,0.987134
66.956,0.020979,0.00282,0.986775
66.958,0.022186,0.00282,0.98652
66.96,0.024194,0.00282,0.986091
66.962,0.024194,0.00282,0.98584
66.964,0.024194,0.00282,0.985457
66.9663,0.013941,0.00282,0.985111
66.968,0.013941,0.00282,0.98465
66.97,0.029522,0.00282,0.984339
66.972,0.029522,0.00282,0.984056
66.974,0.036662,0.00282,0.983644
66.976,0.036662,0.00282,0.983323
66.9784,0.008741,0.00282,0.982932
66.98,0.036577,0.00282,0.982629
66.982,0.036577,0.00282,0.982352
66.984,0.036577,0.00282,0.981946
66.9864,0.007936,0.00282,0.981766
66.988,0.004899,0.00282,0.981345
66.9904,0.004899,0.00282,0.981129
66.992,0.004899,0.00282,0.980805
66.994,0.000405,0.00282,0.98069
66.996,0.020506,0.00282,0.980475
66.998,0.022426,0.00282,0.980244
67,0.022426,0.00282,0.980066
67.002,0.017472,0.00282,0.979701
67.004,0.017472,0.00282,0.979483
67.006,0.016991,0.00282,0.97931
67.008,0.016588,0.00282,0.97911
67.01,0.032021,0.00282,0.978885
67.0124,0.006702,0.00282,0.978732
67.015,0.006702,0.00282,0.978509
67.017,0.006702,0.00282,0.978196
67.019,0.024803,0.00282,0.978109
67.0208,0.024803,0.00282,0.977937
67.0224,0.024803,0.00282,0.977842
67.024,0.024803,0.00282,0.977796
67.026,0.024803,0.00282,0.977651
67.028,0.011935,0.00282,0.977543
67.03,0.011935,0.00282,0.97735
67.032,0.011935,0.00282,0.977388
67.034,0.007092,0.00282,0.977254
67.036,0.000172,0.00282,0.977177
67.038,0.007112,0.00282,0.977031
67.04,0.007112,0.00282,0.97706
67.042,0.00485,0.00282,0.977
67.044,0.014075,0.00282,0.976984
67.046,0.014075,0.00282,0.977033
67.048,0.014075,0.00282,0.977034
67.05,0.011735,0.00282,0.977069
67.052,0.042037,0.00282,0.977012
67.054,0.042037,0.00282,0.977093
67.056,0.042037,0.00282,0.977139
67.058,0.042037,0.00282,0.977172
67.06,0.054068,0.00282,0.977186
67.062,0.004746,0.00282,0.977319
67.064,0.004746,0.00282,0.977378
67.066,0.026365,0.00282,0.977516
67.068,0.002183,0.00282,0.977576
67.07,0.002108,0.00282,0.977602
67.072,0.002108,0.00282,0.977754
67.074,0.002108,0.00282,0.977852
67.076,0.027444,0.00282,0.977968
67.078,0.027444,0.00282,0.978164
67.0804,0.027444,0.00282,0.978324
67.082,0.025332,0.00282,0.978432
67.084,0.025332,0.00282,0.978556
67.086,0.00769,0.00282,0.978773
67.088,0.00769,0.00282,0.978978
67.09,0.018458,0.00282,0.979158
67.092,0.024747,0.00282,0.97931
67.094,0.016893,0.00282,0.979479
67.096,0.016893,0.00282,0.979785
67.098,0.007914,0.00282,0.979993
67.1,0.018026,0.00282,0.980256
67.102,0.018026,0.00282,0.980281
67.104,0.004617,0.00282,0.98052
67.106,0.005528,0.00282,0.980714
67.108,0.030961,0.00282,0.9808
67.11,0.030961,0.00282,0.98105
67.112,0.030961,0.00282,0.981187
67.114,0.004384,0.00282,0.981364
67.1164,0.004384,0.00282,0.98149
67.118,0.004384,0.00282,0.98165
67.1194,0.00437,0.00282,0.981774
67.121,0.008183,0.00282,0.981955
67.1224,0.011397,0.00282,0.982055
67.124,0.027786,0.00282,0.982154
67.1254,0.032612,0.00282,0.982331
67.128,0.03278,0.00282,0.982474
67.1294,0.03278,0.00282,0.982563
67.131,0.03278,0.00282,0.982634
67.1324,0.03278,0.00282,0.982828
67.134,0.03278,0.00282,0.982959
67.1354,0.03278,0.00282,0.983065
67.137,0.03278,0.00282,0.983136
67.1384,0.03278,0.00282,0.983248
67.14,0.03278,0.00282,0.983499
67.1414,0.03278,0.00282,0.983577
67.1444,0.012548,0.00282,0.983714
67.146,0.028586,0.00282,0.984017
67.1474,0.0451,0.00282,0.984064
67.1488,0.041468,0.00282,0.984303
67.151,0.01142,0.00282,0.984539
67.153,0.01142,0.00282,0.984722
67.1544,0.003955,0.00282,0.984909
67.156,0.003955,0.00282,0.985116
67.1574,0.003955,0.00282,0.985318
67.159,0.003955,0.00282,0.985487
67.1604,0.009445,0.00282,0.985727
67.162,0.033997,0.00282,0.985952
67.1634,0.033997,0.00282,0.986124
67.1649,0.033997,0.00282,0.986344
67.1664,0.014255,0.00282,0.986565
67.168,0.014255,0.00282,0.986767
67.1694,0.014255,0.00282,0.987032
67.1714,0.009239,0.00282,0.987288
67.1729,0.006107,0.00282,0.987619
67.175,0.007872,0.00282,0.987753
67.1764,0.021685,0.00282,0.988093
67.178,0.026807,0.00282,0.98829
67.18,0.026807,0.00282,0.988546
67.182,0.026202,0.00282,0.988786
67.184,0.014342,0.00282,0.989089
67.186,0.014342,0.00282,0.989399
67.188,0.014342,0.00282,0.989804
67.19,0.034196,0.00282,0.990086
67.192,0.016239,0.00282,0.990278
67.194,0.013209,0.00282,0.990702
67.196,0.013209,0.00282,0.990978
67.198,0.002078,0.00282,0.991288
67.2,0.02904,0.00282,0.991601
67.202,0.02904,0.00282,0.991884
67.204,0.007233,0.00282,0.992228
67.206,0.010342,0.00282,0.992541
67.208,0.010342,0.00282,0.992857
67.21,0.010342,0.00282,0.993161
67.212,0.005035,0.00282,0.993486
67.214,0.001216,0.00282,0.993743
67.216,0.001216,0.00282,0.994047
67.218,0.001216,0.00282,0.994227
67.22,0.026029,0.00282,0.994573
67.222,0.026029,0.00282,0.994876
67.224,0.026029,0.00282,0.995029
67.226,0.026029,0.00282,0.995306
67.228,0.000518,0.00282,0.995592
67.23,0.007101,0.00282,0.995908
67.232,0.007101,0.00282,0.99617
67.234,0.000824,0.00282,0.996458
67.236,0.000824,0.00282,0.996723
67.238,0.000824,0.00282,0.996976
67.2407,0.000824,0.00282,0.99717
67.2425,0.000824,0.00282,0.997591
67.2445,0.016642,0.00282,0.997943
67.2465,0.016642,0.00282,0.998089
67.2484,0.000843,0.00282,0.998392
67.2501,0.000843,0.00282,0.998674
67.2521,0.000843,0.00282,0.998913
67.254,0.000843,0.00282,0.999165
67.256,0.000843,0.00282,0.999517
67.258,0.000843,0.00282,0.999701
67.26,0.011106,0.00282,0.999933
67.262,0.000892,0.01938,1.00032
67.264,0.023819,0.04128,1.00069
67.266,0.080961,0.06588,1.0011
67.268,0.144452,0.07956,1.00133
67.27,0.192304,0.09738,1.00162
67.272,0.252056,0.10548,1.00176
67.2744,0.298447,0.11658,1.00194
67.2765,0.32997,0.12486,1.00208
67.2785,0.364112,0.1404,1.00234
67.2805,0.395204,0.14634,1.00244
67.2825,0.43313,0.1608,1.00268
67.2845,0.462266,0.16236,1.00271
67.287,0.474317,0.17742,1.00296
67.289,0.512143,0.19728,1.00329
67.291,0.551532,0.19986,1.00333
67.2929,0.589134,0.21624,1.0036
67.295,0.616939,0.21786,1.00363
67.297,0.637687,0.22494,1.00375
67.299,0.659017,0.2295,1.00382
67.3009,0.681765,0.23058,1.00384
67.303,0.691342,0.23712,1.00395
67.305,0.709262,0.24072,1.00401
67.307,0.7281,0.24552,1.00409
67.3089,0.730668,0.24876,1.00415
67.3115,0.731418,0.2595,1.00433
67.3135,0.749307,0.27162,1.00453
67.3155,0.798047,0.2673,1.00446
67.3175,0.805893,0.27366,1.00456
67.32,0.817466,0.2769,1.00462
67.322,0.83508,0.27786,1.00463
67.324,0.839269,0.2856,1.00476
67.326,0.848172,0.2802,1.00467
67.328,0.852679,0.28404,1.00473
67.33,0.852672,0.28038,1.00467
67.332,0.847011,0.28368,1.00473
67.334,0.86029,0.28656,1.00478
67.336,0.858544,0.28866,1.00481
67.338,0.871292,0.28872,1.00481
67.34,0.869058,0.29232,1.00487
67.342,0.874541,0.2985,1.00498
67.344,0.894373,0.30216,1.00504
67.346,0.898015,0.3039,1.00507
67.3485,0.914435,0.3057,1.0051
67.3511,0.914341,0.30006,1.005
67.3531,0.914793,0.30534,1.00509
67.3551,0.923123,0.30228,1.00504
67.3569,0.915931,0.30066,1.00501
67.3591,0.913796,0.30684,1.00511
67.3611,0.91939,0.30678,1.00511
67.363,0.923371,0.30372,1.00506
67.3649,0.917292,0.30366,1.00506
67.367,0.922368,0.30642,1.00511
67.3691,0.928232,0.3054,1.00509
67.371,0.917637,0.2994,1.00499
67.3729,0.920428,0.2976,1.00496
67.375,0.902262,0.29352,1.00489
67.3771,0.890942,0.29448,1.00491
67.3791,0.891995,0.2877,1.0048
67.3809,0.890645,0.288,1.0048
67.3835,0.868403,0.28452,1.00474
67.3855,0.865767,0.27798,1.00463
67.3875,0.848559,0.27492,1.00458
67.3895,0.841465,0.26994,1.0045
67.3915,0.824665,0.26346,1.00439
67.3935,0.820256,0.26208,1.00437
67.3955,0.794365,0.25464,1.00424
67.3975,0.781949,0.25572,1.00426
67.4001,0.771777,0.24774,1.00413
67.4021,0.758624,0.24882,1.00415
67.4041,0.757754,0.23544,1.00392
67.4061,0.727834,0.23664,1.00394
67.4081,0.721311,0.22908,1.00382
67.4101,0.693642,0.219,1.00365
67.4121,0.686246,0.21582,1.0036
67.4141,0.661362,0.2139,1.00357
67.4161,0.658896,0.20784,1.00346
67.4185,0.637603,0.20454,1.00341
67.4205,0.617893,0.1944,1.00324
67.4225,0.603732,0.19074,1.00318
67.4245,0.588412,0.1878,1.00313
67.4265,0.577787,0.18318,1.00305
67.4285,0.556767,0.17508,1.00292
67.4311,0.544253,0.16944,1.00282
67.4331,0.51585,0.16302,1.00272
67.4351,0.499732,0.15084,1.00251
67.4369,0.482753,0.15426,1.00257
67.4391,0.466866,0.14736,1.00246
67.4411,0.443711,0.14316,1.00239
67.4431,0.441618,0.13512,1.00225
67.4449,0.421058,0.13368,1.00223
67.4471,0.406426,0.12402,1.00207
67.4491,0.392835,0.11664,1.00194
67.4511,0.367587,0.10884,1.00181
67.4535,0.343693,0.09798,1.00163
67.4555,0.313226,0.08838,1.00147
67.4575,0.299225,0.087,1.00145
67.4595,0.261849,0.0825,1.00138
67.4615,0.258593,0.07572,1.00126
67.4641,0.246698,0.06672,1.00111
67.4661,0.212352,0.0576,1.00096
67.4681,0.18922,0.05736,1.00096
67.4701,0.177266,0.05022,1.00084
67.4721,0.158984,0.03834,1.00064
67.4741,0.146202,0.02646,1.00044
67.4761,0.104217,0.024,1.0004
67.4781,0.079535,0.02082,1.00035
67.4801,0.079704,0.00762,1.00013
67.4821,0.040993,0.00396,1.00007
67.4841,0.029902,0.00396,0.99993
67.4861,0.029902,0.00396,0.999786
67.4885,0.000594,0.00396,0.99975
67.4901,0.007994,0.00396,0.99959
67.4921,0.007994,0.00396,0.999451
67.4941,0.01272,0.00396,0.999284
67.4961,0.004588,0.00396,0.999065
67.4981,0.004588,0.00396,0.998917
67.5001,0.004588,0.00396,0.998623
67.5021,0.004588,0.00396,0.998402
67.5041,0.004588,0.00396,0.998182
67.5061,0.004588,0.00396,0.998033
67.5081,0.003935,0.00396,0.997712
67.5101,0.009056,0.00396,0.997504
67.5121,0.009056,0.00396,0.99725
67.5141,0.006853,0.00396,0.997007
67.5161,0.014504,0.00396,0.996852
67.5181,0.020818,0.00396,0.996559
67.5201,0.020818,0.00396,0.996321
67.5225,0.006902,0.00396,0.996044
67.5245,0.025908,0.00396,0.995871
67.5261,0.000489,0.00396,0.995509
67.5281,0.012359,0.00396,0.995389
67.5301,0.012359,0.00396,0.995097
67.5321,0.012359,0.00396,0.994888
67.5341,0.012359,0.00396,0.994717
67.5361,0.018858,0.00396,0.994465
67.5381,0.018858,0.00396,0.994194
67.5401,0.023833,0.00396,0.994072
67.5421,0.023833,0.00396,0.993683
67.5441,0.023833,0.00396,0.993496
67.5461,0.03878,0.00396,0.993323
67.5481,0.03878,0.00396,0.993088
67.5501,0.03878,0.00396,0.992885
67.5521,0.013884,0.00396,0.992741
67.5541,0.013884,0.00396,0.992536
67.5565,0.013884,0.00396,0.992315
67.5581,0.013078,0.00396,0.992197
67.5601,0.013078,0.00396,0.992075
67.5621,0.014137,0.00396,0.99174
67.5641,0.014137,0.00396,0.99168
67.5661,0.068556,0.00396,0.991427
67.5681,0.021868,0.00396,0.9913
67.5701,0.021868,0.00396,0.991096
67.5721,0.021868,0.00396,0.991024
67.5741,0.021868,0.00396,0.99082
67.5761,0.021868,0.00396,0.990723
67.5781,0.021868,0.00396,0.990644
67.5801,0.01622,0.00396,0.990474
67.5821,0.020513,0.00396,0.990467
67.5841,0.020513,0.00396,0.990382
67.5861,0.0015,0.00396,0.990252
67.5881,0.0015,0.00396,0.990245
67.5905,0.002566,0.00396,0.990232
67.5925,0.002566,0.00396,0.990094
67.5941,0.017242,0.00396,0.990179
67.5961,0.017242,0.00396,0.990114
67.5981,0.021,0.00396,0.990148
67.6001,0.024752,0.00396,0.990156
67.6021,0.024752,0.00396,0.990225
67.6041,0.002535,0.00396,0.990189
67.6061,0.021012,0.00396,0.990253
67.6081,0.050488,0.00396,0.990255
67.6101,0.016497,0.00396,0.990275
67.6121,0.016497,0.00396,0.990333
67.6141,0.032228,0.00396,0.990288
67.6161,0.046785,0.00396,0.990319
67.6181,0.021,0.00396,0.990321
67.6201,0.021,0.00396,0.990484
67.6221,0.019939,0.00396,0.990472
67.6245,0.019939,0.00396,0.990502
67.6261,0.016376,0.00396,0.990612
67.6281,0.016376,0.00396,0.990672
67.6301,0.008463,0.00396,0.99072
67.6321,0.013522,0.00396,0.990743
67.6341,0.033289,0.00396,0.990771
67.6361,0.033289,0.00396,0.990906
67.6381,0.020933,0.00396,0.990933
67.6401,0.048516,0.00396,0.990979
67.6421,0.011769,0.00396,0.991084
67.6441,0.011769,0.00396,0.991162
67.6461,0.026728,0.00396,0.991222
67.6481,0.011643,0.00396,0.991362
67.6501,0.011643,0.00396,0.991377
67.6521,0.011643,0.00396,0.99152
67.6541,0.017374,0.00396,0.991669
67.6561,0.029647,0.00396,0.991659
67.6585,0.029647,0.00396,0.991794
67.6601,0.002413,0.00396,0.991938
67.6621,0.014621,0.00396,0.992101
67.6641,0.020996,0.00396,0.992219
67.6661,0.020996,0.00396,0.992482
67.6681,0.020996,0.00396,0.992589
67.6701,0.005568,0.00396,0.992798
67.6721,0.022318,0.00396,0.992968
67.6741,0.000522,0.00396,0.993129
67.6761,0.000522,0.00396,0.993393
67.6781,0.000522,0.00396,0.993622
67.6801,0.018986,0.00396,0.993786
67.6821,0.018986,0.00396,0.993967
67.6841,0.018986,0.00396,0.994182
67.6861,0.009403,0.00396,0.994326
67.6881,0.013675,0.00396,0.994576
67.6901,0.021308,0.00396,0.994716
67.6921,0.001104,0.00396,0.994923
67.6945,0.001104,0.00396,0.995062
67.6961,0.001089,0.00396,0.995448
67.6981,0.008494,0.00396,0.995543
67.7001,0.008494,0.00396,0.995761
67.7021,0.000605,0.00396,0.995965
67.7041,0.000605,0.00396,0.996171
67.7061,0.000605,0.00396,0.996407
67.7081,0.018684,0.00396,0.996567
67.7101,0.018684,0.00396,0.996692
67.7121,0.018684,0.00396,0.997003
67.7141,0.018684,0.00396,0.997179
67.7161,0.007717,0.00396,0.997308
67.7181,0.000996,0.00396,0.997716
67.7201,0.000996,0.00396,0.997882
67.7221,0.000996,0.00396,0.998101
67.7241,0.006019,0.00396,0.998378
67.7261,0.006019,0.00396,0.998697
67.7285,0.011215,0.00396,0.998759
67.7305,0.011215,0.00396,0.99901
67.7325,0.011215,0.00396,0.999329
67.7345,0.011215,0.00396,0.999435
67.7365,0.006357,0.00396,0.999734
67.7385,0.006357,0.00396,0.999918
67.7405,0.006357,0.00804,1.00013
67.7425,0.003106,0.02172,1.00036
67.7445,0.045811,0.03648,1.00061
67.7465,0.070653,0.04638,1.00077
67.7485,0.108014,0.05646,1.00094
67.7505,0.138127,0.0663,1.00111
67.7525,0.173736,0.069,1.00115
67.7545,0.198134,0.06822,1.00114
67.7565,0.196368,0.07224,1.0012
67.7585,0.21109,0.07992,1.00133
67.7605,0.239734,0.08418,1.0014
67.7625,0.245814,0.09564,1.00159
67.7645,0.28164,0.10044,1.00167
67.7665,0.283731,0.11094,1.00185
67.7685,0.306767,0.11616,1.00194
67.7705,0.339184,0.1239,1.00206
67.7725,0.355757,0.12714,1.00212
67.7745,0.363971,0.13764,1.00229
67.7765,0.403903,0.1386,1.00231
67.7785,0.413678,0.1452,1.00242
67.7805,0.425435,0.14952,1.00249
67.7825,0.446477,0.1578,1.00263
67.7845,0.461758,0.15834,1.00264
67.7865,0.472484,0.1608,1.00268
67.7885,0.477875,0.16614,1.00277
67.7905,0.489546,0.16866,1.00281
67.7925,0.504563,0.17436,1.00291
67.7945,0.5153,0.1785,1.00298
67.7965,0.530452,0.18432,1.00307
67.7985,0.541311,0.18672,1.00311
67.8005,0.556348,0.19146,1.00319
67.8025,0.571457,0.18996,1.00317
67.8045,0.568713,0.19278,1.00321
67.8065,0.581295,0.19404,1.00323
67.8085,0.58546,0.1998,1.00333
67.8105,0.594898,0.19704,1.00328
67.8125,0.598562,0.20358,1.00339
67.8145,0.604925,0.21024,1.0035
67.8165,0.618083,0.21456,1.00358
67.8185,0.633701,0.2157,1.0036
67.8205,0.647305,0.22206,1.0037
67.8225,0.653116,0.22566,1.00376
67.8245,0.67202,0.22764,1.00379
67.8265,0.680129,0.22482,1.00375
67.8285,0.683716,0.2337,1.00389
67.8305,0.690249,0.23376,1.0039
67.8325,0.696875,0.23634,1.00394
67.8351,0.713452,0.23226,1.00387
67.837,0.707828,0.2376,1.00396
67.8391,0.71491,0.24084,1.00401
67.8411,0.726716,0.23418,1.0039
67.8431,0.720987,0.24222,1.00404
67.845,0.71834,0.23994,1.004
67.8471,0.723491,0.23748,1.00396
67.8491,0.72236,0.23658,1.00394
67.8511,0.713789,0.22962,1.00383
67.853,0.703376,0.23172,1.00386
67.8551,0.700513,0.22614,1.00377
67.8571,0.688237,0.23304,1.00388
67.8591,0.695576,0.2253,1.00375
67.861,0.682754,0.21924,1.00365
67.8631,0.670231,0.21204,1.00353
67.8651,0.646361,0.21078,1.00351
67.8671,0.645477,0.2067,1.00345
67.8695,0.628383,0.20418,1.0034
67.8715,0.623435,0.1977,1.0033
67.8735,0.612864,0.18822,1.00314
67.8755,0.580771,0.1845,1.00308
67.8775,0.56865,0.17814,1.00297
67.8801,0.551228,0.17022,1.00284
67.8821,0.533592,0.16392,1.00273
67.8841,0.505416,0.15132,1.00252
67.8861,0.476665,0.14856,1.00248
67.8881,0.469742,0.14736,1.00246
67.8901,0.449021,0.14502,1.00242
67.8921,0.445065,0.13548,1.00226
67.8941,0.427968,0.13362,1.00223
67.8961,0.409104,0.12618,1.0021
67.8981,0.394757,0.11814,1.00197
67.9001,0.375571,0.11202,1.00187
67.9021,0.354939,0.11034,1.00184
67.9045,0.337565,0.10302,1.00172
67.9065,0.323455,0.08574,1.00143
67.9085,0.282908,0.0867,1.00145
67.9111,0.263602,0.07404,1.00123
67.9131,0.25399,0.07104,1.00118
67.9151,0.219703,0.06462,1.00108
67.917,0.205463,0.06228,1.00104
67.9191,0.203254,0.05592,1.00093
67.9211,0.170466,0.04044,1.00067
67.9231,0.138106,0.03384,1.00056
67.925,0.128016,0.03048,1.00051
67.9271,0.10395,0.02382,1.0004
67.9291,0.082345,0.01782,1.0003
67.9311,0.067067,0.00978,1.00016
67.933,0.044544,0.00978,0.999973
67.9351,0.012788,0.00978,0.999878
67.9365,0.015419,0.00978,0.999774
67.9385,0.015419,0.00978,0.999625
67.9401,0.003684,0.00978,0.999497
67.9421,0.003684,0.00978,0.999357
67.9441,0.003684,0.00978,0.999067
67.9461,0.003684,0.00978,0.998844
67.9481,0.004361,0.00978,0.998528
67.9501,0.004361,0.00978,0.99833
67.9521,0.004361,0.00978,0.99803
67.9541,0.01246,0.00978,0.997588
67.9561,0.01246,0.00978,0.997338
67.9581,0.005377,0.00978,0.996946
67.9601,0.010791,0.00978,0.996657
67.9621,0.010791,0.00978,0.996138
67.9641,0.010791,0.00978,0.995811
67.9661,0.004952,0.00978,0.995459
67.9681,0.013396,0.00978,0.995096
67.9701,0.013396,0.00978,0.994702
67.9726,0.013396,0.00978,0.994298
67.9741,0.005481,0.00978,0.993789
67.9761,0.005481,0.00978,0.993462
67.9781,0.005481,0.00978,0.993042
67.9801,0.025319,0.00978,0.992606
67.9821,0.025319,0.00978,0.992195
67.9841,0.002654,0.00978,0.991769
67.9861,0.002654,0.00978,0.99139
67.9881,0.031117,0.00978,0.990897
67.9901,0.003134,0.00978,0.990461
67.9921,0.020687,0.00978,0.989996
67.9941,0.028881,0.00978,0.989514
67.9961,0.006127,0.00978,0.989072
67.9981,0.041778,0.00978,0.98849
68.0001,0.020579,0.00978,0.988017
68.0021,0.020579,0.00978,0.987534
68.0041,0.020579,0.00978,0.987009
68.0061,0.020579,0.00978,0.986551
68.0081,0.002185,0.00978,0.986082
68.0101,8.6e-05,0.00978,0.985596
68.0121,8.6e-05,0.00978,0.985054
68.0141,8.6e-05,0.00978,0.984488
68.0161,0.025292,0.00978,0.983982
68.0181,0.00493,0.00978,0.983323
68.0201,0.00493,0.00978,0.982763
68.0221,0.013084,0.00978,0.982091
68.0241,0.010702,0.00978,0.981527
68.0261,0.000704,0.00978,0.980914
68.0281,0.000704,0.00978,0.98039
68.0301,0.000704,0.00978,0.979819
68.0321,0.000704,0.00978,0.979167
68.0341,0.002373,0.00978,0.978625
68.0361,0.015134,0.00978,0.977916
68.0381,0.015134,0.00978,0.977267
68.0401,0.015134,0.00978,0.976575
68.0421,0.008423,0.00978,0.975984
68.0441,0.000178,0.00978,0.97528
68.0461,0.000178,0.00978,0.97454
68.0481,0.000178,0.00978,0.973944
68.0501,0.017061,0.00978,0.973317
68.0521,0.017061,0.00978,0.972666
68.0541,0.000502,0.00978,0.972057
68.0561,0.002991,0.00978,0.971285
68.0581,0.002991,0.00978,0.970583
68.0601,0.000223,0.00978,0.969846
68.0621,0.000223,0.00978,0.969124
68.0641,0.002549,0.00978,0.968233
68.0661,0.002549,0.00978,0.967567
68.0682,0.002549,0.00978,0.966837
68.0701,0.00128,0.00978,0.966093
68.0726,0.002292,0.00978,0.96536
68.0742,0.000829,0.00978,0.964343
68.0762,0.000612,0.00978,0.963589
68.0782,0.000612,0.00978,0.962923
68.0802,0.000612,0.00978,0.962071
68.0822,0.000612,0.00978,0.961297
68.0842,0.002444,0.00978,0.960422
68.0862,0.003027,0.00978,0.959515
68.0882,0.003027,0.00978,0.958774
68.0902,0.003027,0.00978,0.957877
68.0922,0.019919,0.00978,0.957004
68.0936,0.019919,0.00978,0.956187
68.0952,0.000455,0.00978,0.955527
68.0972,0.019217,0.00978,0.954829
68.0992,0.019217,0.00978,0.954071
68.101,0.019217,0.00978,0.953143
68.1026,0.015461,0.00978,0.952284
68.1052,0.020201,0.00978,0.951718
68.1072,0.020201,0.00978,0.950671
68.109,0.024424,0.00978,0.949824
68.1112,0.003237,0.00978,0.949181
68.1132,0.003237,0.00978,0.948419
68.1152,0.031133,0.00978,0.947627
68.117,0.002954,0.00978,0.946955
68.1186,0.014558,0.00978,0.946156
68.1202,0.035338,0.00978,0.945592
68.1222,0.035338,0.00978,0.944974
68.1242,0.002542,0.00978,0.944203
68.1262,0.005329,0.00978,0.943516
68.1282,0.024136,0.00978,0.942777
68.1302,0.024136,0.00978,0.941996
68.1322,0.024136,0.00978,0.941285
68.1336,0.024136,0.00978,0.940514
68.1356,0.012877,0.00978,0.939883
68.1382,0.012877,0.00978,0.939202
68.1402,0.005483,0.00978,0.938053
68.1422,0.005483,0.00978,0.937255
68.1442,8.9e-05,0.00978,0.936497
68.1462,8.9e-05,0.00978,0.935824
68.1482,0.007048,0.00978,0.934975
68.1502,0.007048,0.00978,0.934351
68.1522,0.000837,0.00978,0.93352
68.1542,0.002731,0.00978,0.932753
68.1562,0.004069,0.00978,0.932031
68.1582,0.005978,0.00978,0.931283
68.1602,0.003396,0.00978,0.930575
68.1622,0.007822,0.00978,0.929951
68.1642,0.007822,0.00978,0.92912
68.1662,0.0104,0.00978,0.928331
68.1682,0.005305,0.00978,0.927609
68.1702,0.012937,0.00978,0.926889
68.1726,0.012937,0.00978,0.926113
68.1746,0.012423,0.00978,0.925239
68.1762,0.020059,0.00978,0.924366
68.1782,0.020059,0.00978,0.923798
68.1802,2.4e-05,0.00978,0.923077
68.1822,2.4e-05,0.00978,0.922339
68.1842,0.02995,0.00978,0.921505
68.1862,0.02995,0.00978,0.920746
68.1882,0.02995,0.00978,0.919994
68.1902,0.004862,0.00978,0.919231
68.1922,0.019411,0.00978,0.918567
68.1942,0.019411,0.00978,0.917644
68.1962,0.003911,0.00978,0.916806
68.1982,0.003911,0.00978,0.915979
68.2002,0.003911,0.00978,0.915145
68.2022,0.003911,0.00978,0.914453
68.2042,0.00844,0.00978,0.913444
68.2062,0.021416,0.00978,0.912639
68.2082,0.021416,0.00978,0.911759
68.2102,0.021416,0.00978,0.910899
68.2122,0.021416,0.00978,0.909949
68.2142,0.026032,0.00978,0.909063
68.2162,0.026032,0.00978,0.907988
68.2182,0.000492,0.00978,0.907138
68.2202,0.011801,0.00978,0.906206
68.2222,0.012927,0.00978,0.905189
68.2242,0.012927,0.00978,0.904269
68.2262,0.012927,0.00978,0.903321
68.2282,0.001514,0.00978,0.902271
68.2302,0.011987,0.00978,0.901295
68.2322,0.011987,0.00978,0.900275
68.2342,0.011987,0.00978,0.899395
68.2362,0.011987,0.00978,0.898386
68.2386,0.006214,0.00978,0.89733
68.2406,0.005132,0.00978,0.896341
68.2426,0.005132,0.00978,0.89531
68.2446,0.01062,0.00978,0.894437
68.2466,0.011416,0.00978,0.893621
68.2486,0.011416,0.00978,0.892764
68.2506,0.014432,0.00978,0.891952
68.2522,0.018768,0.00978,0.891165
68.2542,0.011131,0.00978,0.890595
68.2562,0.011131,0.00978,0.889707
68.2582,0.009635,0.00978,0.889216
68.2602,0.014308,0.00978,0.888505
68.2622,0.031757,0.00978,0.887792
68.2642,0.031757,0.00978,0.887132
68.2662,0.010934,0.00978,0.886622
68.2682,0.016254,0.00978,0.885898
68.2702,0.01859,0.00978,0.885303
68.2726,0.012899,0.00978,0.884854
68.2746,0.015392,0.00978,0.884359
68.2762,0.015379,0.00978,0.883877
68.2782,0.015379,0.00978,0.883572
68.2802,0.016279,0.00978,0.883206
68.2822,0.005979,0.00978,0.882886
68.2842,0.005979,0.00978,0.882713
68.2862,0.005979,0.00978,0.88239
68.2882,0.014942,0.00978,0.882209
68.2902,0.014942,0.00978,0.88192
68.2922,0.010515,0.00978,0.881725
68.2942,0.027058,0.00978,0.881566
68.2962,0.027058,0.00978,0.881323
68.2982,0.034458,0.00978,0.881266
68.3002,0.025371,0.00978,0.881082
68.3022,0.012905,0.00978,0.880948
68.3042,0.012905,0.00978,0.880904
68.3066,0.042269,0.00978,0.880835
68.3082,0.001836,0.00978,0.88069
68.3102,0.008438,0.00978,0.880704
68.3122,0.008438,0.00978,0.880696
68.3142,0.031267,0.00978,0.880706
68.3162,0.01128,0.00978,0.880719
68.3182,0.027854,0.00978,0.880655
68.3202,0.021282,0.00978,0.880703
68.3222,0.025954,0.00978,0.880703
68.3242,0.025954,0.00978,0.88074
68.3262,0.025954,0.00978,0.880685
68.3282,0.011229,0.00978,0.880851
68.3302,0.018564,0.00978,0.88084
68.3322,0.018564,0.00978,0.880803
68.3342,0.023203,0.00978,0.880951
68.3362,0.011271,0.00978,0.880981
68.3382,0.004022,0.00978,0.881011
68.3402,0.004022,0.00978,0.881035
68.3422,0.023049,0.00978,0.881081
68.3442,0.023049,0.00978,0.881175
68.3462,0.023049,0.00978,0.881341
68.3482,0.048866,0.00978,0.881444
68.3502,0.048866,0.00978,0.881546
68.3522,0.011095,0.00978,0.8817
68.3542,0.031768,0.00978,0.881853
68.3562,0.011187,0.00978,0.882024
68.3582,0.02221,0.00978,0.88221
68.3602,0.02221,0.00978,0.882673
68.3622,0.021701,0.00978,0.882855
68.3642,0.014999,0.00978,0.883129
68.3662,0.016199,0.00978,0.883504
68.3682,0.02221,0.00978,0.884036
68.3702,0.01862,0.00978,0.884326
68.3722,0.01862,0.00978,0.884851
68.3742,0.016043,0.00978,0.885324
68.3766,0.007267,0.00978,0.885917
68.3786,0.007267,0.00978,0.886549
68.3806,0.015529,0.00978,0.887088
68.3826,0.022722,0.00978,0.887758
68.3846,0.022722,0.00978,0.888344
68.3862,0.022722,0.00978,0.889024
68.3882,0.022722,0.00978,0.889651
68.3902,0.008985,0.00978,0.890328
68.3922,0.005107,0.00978,0.891185
68.3942,0.005107,0.00978,0.891952
68.3962,0.001259,0.00978,0.89276
68.3982,0.001259,0.00978,0.893616
68.4002,0.004634,0.00978,0.894391
68.4022,0.004634,0.00978,0.895283
68.4042,3.4e-05,0.00978,0.896149
68.4062,3.4e-05,0.00978,0.896902
68.4082,0.007498,0.00978,0.897879
68.4106,0.007498,0.00978,0.898798
68.4126,0.008986,0.00978,0.899805
68.4146,0.008986,0.00978,0.900673
68.4166,0.002224,0.00978,0.901496
68.4186,0.018845,0.00978,0.902502
68.4206,0.029751,0.00978,0.903404
68.4226,0.029751,0.00978,0.904281
68.4242,0.029751,0.00978,0.90526
68.4262,0.029751,0.00978,0.905983
68.4282,0.001385,0.00978,0.90675
68.4302,0.001385,0.00978,0.907736
68.4322,0.001385,0.00978,0.908663
68.4342,0.003999,0.00978,0.909642
68.4362,0.012178,0.00978,0.910495
68.4382,0.004429,0.00978,0.911504
68.4402,0.004429,0.00978,0.912246
68.4422,0.004429,0.00978,0.913278
68.4442,0.004429,0.00978,0.914325
68.4472,0.004429,0.00978,0.915262
68.4492,0.004429,0.00978,0.916774
68.4512,0.009276,0.00978,0.917902
68.453,0.026944,0.00978,0.918896
68.4546,0.026944,0.00978,0.919798
68.4562,0.001883,0.00978,0.920694
68.4582,0.001883,0.00978,0.921528
68.4602,0.000837,0.00978,0.922661
68.4622,0.000837,0.00978,0.92374
68.4642,0.000837,0.00978,0.924859
68.4662,0.000837,0.00978,0.925969
68.4682,0.006168,0.00978,0.927052
68.4702,0.00554,0.00978,0.928203
68.4722,0.01031,0.00978,0.929398
68.4742,0.003597,0.00978,0.930454
68.4762,0.01327,0.00978,0.931784
68.4782,0.012846,0.00978,0.932921
68.4802,0.007861,0.00978,0.934137
68.4822,0.007861,0.00978,0.935246
68.4842,0.007861,0.00978,0.936534
68.4862,0.007861,0.00978,0.937698
68.4882,0.01042,0.00978,0.938949
68.4902,0.01042,0.00978,0.94021
68.4922,0.036052,0.00978,0.941317
68.4942,0.036052,0.00978,0.942533
68.4962,0.036052,0.00978,0.943643
68.4982,0.004449,0.00978,0.944856
68.5002,0.003743,0.00978,0.946004
68.5022,0.012206,0.00978,0.947158
68.5042,0.012206,0.00978,0.948364
68.5062,0.047727,0.00978,0.949467
68.5082,0.047727,0.00978,0.950553
68.5102,0.016127,0.00978,0.951518
68.5122,0.016127,0.00978,0.952595
68.515,0.016127,0.00978,0.95364
68.5167,0.000844,0.00978,0.954832
68.5187,0.000844,0.00978,0.955781
68.5207,0.000844,0.00978,0.956607
68.5227,0.000844,0.00978,0.957526
68.5247,0.000844,0.00978,0.958404
68.5266,0.000844,0.00978,0.959318
68.5286,0.013951,0.00978,0.960112
68.5306,0.006803,0.00978,0.960981
68.5326,0.006803,0.00978,0.961671
68.5346,0.010012,0.00978,0.962444
68.5366,0.001886,0.00978,0.963278
68.5386,0.001886,0.00978,0.964075
68.5406,0.001582,0.00978,0.964808
68.5426,0.001582,0.00978,0.965462
68.5446,0.005587,0.00978,0.966229
68.5466,0.005197,0.00978,0.966776
68.5486,0.001178,0.00978,0.967545
68.5512,0.001178,0.00978,0.968196
68.5532,0.001178,0.00978,0.969078
68.5552,0.001178,0.00978,0.969744
68.5571,0.001178,0.00978,0.970343
68.5592,0.020569,0.00978,0.970911
68.5612,0.020569,0.00978,0.971592
68.5632,0.020569,0.00978,0.972249
68.5651,0.020569,0.00978,0.972917
68.5672,0.020569,0.00978,0.973521
68.5692,0.007305,0.00978,0.974286
68.5712,0.013134,0.00978,0.974831
68.5731,0.013134,0.00978,0.975562
68.5752,0.013134,0.00978,0.976106
68.5772,0.013134,0.00978,0.976773
68.5792,0.004881,0.00978,0.977426
68.5811,0.004881,0.00978,0.978022
68.5826,0.004881,0.00978,0.978435
68.5852,0.004881,0.00978,0.97898
68.5872,0.00498,0.00978,0.979797
68.5891,0.025943,0.00978,0.980489
68.5912,0.025943,0.00978,0.981015
68.5932,0.025943,0.00978,0.981669
68.5952,0.020578,0.00978,0.982297
68.5971,0.020578,0.00978,0.982853
68.5986,0.012622,0.00978,0.983381
68.6006,0.012622,0.00978,0.983876
68.6026,0.029722,0.00978,0.984482
68.6046,0.029722,0.00978,0.98492
68.6066,0.029722,0.00978,0.98562
68.6086,0.029722,0.00978,0.986124
68.6102,0.029722,0.00978,0.986774
68.6122,0.002778,0.00978,0.987211
68.6136,0.01489,0.00978,0.987769
68.6156,0.01489,0.00978,0.988165
68.6182,0.010393,0.00978,0.988676
68.6202,0.010393,0.00978,0.989319
68.6216,0.010393,0.00978,0.989813
68.6236,0.010393,0.00978,0.990168
68.6256,0.010393,0.00978,0.990583
68.6272,0.022446,0.00978,0.991011
68.6291,0.022446,0.00978,0.991285
68.6306,0.015772,0.00978,0.991705
68.6322,0.010849,0.00978,0.992085
68.6342,0.010849,0.00978,0.992371
68.6362,0.010849,0.00978,0.992837
68.6377,0.025073,0.00978,0.993163
68.6397,0.025073,0.00978,0.993551
68.6412,0.025073,0.00978,0.993832
68.6432,0.005063,0.00978,0.994098
68.6451,0.005063,0.00978,0.994344
68.6472,0.005063,0.00978,0.994721
68.6492,0.021002,0.00978,0.995023
68.6517,0.005086,0.00978,0.995304
68.6531,0.005086,0.00978,0.995636
68.6547,0.015582,0.00978,0.995935
68.6563,0.029792,0.00978,0.996138
68.6583,0.029792,0.00978,0.996343
68.6603,0.029792,0.00978,0.996608
68.6617,0.029792,0.00978,0.996874
68.6637,0.029792,0.00978,0.997096
68.6652,0.006638,0.00978,0.997392
68.6672,0.006638,0.00978,0.997566
68.6691,0.006638,0.00978,0.997853
68.6707,0.006638,0.00978,0.998157
68.6722,0.006638,0.00978,0.998372
68.6737,0.006638,0.00978,0.998487
68.6752,0.006638,0.00978,0.998716
68.6767,0.006329,0.00978,0.998923
68.6787,0.006329,0.00978,0.999092
68.6807,0.006329,0.00978,0.999377
68.6822,0.011,0.00978,0.999646
68.6837,0.011,0.00978,0.999819
68.6851,0.010741,0.00528,1.00009
68.6872,0.002299,0.02022,1.00034
68.6892,0.035552,0.03828,1.00064
68.6912,0.073033,0.04518,1.00075
68.6931,0.119271,0.06168,1.00103
68.6952,0.150981,0.07212,1.0012
68.6972,0.179291,0.07626,1.00127
68.6992,0.208237,0.08388,1.0014
68.7011,0.244413,0.0903,1.00151
68.7032,0.252883,0.08934,1.00149
68.7052,0.268423,0.0915,1.00152
68.7072,0.277808,0.10044,1.00167
68.7091,0.295375,0.09822,1.00164
68.7112,0.302395,0.10104,1.00168
68.7137,0.297477,0.10506,1.00175
68.7157,0.312858,0.11196,1.00187
68.7177,0.326072,0.11982,1.002
68.7197,0.341461,0.11778,1.00196
68.7217,0.357039,0.11826,1.00197
68.7237,0.350929,0.11958,1.00199
68.7257,0.356616,0.1203,1.00201
68.7282,0.37158,0.12174,1.00203
68.7303,0.370511,0.1233,1.00206
68.7323,0.367724,0.12564,1.00209
68.7343,0.375272,0.13254,1.00221
68.7363,0.38985,0.13728,1.00229
68.7383,0.406444,0.13848,1.00231
68.7403,0.415497,0.14334,1.00239
68.7423,0.433555,0.14196,1.00237
68.7443,0.427962,0.14958,1.00249
68.7463,0.442254,0.14652,1.00244
68.7483,0.455821,0.15252,1.00254
68.7503,0.454864,0.16158,1.00269
68.7523,0.471081,0.16086,1.00268
68.7543,0.486629,0.16242,1.00271
68.7563,0.498585,0.16812,1.0028
68.7583,0.501477,0.17058,1.00284
68.7603,0.515162,0.1785,1.00298
68.7623,0.533543,0.1797,1.003
68.7643,0.540138,0.17928,1.00299
68.7663,0.536768,0.18264,1.00304
68.7683,0.543911,0.18918,1.00315
68.7703,0.556884,0.19092,1.00318
68.7723,0.576749,0.19122,1.00319
68.7743,0.575857,0.19416,1.00324
68.7763,0.58812,0.19626,1.00327
68.7783,0.597252,0.20016,1.00334
68.7803,0.591003,0.20652,1.00344
68.7823,0.608476,0.19896,1.00332
68.7843,0.614185,0.2094,1.00349
68.7867,0.622109,0.20592,1.00343
68.7887,0.62258,0.2142,1.00357
68.7907,0.638823,0.20802,1.00347
68.7927,0.632339,0.207,1.00345
68.7947,0.621878,0.21018,1.0035
68.7967,0.632137,0.20952,1.00349
68.7987,0.631583,0.21006,1.0035
68.8007,0.631606,0.20904,1.00348
68.8027,0.627157,0.21906,1.00365
68.8047,0.64611,0.21444,1.00357
68.8067,0.647669,0.21168,1.00353
68.8087,0.645375,0.21612,1.0036
68.8107,0.650105,0.20844,1.00347
68.8127,0.632955,0.21306,1.00355
68.8147,0.642529,0.20826,1.00347
68.8167,0.635759,0.21228,1.00354
68.8187,0.642552,0.21216,1.00354
68.8211,0.638758,0.21306,1.00355
68.8233,0.637388,0.22284,1.00371
68.8253,0.655479,0.21858,1.00364
68.8273,0.662599,0.22458,1.00374
68.8291,0.669725,0.2253,1.00375
68.8313,0.673187,0.22344,1.00372
68.8333,0.677549,0.22776,1.0038
68.8353,0.684493,0.22512,1.00375
68.8371,0.672776,0.2334,1.00389
68.8393,0.691148,0.23268,1.00388
68.8413,0.705819,0.23382,1.0039
68.8433,0.700551,0.23148,1.00386
68.8451,0.701153,0.23334,1.00389
68.8473,0.708188,0.2355,1.00393
68.8493,0.709154,0.23772,1.00396
68.8513,0.711248,0.2424,1.00404
68.8531,0.728065,0.23886,1.00398
68.8553,0.723523,0.24594,1.0041
68.8577,0.734714,0.24132,1.00402
68.8597,0.732652,0.24042,1.00401
68.8617,0.725734,0.23844,1.00397
68.8637,0.723643,0.2382,1.00397
68.8657,0.727075,0.2367,1.00395
68.8677,0.711291,0.24006,1.004
68.8697,0.716928,0.24564,1.00409
68.8717,0.727986,0.24126,1.00402
68.8737,0.732214,0.23826,1.00397
68.8757,0.722569,0.23742,1.00396
68.8777,0.722027,0.23922,1.00399
68.8797,0.717927,0.23304,1.00388
68.8817,0.716373,0.23022,1.00384
68.8837,0.703032,0.23238,1.00387
68.8857,0.700084,0.23166,1.00386
68.8877,0.69916,0.22758,1.00379
68.8897,0.700706,0.23016,1.00384
68.8923,0.697324,0.22572,1.00376
68.8943,0.681113,0.21864,1.00364
68.8963,0.671475,0.21978,1.00366
68.8983,0.656878,0.2151,1.00359
68.9003,0.656739,0.21342,1.00356
68.9023,0.652351,0.21588,1.0036
68.9043,0.648318,0.21084,1.00351
68.9063,0.645577,0.20706,1.00345
68.9083,0.628856,0.20754,1.00346
68.9103,0.626613,0.20226,1.00337
68.9123,0.615763,0.19566,1.00326
68.9143,0.606378,0.19602,1.00327
68.9163,0.588274,0.1902,1.00317
68.9183,0.591494,0.186,1.0031
68.9203,0.574901,0.18234,1.00304
68.9223,0.557913,0.17742,1.00296
68.9243,0.55185,0.17466,1.00291
68.9263,0.540127,0.16824,1.0028
68.9283,0.518302,0.17094,1.00285
68.9303,0.51513,0.16128,1.00269
68.9323,0.492727,0.15936,1.00266
68.9343,0.496462,0.1524,1.00254
68.9363,0.474088,0.13962,1.00233
68.9383,0.44155,0.1413,1.00236
68.9403,0.430538,0.12708,1.00212
68.9423,0.402404,0.1242,1.00207
68.9443,0.380243,0.11898,1.00198
68.9463,0.362319,0.10824,1.0018
68.9483,0.351065,0.10188,1.0017
68.9503,0.325515,0.09084,1.00151
68.9523,0.292413,0.08994,1.0015
68.9543,0.288337,0.08238,1.00137
68.9563,0.256726,0.0753,1.00126
68.9583,0.253771,0.07146,1.00119
68.9607,0.214827,0.06786,1.00113
68.9627,0.210264,0.06216,1.00104
68.9647,0.207948,0.05898,1.00098
68.9667,0.179871,0.04884,1.00081
68.9687,0.156322,0.05046,1.00084
68.9707,0.164431,0.03678,1.00061
68.9727,0.132784,0.03774,1.00063
68.9747,0.114312,0.03222,1.00054
68.9767,0.115839,0.02958,1.00049
68.9787,0.090987,0.02622,1.00044
68.9807,0.084039,0.02862,1.00048
68.9827,0.081912,0.01968,1.00033
68.9847,0.069914,0.01932,1.00032
68.9867,0.065955,0.01122,1.00019
68.9887,0.0399,0.01026,1.00017
68.9907,0.035915,0.00084,1.00001
68.9927,0.028564,0.00084,0.999947
68.9953,0.002757,0.00084,0.999885
68.9971,0.008171,0.00084,0.999798
68.9993,0.008171,0.00084,0.999666
69.0013,0.008171,0.00084,0.99947
69.0033,0.005149,0.00084,0.999537
69.0051,0.005149,0.00084,0.999388
69.0073,0.005149,0.00084,0.999189
69.0093,0.004056,0.00084,0.999081
69.0113,0.004056,0.00084,0.998895
69.0131,0.004056,0.00084,0.998721
69.0147,0.004056,0.00084,0.998566
69.0163,0.004056,0.00084,0.998443
69.0183,0.006733,0.00084,0.998199
69.0203,0.006733,0.00084,0.998106
69.0223,0.006733,0.00084,0.997961
69.0243,0.006733,0.00084,0.997628
69.0263,0.008891,0.00084,0.997467
69.0287,0.008891,0.00084,0.99722
69.0313,0.008891,0.00084,0.996931
69.0333,0.008891,0.00084,0.996535
69.0353,0.022381,0.00084,0.996297
69.0371,0.022381,0.00084,0.995962
69.0387,0.022381,0.00084,0.995695
69.0403,0.022381,0.00084,0.995455
69.0423,0.022381,0.00084,0.995246
69.0443,0.013867,0.00084,0.994926
69.0463,0.009747,0.00084,0.994607
69.0483,0.009747,0.00084,0.994284
69.0503,0.006447,0.00084,0.993894
69.0523,0.024114,0.00084,0.993623
69.0543,0.024114,0.00084,0.993309
69.0563,0.024114,0.00084,0.992983
69.0583,0.020824,0.00084,0.99276
69.0603,0.020824,0.00084,0.992555
69.0623,0.020824,0.00084,0.992084
69.0643,0.032361,0.00084,0.99184
69.0663,0.032361,0.00084,0.991552
69.0683,0.016658,0.00084,0.991245
69.0703,0.016658,0.00084,0.990817
69.0723,0.016658,0.00084,0.990644
69.0743,0.016387,0.00084,0.990323
69.0763,0.005914,0.00084,0.990055
69.0783,0.005914,0.00084,0.989656
69.0803,0.005914,0.00084,0.989435
69.0823,0.035998,0.00084,0.989154
69.0843,0.035998,0.00084,0.988857
69.0863,0.035998,0.00084,0.988651
69.0883,0.03025,0.00084,0.988356
69.0903,0.03025,0.00084,0.988162
69.0923,0.026185,0.00084,0.987863
69.0947,0.037471,0.00084,0.987702
69.0963,0.037471,0.00084,0.987444
69.0983,5.7e-05,0.00084,0.98724
69.1003,5.7e-05,0.00084,0.986978
69.1023,0.02722,0.00084,0.986676
69.1043,0.024049,0.00084,0.98661
69.1063,0.024049,0.00084,0.986373
69.1083,0.024049,0.00084,0.986148
69.1103,0.024049,0.00084,0.985911
69.1123,0.024049,0.00084,0.985831
69.1143,0.024049,0.00084,0.985501
69.1163,0.022423,0.00084,0.985413
69.1183,0.022423,0.00084,0.985165
69.1203,0.022423,0.00084,0.985032
69.1223,0.022423,0.00084,0.984737
69.1243,0.006117,0.00084,0.984591
69.1263,0.006117,0.00084,0.98441
69.1287,0.013841,0.00084,0.984192
69.1303,0.021786,0.00084,0.984014
69.1323,0.021786,0.00084,0.983834
69.1343,0.009842,0.00084,0.983767
69.1363,0.021771,0.00084,0.983605
69.1383,0.021771,0.00084,0.98348
69.1403,0.021771,0.00084,0.983367
69.1423,0.021771,0.00084,0.983263
69.1443,0.021771,0.00084,0.983206
69.1463,0.021771,0.00084,0.983136
69.1483,0.037526,0.00084,0.983064
69.1503,0.037526,0.00084,0.982995
69.1523,0.037526,0.00084,0.982922
69.1543,0.025283,0.00084,0.98288
69.1563,0.025283,0.00084,0.982951
69.1583,0.025283,0.00084,0.982895
69.1603,0.013372,0.00084,0.982906
69.1627,0.025431,0.00084,0.982995
69.1643,0.025431,0.00084,0.982918
69.1663,0.005297,0.00084,0.982984
69.1683,0.005297,0.00084,0.983099
69.1703,0.005297,0.00084,0.983092
69.1723,0.021579,0.00084,0.983073
69.1743,0.021579,0.00084,0.983136
69.1763,0.021579,0.00084,0.983283
69.1783,0.02555,0.00084,0.983177
69.1803,0.013618,0.00084,0.983379
69.1823,0.013618,0.00084,0.983295
69.1843,0.013618,0.00084,0.983389
69.1863,0.029879,0.00084,0.98352
69.1883,0.029879,0.00084,0.983517
69.1903,0.030253,0.00084,0.983622
69.1923,0.029997,0.00084,0.983672
69.1943,0.030118,0.00084,0.983653
69.1967,0.00149,0.00084,0.983754
69.1983,0.00149,0.00084,0.983792
69.2003,0.013711,0.00084,0.983858
69.2023,0.013711,0.00084,0.983976
69.2043,0.013711,0.00084,0.984071
69.2063,0.038288,0.00084,0.984137
69.2083,0.005789,0.00084,0.984211
69.2103,0.005789,0.00084,0.984406
69.2123,0.005789,0.00084,0.984536
69.2143,0.005789,0.00084,0.984656
69.2163,0.030407,0.00084,0.984791
69.2183,0.030407,0.00084,0.984886
69.2203,0.030407,0.00084,0.985083
69.2223,0.030407,0.00084,0.985287
69.2243,0.030407,0.00084,0.98542
69.2263,0.000404,0.00084,0.985664
69.2283,0.00601,0.00084,0.98585
69.2308,0.00601,0.00084,0.985993
69.2323,0.004735,0.00084,0.986111
69.2343,0.001522,0.00084,0.986372
69.2363,0.001522,0.00084,0.986478
69.2383,0.015316,0.00084,0.986668
69.2403,0.042405,0.00084,0.986928
69.2423,0.007869,0.00084,0.987128
69.2443,0.007869,0.00084,0.987229
69.2463,0.007869,0.00084,0.987458
69.2483,0.045979,0.00084,0.987681
69.2503,0.045979,0.00084,0.987767
69.2523,0.045979,0.00084,0.988012
69.2543,0.045979,0.00084,0.988255
69.2563,0.045979,0.00084,0.988494
69.2583,0.001786,0.00084,0.988765
69.2603,0.01342,0.00084,0.988939
69.2623,0.01342,0.00084,0.989181
69.2643,0.01342,0.00084,0.989412
69.2667,0.035546,0.00084,0.989649
69.2687,0.035546,0.00084,0.99006
69.2707,0.035546,0.00084,0.990353
69.2727,0.015568,0.00084,0.990598
69.2747,0.019822,0.00084,0.990907
69.2767,0.019822,0.00084,0.991279
69.2787,0.000198,0.00084,0.991612
69.2807,0.007041,0.00084,0.991916
69.2827,0.007041,0.00084,0.992238
69.2847,0.007041,0.00084,0.992518
69.2867,0.007041,0.00084,0.992847
69.2887,0.024135,0.00084,0.993171
69.2907,0.008929,0.00084,0.993388
69.2927,0.008929,0.00084,0.993665
69.2947,0.022566,0.00084,0.994028
69.2967,0.022566,0.00084,0.994286
69.2987,0.022566,0.00084,0.994535
69.3012,0.022566,0.00084,0.994741
69.3027,0.022566,0.00084,0.995075
69.3047,0.022566,0.00084,0.995331
69.3067,0.0085,0.00084,0.995665
69.3087,0.004432,0.00084,0.995769
69.3107,0.004432,0.00084,0.996045
69.3127,0.007759,0.00084,0.996347
69.3147,0.007759,0.00084,0.996541
69.3167,0.007759,0.00084,0.996723
69.3188,0.007759,0.00084,0.996984
69.3208,0.007759,0.00084,0.997209
69.3227,0.007759,0.00084,0.997385
69.3248,0.007759,0.00084,0.997648
69.3268,0.011934,0.00084,0.997759
69.3288,0.011934,0.00084,0.997876
69.3307,0.011934,0.00084,0.998141
69.3328,0.009025,0.00084,0.998298
69.3353,0.009025,0.00084,0.998426
69.3373,0.019231,0.00084,0.998663
69.3393,0.019231,0.00084,0.99876
69.3412,0.019231,0.00084,0.998897
69.3428,0.000836,0.00084,0.99898
69.3448,0.000206,0.00084,0.999138
69.3468,0.005452,0.00084,0.99937
69.3488,0.005452,0.00084,0.999487
69.3508,0.005452,0.00084,0.999605
69.3528,0.012292,0.00084,0.999711
69.3548,0.012292,0.00084,0.999896
69.3568,0.00119,0.00318,1.00005
69.3593,0.00119,0.01542,1.00026
69.3613,0.023788,0.02526,1.00042
69.3633,0.057418,0.03198,1.00053
69.3652,0.072684,0.04278,1.00071
69.3673,0.100656,0.04308,1.00072
69.3693,0.1193,0.04548,1.00076
69.3718,0.12628,0.04116,1.00069
69.3738,0.133409,0.0453,1.00076
69.3758,0.128937,0.0477,1.0008
69.3778,0.147361,0.05652,1.00094
69.3798,0.158545,0.0621,1.00104
69.3818,0.173117,0.06228,1.00104
69.3843,0.180191,0.06696,1.00112
69.3863,0.192001,0.06822,1.00114
69.3883,0.209551,0.06936,1.00116
69.3903,0.210248,0.07068,1.00118
69.3924,0.207174,0.07692,1.00128
69.3943,0.22298,0.07326,1.00122
69.3963,0.227973,0.07656,1.00128
69.3978,0.2256,0.08184,1.00136
69.3998,0.240052,0.07812,1.0013
69.4018,0.233749,0.08388,1.0014
69.4038,0.243538,0.08958,1.00149
69.4063,0.267753,0.09378,1.00156
69.4084,0.271502,0.09294,1.00155
69.4103,0.285957,0.09318,1.00155
69.4123,0.282866,0.09192,1.00153
69.4143,0.276423,0.09444,1.00157
69.4163,0.277688,0.09648,1.00161
69.4184,0.285494,0.09432,1.00157
69.4204,0.295139,0.09978,1.00166
69.4224,0.288978,0.10236,1.00171
69.4244,0.299711,0.10128,1.00169
69.4264,0.308229,0.09876,1.00165
69.4284,0.298646,0.1026,1.00171
69.4304,0.31534,0.11106,1.00185
69.4324,0.324934,0.1053,1.00176
69.4344,0.320565,0.1155,1.00192
69.4364,0.334458,0.1101,1.00184
69.4384,0.335726,0.11508,1.00192
69.4404,0.339849,0.1203,1.00201
69.4428,0.3552,0.1239,1.00206
69.4448,0.368408,0.12156,1.00203
69.4474,0.369537,0.12672,1.00211
69.4494,0.371259,0.13074,1.00218
69.4514,0.384121,0.1359,1.00226
69.4532,0.401631,0.138,1.0023
69.4554,0.407461,0.13698,1.00228
69.4574,0.411522,0.14256,1.00238
69.4594,0.42488,0.14184,1.00236
69.4612,0.427062,0.1476,1.00246
69.4634,0.432695,0.14958,1.00249
69.4654,0.445754,0.14994,1.0025
69.4674,0.451238,0.14844,1.00247
69.4692,0.456445,0.15384,1.00256
69.4714,0.454759,0.15348,1.00256
69.4734,0.459367,0.1632,1.00272
69.4754,0.482995,0.153,1.00255
69.4773,0.47461,0.16254,1.00271
69.4794,0.478104,0.16098,1.00268
69.4814,0.478984,0.16368,1.00273
69.4834,0.487582,0.1608,1.00268
69.4852,0.493122,0.1641,1.00274
69.4874,0.483563,0.1548,1.00258
69.4894,0.48229,0.16218,1.0027
69.4914,0.485764,0.16044,1.00267
69.4932,0.484324,0.16806,1.0028
69.4954,0.497068,0.16608,1.00277
69.4974,0.505313,0.17142,1.00286
69.4994,0.506541,0.16848,1.00281
69.5012,0.506539,0.16344,1.00272
69.5034,0.507415,0.16392,1.00273
69.5054,0.499956,0.1641,1.00274
69.5074,0.502733,0.1608,1.00268
69.5092,0.493187,0.16656,1.00278
69.5114,0.494442,0.1611,1.00269
69.5138,0.478969,0.16356,1.00273
69.5158,0.484025,0.1614,1.00269
69.5178,0.494855,0.16176,1.0027
69.5198,0.488155,0.16218,1.0027
69.5218,0.485728,0.1596,1.00266
69.5238,0.484032,0.15036,1.00251
69.5258,0.467384,0.15228,1.00254
69.5284,0.459324,0.15264,1.00254
69.5304,0.459971,0.15168,1.00253
69.5324,0.458725,0.15108,1.00252
69.5344,0.454723,0.1446,1.00241
69.5364,0.443695,0.1455,1.00243
69.5384,0.446906,0.14472,1.00241
69.5404,0.432552,0.14214,1.00237
69.5424,0.430467,0.13872,1.00231
69.5444,0.431137,0.1401,1.00233
69.5464,0.413821,0.13542,1.00226
69.5488,0.413997,0.13338,1.00222
69.5508,0.400816,0.12762,1.00213
69.5528,0.391467,0.12462,1.00208
69.5548,0.387072,0.11988,1.002
69.5568,0.369847,0.11544,1.00192
69.5594,0.359322,0.1191,1.00199
69.5614,0.354869,0.11034,1.00184
69.5634,0.336498,0.10224,1.0017
69.5652,0.332279,0.09984,1.00166
69.5674,0.302276,0.09948,1.00166
69.5694,0.297345,0.09438,1.00157
69.5714,0.300464,0.09096,1.00152
69.5732,0.276643,0.09132,1.00152
69.5754,0.273523,0.08604,1.00143
69.5774,0.276843,0.08088,1.00135
69.5794,0.250482,0.07572,1.00126
69.5812,0.235704,0.06984,1.00116
69.5838,0.219794,0.06732,1.00112
69.5858,0.207912,0.0573,1.00096
69.5878,0.182131,0.05568,1.00093
69.5898,0.184593,0.0561,1.00094
69.5924,0.170586,0.04686,1.00078
69.5944,0.168532,0.03846,1.00064
69.5964,0.132693,0.0417,1.0007
69.5984,0.123778,0.03402,1.00057
69.6004,0.119858,0.03426,1.00057
69.6024,0.112846,0.03234,1.00054
69.6044,0.092522,0.02832,1.00047
69.6064,0.086034,0.02556,1.00043
69.6084,0.086719,0.02004,1.00033
69.6104,0.065777,0.01368,1.00023
69.6124,0.049762,0.00762,1.00013
69.6144,0.043923,0.00402,1.00007
69.6164,0.012496,0.00402,0.999961
69.6188,0.007342,0.00402,0.999842
69.6204,0.007342,0.00402,0.999679
69.6224,0.007342,0.00402,0.999643
69.6244,0.007342,0.00402,0.999483
69.6264,0.007342,0.00402,0.999358
69.6284,0.004591,0.00402,0.999172
69.6304,0.004591,0.00402,0.998947
69.6324,0.004591,0.00402,0.998705
69.6344,0.004591,0.00402,0.998598
69.6364,0.014408,0.00402,0.998256
69.6384,0.014408,0.00402,0.998058
69.6404,0.014408,0.00402,0.997822
69.6424,0.006701,0.00402,0.997568
69.6444,0.019417,0.00402,0.997307
69.6458,0.019417,0.00402,0.996978
69.6474,0.019417,0.00402,0.996859
69.6494,0.019417,0.00402,0.996719
69.6518,0.008565,0.00402,0.99639
69.6532,0.004445,0.00402,0.996014
69.6548,0.004479,0.00402,0.995863
69.6564,0.004479,0.00402,0.995697
69.6584,0.02832,0.00402,0.995421
69.6604,0.02832,0.00402,0.995128
69.6618,0.021421,0.00402,0.994885
69.6634,0.000953,0.00402,0.994724
69.6654,0.000953,0.00402,0.994387
69.6674,0.014464,0.00402,0.994145
69.6692,0.009756,0.00402,0.993883
69.6708,0.010307,0.00402,0.993668
69.6724,0.001191,0.00402,0.993506
69.6744,0.001191,0.00402,0.993344
69.6764,0.01062,0.00402,0.993117
69.6778,0.01062,0.00402,0.992932
69.6794,0.011014,0.00402,0.992892
69.6818,0.011014,0.00402,0.992708
69.6834,0.002353,0.00402,0.992494
69.6852,0.011307,0.00402,0.992429
69.6868,0.011307,0.00402,0.992305
69.6884,0.017113,0.00402,0.992212
69.6904,0.009214,0.00402,0.992119
69.6924,0.009214,0.00402,0.991948
69.6938,0.006001,0.00402,0.991858
69.6954,0.026588,0.00402,0.991893
69.6974,0.002767,0.00402,0.991781
69.6994,0.002767,0.00402,0.991783
69.7012,0.020823,0.00402,0.991725
69.7028,0.020823,0.00402,0.991644
69.7044,0.008588,0.00402,0.991711
69.7064,0.029964,0.00402,0.991698
69.7084,0.029964,0.00402,0.991747
69.7098,0.029964,0.00402,0.991728
69.7118,0.018277,0.00402,0.991751
69.7134,0.018277,0.00402,0.991803
69.7154,0.018277,0.00402,0.99182
69.7172,0.032322,0.00402,0.99177
69.7188,0.032322,0.00402,0.991973
69.7204,0.010587,0.00402,0.991938
69.7224,0.013913,0.00402,0.991999
69.7244,0.003904,0.00402,0.992065
69.7264,0.003904,0.00402,0.99215
69.7284,0.019251,0.00402,0.992323
69.7304,0.03133,0.00402,0.992457
69.7324,0.024706,0.00402,0.992558
69.7344,0.024706,0.00402,0.992725
69.7364,0.024706,0.00402,0.992803
69.7384,0.002416,0.00402,0.993034
69.7404,0.019679,0.00402,0.993296
69.7424,0.032477,0.00402,0.993384
69.7448,0.01507,0.00402,0.993686
69.7464,0.01507,0.00402,0.993976
69.7484,0.001262,0.00402,0.994195
69.7504,0.02617,0.00402,0.994363
69.7524,0.001424,0.00402,0.994734
69.7544,0.001424,0.00402,0.995004
69.7564,0.001424,0.00402,0.995133
69.7584,0.001424,0.00402,0.995454
69.7604,0.019585,0.00402,0.995739
69.7624,0.008281,0.00402,0.995979
69.7644,0.008281,0.00402,0.996329
69.7664,0.008281,0.00402,0.996402
69.7684,0.008281,0.00402,0.996809
69.7704,0.013091,0.00402,0.997113
69.7724,0.002227,0.00402,0.997334
69.7744,0.002227,0.00402,0.99767
69.7764,0.002227,0.00402,0.997877
69.7788,0.002227,0.00402,0.998212
69.7804,0.002227,0.00402,0.998504
69.7824,0.003973,0.00402,0.998697
69.7844,0.003574,0.00402,0.998883
69.7864,0.003574,0.00402,0.999139
69.7884,0.003574,0.00402,0.999376
69.7904,0.003574,0.00402,0.999515
69.7924,0.003574,0.00402,0.999712
69.7944,0.003394,0.00402,0.999997
69.7964,0.01405,0.00594,1.0001
69.7984,0.01405,0.01752,1.00029
69.8004,0.020328,0.02574,1.00043
69.8024,0.044462,0.03486,1.00058
69.8044,0.072908,0.03678,1.00061
69.8064,0.088971,0.04494,1.00075
69.8084,0.12884,0.04338,1.00072
69.8104,0.116368,0.04518,1.00075
69.8124,0.133225,0.03864,1.00064
69.8144,0.133457,0.04542,1.00076
69.8164,0.148071,0.04974,1.00083
69.8184,0.140158,0.05148,1.00086
69.8204,0.142577,0.04938,1.00082
69.8224,0.147227,0.0576,1.00096
69.8244,0.156261,0.05796,1.00097
69.8264,0.163738,0.06432,1.00107
69.8284,0.180009,0.06696,1.00112
69.8304,0.187686,0.0774,1.00129
69.8324,0.211376,0.07602,1.00127
69.8344,0.216411,0.0819,1.00137
69.8364,0.231213,0.08304,1.00138
69.8384,0.242651,0.08394,1.0014
69.8404,0.249808,0.08706,1.00145
69.8424,0.25831,0.09024,1.0015
69.8444,0.277601,0.096,1.0016
69.8464,0.278655,0.09768,1.00163
69.8488,0.289116,0.10218,1.0017
69.8508,0.298078,0.10416,1.00174
69.8528,0.313525,0.11694,1.00195
69.8548,0.331684,0.12192,1.00203
69.8568,0.349941,0.1278,1.00213
69.8588,0.370567,0.1287,1.00215
69.8608,0.374938,0.12984,1.00216
69.8634,0.395788,0.1266,1.00211
69.8654,0.38254,0.12714,1.00212
69.8674,0.388034,0.12294,1.00205
69.8693,0.38036,0.12162,1.00203
69.8714,0.37723,0.12378,1.00206
69.8734,0.384291,0.12384,1.00206
69.8754,0.367186,0.1275,1.00213
69.8773,0.373035,0.12852,1.00214
69.8794,0.387181,0.12786,1.00213
69.8814,0.383065,0.12702,1.00212
69.8834,0.374749,0.12576,1.0021
69.8858,0.367196,0.1242,1.00207
69.8878,0.370537,0.11724,1.00195
69.8898,0.369557,0.11094,1.00185
69.8918,0.342292,0.1041,1.00174
69.8938,0.325438,0.102,1.0017
69.8964,0.322494,0.09432,1.00157
69.8984,0.304403,0.09846,1.00164
69.9004,0.295086,0.09408,1.00157
69.9024,0.281107,0.0909,1.00152
69.9044,0.285439,0.0876,1.00146
69.9064,0.27305,0.08562,1.00143
69.9084,0.259138,0.08718,1.00145
69.9105,0.263402,0.08556,1.00143
69.9124,0.262731,0.07584,1.00126
69.9145,0.242571,0.07032,1.00117
69.9165,0.221524,0.06084,1.00101
69.9184,0.203039,0.05838,1.00097
69.9208,0.193763,0.04764,1.00079
69.9228,0.160251,0.04458,1.00074
69.9248,0.147298,0.04128,1.00069
69.9268,0.143048,0.04002,1.00067
69.9288,0.121582,0.04128,1.00069
69.9308,0.121489,0.04344,1.00072
69.9328,0.131084,0.04266,1.00071
69.9348,0.121405,0.04644,1.00077
69.9368,0.124045,0.0474,1.00079
69.9388,0.138432,0.033,1.00055
69.9408,0.119432,0.03708,1.00062
69.9428,0.105104,0.02274,1.00038
69.9448,0.082261,0.01194,1.0002
69.9468,0.071676,0.00996,1.00017
69.9488,0.037157,0.00072,1.00001
69.9509,0.021036,0.00072,0.999927
69.9528,0.014678,0.00072,0.999862
69.9544,0.008133,0.00072,0.999858
69.9564,0.009352,0.00072,0.999821
69.9584,0.009352,0.00072,0.999822
69.9604,0.009352,0.00072,0.99978
69.9624,0.009352,0.00072,0.999817
69.9644,0.009352,0.00072,0.999831
69.9664,0.009352,0.00072,0.99969
69.9684,0.004537,0.00072,0.999543
69.9704,0.004537,0.00072,0.99951
69.9724,0.004537,0.00072,0.999316
69.9744,0.002709,0.00072,0.999181
69.9764,0.011461,0.00072,0.999003
69.9784,0.011461,0.00072,0.998865
69.9804,0.011461,0.00072,0.998481
69.9824,0.006043,0.00072,0.998318
69.9844,0.014882,0.00072,0.998087
69.9864,0.006973,0.00072,0.997902
69.9889,0.006973,0.00072,0.997579
69.9914,0.000185,0.00072,0.997314
69.9934,0.000185,0.00072,0.996941
69.9954,0.000514,0.00072,0.996751
69.9973,0.015045,0.00072,0.996569
69.9989,0.015639,0.00072,0.996216
70.0004,0.000835,0.00072,0.995965
70.0024,0.001017,0.00072,0.995764
70.0044,0.001017,0.00072,0.995465
70.0064,0.005306,0.00072,0.995046
70.0084,0.010142,0.00072,0.994743
70.0104,0.010142,0.00072,0.994357
70.0124,0.010142,0.00072,0.994116
70.0144,0.020362,0.00072,0.993659
70.0164,0.006696,0.00072,0.993216
70.0184,0.006696,0.00072,0.992913
70.0204,0.006696,0.00072,0.992467
70.0234,0.006696,0.00072,0.992097
70.0254,0.006696,0.00072,0.991386
70.0274,0.006696,0.00072,0.991068
70.0293,0.01282,0.00072,0.990531
70.0309,0.011001,0.00072,0.990086
70.0324,0.013159,0.00072,0.989704
70.0344,0.013159,0.00072,0.989369
70.0364,0.013159,0.00072,0.988838
70.0384,0.013814,0.00072,0.988131
70.0404,0.034532,0.00072,0.98766
70.0424,0.018578,0.00072,0.98696
70.0444,0.018086,0.00072,0.986479
70.0464,0.026399,0.00072,0.985821
70.0484,0.053176,0.00072,0.98525
70.0504,0.053176,0.00072,0.98469
70.0524,0.053176,0.00072,0.983973
70.0544,0.021985,0.00072,0.983424
70.0569,0.021985,0.00072,0.982806
70.0584,0.013422,0.00072,0.981988
70.0604,0.013422,0.00072,0.981438
70.0624,0.020646,0.00072,0.980646
70.0644,0.026559,0.00072,0.980035
70.0664,0.026559,0.00072,0.979492
70.0685,0.026559,0.00072,0.978871
70.0705,0.000181,0.00072,0.978215
70.0725,0.013068,0.00072,0.97769
70.0744,0.013068,0.00072,0.977028
70.0765,0.013068,0.00072,0.976468
70.0785,0.013068,0.00072,0.976039
70.0805,0.000823,0.00072,0.97538
70.0824,0.002596,0.00072,0.97503
70.0845,0.020043,0.00072,0.974558
70.0865,0.013067,0.00072,0.974121
70.0885,0.00112,0.00072,0.973835
70.0909,0.01552,0.00072,0.973494
70.0925,0.016822,0.00072,0.97308
70.0945,0.016822,0.00072,0.973017
70.0965,0.016822,0.00072,0.972698
70.0985,0.0025,0.00072,0.972567
70.1005,0.015003,0.00072,0.97234
70.1025,0.003722,0.00072,0.972217
70.1045,0.004511,0.00072,0.971989
70.1064,0.004967,0.00072,0.971893
70.1085,0.013901,0.00072,0.971741
70.1105,0.021038,0.00072,0.971491
70.1125,0.004021,0.00072,0.971403
70.1145,0.003936,0.00072,0.971098
70.1165,0.003936,0.00072,0.970976
70.1185,0.003936,0.00072,0.970632
70.1205,0.003467,0.00072,0.970453
70.1229,0.003467,0.00072,0.970138
70.1245,0.001625,0.00072,0.969785
70.1265,0.003978,0.00072,0.969642
70.1285,0.005279,0.00072,0.969396
70.1305,0.007543,0.00072,0.969102
70.1325,0.005976,0.00072,0.968789
70.1345,0.003343,0.00072,0.968693
70.1365,0.001737,0.00072,0.968322
70.1385,0.006665,0.00072,0.968123
70.1405,0.004449,0.00072,0.968019
70.1425,0.004427,0.00072,0.967811
70.1445,0.004427,0.00072,0.967536
70.1465,0.004427,0.00072,0.967458
70.1485,0.010271,0.00072,0.967316
70.1505,0.010271,0.00072,0.967115
70.1525,0.010271,0.00072,0.966924
70.1545,0.003916,0.00072,0.9668
70.1569,0.002115,0.00072,0.966635
70.1585,0.002115,0.00072,0.96637
70.1605,0.002115,0.00072,0.966248
70.1625,0.005485,0.00072,0.966075
70.1645,0.001765,0.00072,0.965844
70.1665,0.001434,0.00072,0.965534
70.1685,0.001434,0.00072,0.965322
70.1705,0.006331,0.00072,0.965195
70.1725,0.006331,0.00072,0.96487
70.1745,0.00826,0.00072,0.964562
70.1765,0.00722,0.00072,0.964381
70.1785,0.003646,0.00072,0.964044
70.1805,0.003646,0.00072,0.963908
70.1825,0.009693,0.00072,0.963608
70.1845,0.015203,0.00072,0.963415
70.1865,0.012686,0.00072,0.963133
70.1885,0.00669,0.00072,0.96296
70.1909,0.015985,0.00072,0.962875
70.1925,0.021979,0.00072,0.962812
70.1945,0.012823,0.00072,0.962826
70.1965,0.012823,0.00072,0.962906
70.1985,0.006645,0.00072,0.963004
70.2005,0.012696,0.00072,0.963097
70.2025,0.003308,0.00072,0.963114
70.2045,0.003308,0.00072,0.963311
70.2065,0.000334,0.00072,0.963349
70.2085,0.006921,0.00072,0.963488
70.2105,0.001777,0.00072,0.96355
70.2125,0.001777,0.00072,0.963623
70.2145,0.001777,0.00072,0.963636
70.2165,0.008064,0.00072,0.963746
70.2185,0.000898,0.00072,0.963656
70.2205,0.000898,0.00072,0.963699
70.2219,0.001206,0.00072,0.963628
70.2235,0.001206,0.00072,0.963651
70.2255,0.001206,0.00072,0.963619
70.2275,0.004793,0.00072,0.963574
70.2293,0.000794,0.00072,0.963571
70.2309,0.002487,0.00072,0.963514
70.2325,0.000755,0.00072,0.963488
70.2339,0.003648,0.00072,0.963428
70.2355,0.004273,0.00072,0.963502
70.2369,0.004273,0.00072,0.963439
70.2385,0.004273,0.00072,0.963544
70.2399,0.004273,0.00072,0.963664
70.2415,0.003108,0.00072,0.963533
70.2429,0.003108,0.00072,0.963606
70.2445,0.003108,0.00072,0.963685
70.2459,0.003108,0.00072,0.963633
70.2479,0.003127,0.00072,0.963647
70.2495,0.008682,0.00072,0.963617
70.2509,0.008682,0.00072,0.963663
70.2529,0.01644,0.00072,0.963678
70.2545,0.006531,0.00072,0.96356
70.2559,0.004015,0.00072,0.963586
70.2575,0.002999,0.00072,0.963585
70.2589,0.010019,0.00072,0.963593
70.2605,0.006549,0.00072,0.963542
70.2619,0.006549,0.00072,0.963591
70.2645,0.006549,0.00072,0.96355
70.2659,0.006549,0.00072,0.963557
70.2675,0.006549,0.00072,0.963621
70.2689,0.007031,0.00072,0.963673
70.2705,0.007031,0.00072,0.963612
70.2719,0.007031,0.00072,0.96365
70.2735,0.005951,0.00072,0.96363
70.2755,0.00089,0.00072,0.963615
70.2769,0.00089,0.00072,0.963623
70.2785,0.007065,0.00072,0.963482
70.2809,0.007065,0.00072,0.963639
70.2825,0.007065,0.00072,0.963647
70.2839,0.007065,0.00072,0.963599
70.2853,0.007065,0.00072,0.963605
70.2869,0.007065,0.00072,0.963632
70.2885,0.000831,0.00072,0.963575
70.2905,0.000831,0.00072,0.963572
70.2925,0.008886,0.00072,0.963573
70.2945,0.008886,0.00072,0.963549
70.2965,0.008886,0.00072,0.963644
70.2975,0.002025,0.00072,0.963593
70.2995,0.002025,0.00072,0.963529
70.3013,0.002025,0.00072,0.963565
70.3029,0.000904,0.00072,0.963573
70.3045,0.008881,0.00072,0.963569
70.3065,0.008881,0.00072,0.963521
70.3085,0.008881,0.00072,0.963612
70.3105,0.010096,0.00072,0.963548
70.3125,0.011061,0.00072,0.963617
70.3145,0.011061,0.00072,0.963535
70.3165,0.011061,0.00072,0.963498
70.3185,0.007568,0.00072,0.963577
70.3205,0.007568,0.00072,0.963572
70.3225,0.007568,0.00072,0.963615
70.3245,0.007568,0.00072,0.963512
70.3259,0.007568,0.00072,0.963581
70.3285,0.004943,0.00072,0.963566
70.3305,0.004943,0.00072,0.963518
70.3325,0.004943,0.00072,0.963575
70.3345,0.004943,0.00072,0.963626
70.3365,0.00097,0.00072,0.963568
70.3385,0.00097,0.00072,0.963649
70.3405,0.00097,0.00072,0.963581
70.3425,0.000882,0.00072,0.963624
70.3449,0.000882,0.00072,0.963621
70.3465,0.000882,0.00072,0.963546
70.3475,0.000882,0.00072,0.963542
70.3493,0.000916,0.00072,0.963593
70.3509,0.004272,0.00072,0.963621
70.3525,0.011714,0.00072,0.963633
70.3545,0.011714,0.00072,0.963509
70.3565,0.003439,0.00072,0.963581
70.3585,0.003439,0.00072,0.963624
70.3605,0.003439,0.00072,0.963613
70.3615,0.003439,0.00072,0.96357
70.3635,0.002074,0.00072,0.963538
70.3653,0.008861,0.00072,0.963476
70.3669,0.008861,0.00072,0.963562
70.3685,0.005366,0.00072,0.96356
70.3695,0.005366,0.00072,0.963569
70.3715,0.0049,0.00072,0.963572
70.3739,0.003789,0.00072,0.963509
70.3755,0.003789,0.00072,0.96358
70.3775,0.008769,0.00072,0.963571
70.3795,0.000934,0.00072,0.963503
70.3813,0.000934,0.00072,0.963576
70.3825,0.000951,0.00072,0.96355
70.3845,0.000951,0.00072,0.963575
70.3855,0.004943,0.00072,0.963611
70.3875,0.004943,0.00072,0.963676
70.3885,0.003826,0.00072,0.963593
70.3905,0.003826,0.00072,0.96367
70.3915,0.009009,0.00072,0.963585
70.3935,0.009009,0.00072,0.963658
70.3955,0.009009,0.00072,0.963547
70.3965,0.000923,0.00072,0.963586
70.3985,0.000923,0.00072,0.963571
70.4005,0.004846,0.00072,0.963614
70.4029,0.003248,0.00072,0.963684
70.4045,0.003248,0.00072,0.963563
70.4055,0.003248,0.00072,0.963579
70.4085,0.003248,0.00072,0.96357
70.4105,0.002073,0.00072,0.963557
70.4125,0.006716,0.00072,0.96356
70.4145,0.006716,0.00072,0.963627
70.4165,0.006716,0.00072,0.963589
70.4185,0.002021,0.00072,0.963542
70.4205,0.006681,0.00072,0.963556
70.4225,0.006681,0.00072,0.963586
70.4245,0.006681,0.00072,0.963604
70.4265,0.00795,0.00072,0.963552
70.4285,0.006712,0.00072,0.963549
70.4299,0.006712,0.00072,0.96358
70.4315,0.006697,0.00072,0.963608
70.4335,0.005595,0.00072,0.963657
70.4359,0.005595,0.00072,0.963749
70.4373,0.003815,0.00072,0.963806
70.4389,0.005732,0.00072,0.963743
70.4405,0.004941,0.00072,0.963741
70.4425,0.008678,0.00072,0.963734
70.4445,0.003788,0.00072,0.963735
70.4459,0.00468,0.00072,0.963743
70.4475,0.007495,0.00072,0.963784
70.4495,0.002937,0.00072,0.963819
70.4515,0.002937,0.00072,0.963809
70.4533,0.002937,0.00072,0.963849
70.4549,0.010888,0.00072,0.963812
70.4565,0.010888,0.00072,0.963762
70.4585,0.005076,0.00072,0.963834
70.4605,0.005076,0.00072,0.963782
70.4619,0.014071,0.00072,0.96376
70.4635,0.004749,0.00072,0.963797
70.4655,0.004749,0.00072,0.963881
70.4679,0.008416,0.00072,0.963901
70.4693,0.008416,0.00072,0.963803
70.4709,0.007534,0.00072,0.963837
70.4725,0.009203,0.00072,0.963831
70.4745,0.002856,0.00072,0.963958
70.4755,0.002898,0.00072,0.963888
70.4774,0.001937,0.00072,0.963815
70.4789,0.011197,0.00072,0.963823
70.4805,0.003761,0.00072,0.963894
70.4825,0.004652,0.00072,0.963803
70.4845,0.005622,0.00072,0.963859
70.4859,0.002722,0.00072,0.96392
70.4875,0.003798,0.00072,0.963947
70.4895,0.000165,0.00072,0.963877
70.4915,0.000165,0.00072,0.963943
70.4934,0.000165,0.00072,0.963983
70.4949,0.000165,0.00072,0.963863
70.4969,0.000165,0.00072,0.963962
70.4985,0.000165,0.00072,0.963971
70.5005,0.008381,0.00072,0.963995
70.5025,0.008381,0.00072,0.963948
70.5045,0.000243,0.00072,0.964035
70.5065,0.000243,0.00072,0.964095
70.5085,0.011862,0.00072,0.964063
70.5105,0.011862,0.00072,0.964049
70.5125,0.011862,0.00072,0.964162
70.5145,0.007488,0.00072,0.964194
70.5165,0.004373,0.00072,0.964354
70.5185,0.001067,0.00072,0.964287
70.5205,0.006824,0.00072,0.964375
70.5225,0.001088,0.00072,0.964488
70.5245,0.001088,0.00072,0.964567
70.5265,0.012469,0.00072,0.964626
70.5285,0.006702,0.00072,0.964649
70.5309,0.002932,0.00072,0.964699
70.5325,0.002932,0.00072,0.964764
70.5345,0.011342,0.00072,0.964882
70.5365,0.005988,0.00072,0.964899
70.5385,0.005987,0.00072,0.96514
70.5405,0.005987,0.00072,0.965319
70.5425,0.001188,0.00072,0.965415
70.5445,0.003176,0.00072,0.965508
70.5465,0.000819,0.00072,0.965666
70.5485,0.000819,0.00072,0.965845
70.5505,0.00088,0.00072,0.965938
70.5525,0.00156,0.00072,0.966155
70.5545,0.00156,0.00072,0.966418
70.5565,0.006712,0.00072,0.9666
70.5585,0.006712,0.00072,0.966702
70.5605,0.001395,0.00072,0.967084
70.5625,0.000257,0.00072,0.967178
70.5645,0.003064,0.00072,0.967446
70.5665,0.001022,0.00072,0.967711
70.5685,0.000402,0.00072,0.967874
70.5705,0.000402,0.00072,0.968093
70.5725,0.002094,0.00072,0.968385
70.5745,0.002094,0.00072,0.96868
70.5765,0.004723,0.00072,0.968828
70.5785,0.004723,0.00072,0.969042
70.5805,0.014348,0.00072,0.96935
70.5825,0.014348,0.00072,0.969569
70.5845,0.014348,0.00072,0.969804
70.5865,0.002469,0.00072,0.97001
70.5885,0.002469,0.00072,0.970111
70.5905,0.001515,0.00072,0.970287
70.5925,0.001515,0.00072,0.970482
70.5945,0.001515,0.00072,0.970625
70.5965,0.001515,0.00072,0.970652
70.5985,0.006047,0.00072,0.970777
70.6009,0.009933,0.00072,0.97094
70.6025,0.010805,0.00072,0.970982
70.6045,0.00666,0.00072,0.97105
70.606,0.00666,0.00072,0.971064
70.6075,0.00666,0.00072,0.971244
70.6095,0.00666,0.00072,0.971259
70.6115,0.01544,0.00072,0.971339
70.6134,0.00764,0.00072,0.97138
70.6145,0.002621,0.00072,0.971579
70.6165,0.016687,0.00072,0.971612
70.6185,0.016687,0.00072,0.971602
70.6205,0.010587,0.00072,0.971796
70.6225,0.008087,0.00072,0.971873
70.6245,0.009498,0.00072,0.972022
70.6265,0.009498,0.00072,0.972254
70.6285,0.00178,0.00072,0.972417
70.6305,0.019323,0.00072,0.972685
70.6325,0.004796,0.00072,0.972972
70.6345,0.004796,0.00072,0.973229
70.6365,0.021135,0.00072,0.973547
70.6385,0.022973,0.00072,0.973981
70.6405,0.007813,0.00072,0.974328
70.6425,0.01734,0.00072,0.974686
70.6445,0.01734,0.00072,0.975258
70.6465,0.009967,0.00072,0.975699
70.6485,0.009967,0.00072,0.976066
70.6505,0.012567,0.00072,0.976524
70.6525,0.010739,0.00072,0.977065
70.6545,0.010723,0.00072,0.977494
70.6565,0.010723,0.00072,0.977956
70.6585,0.008185,0.00072,0.97842
70.6605,0.003414,0.00072,0.978943
70.6625,0.003414,0.00072,0.97917
70.6645,0.000265,0.00072,0.979818
70.6665,0.000265,0.00072,0.980287
70.669,0.000265,0.00072,0.980857
70.6705,0.000265,0.00072,0.981372
70.6725,0.000265,0.00072,0.981736
70.6745,0.031448,0.00072,0.982388
70.6765,0.003415,0.00072,0.982714
70.6785,0.003415,0.00072,0.983309
70.6805,0.003415,0.00072,0.983744
70.6825,0.024145,0.00072,0.984212
70.6845,0.023379,0.00072,0.984738
70.6865,0.023379,0.00072,0.985229
70.6885,0.023379,0.00072,0.985724
70.6905,0.019645,0.00072,0.986228
70.6925,0.043713,0.00072,0.986898
70.6945,0.018494,0.00072,0.987487
70.6965,0.018494,0.00072,0.988182
70.6985,0.018494,0.00072,0.988805
70.7005,0.017937,0.00072,0.989487
70.703,0.011,0.00072,0.990155
70.7045,0.011,0.00072,0.991038
70.7065,0.011,0.00072,0.991691
70.7085,0.001202,0.00072,0.992335
70.7105,0.004728,0.00072,0.993072
70.7125,0.021692,0.00072,0.993844
70.7146,0.021692,0.00072,0.994518
70.7165,0.021692,0.00072,0.995413
70.7185,0.021692,0.00072,0.996079
70.7205,0.018294,0.00072,0.996924
70.7226,0.018294,0.00072,0.997596
70.7246,0.018294,0.00072,0.998361
70.7266,0.018294,0.00072,0.999212
70.7286,0.018294,0.00072,0.999912
70.7306,0.018294,0.04332,1.00072
70.7326,0.057245,0.09,1.0015
70.7346,0.147831,0.1272,1.00212
70.7366,0.237953,0.15924,1.00265
70.7386,0.328741,0.16056,1.00268
70.7406,0.364545,0.13446,1.00224
70.7426,0.352272,0.0747,1.00125
70.7446,0.279391,0.0747,0.999572
70.7466,0.150761,0.0747,0.998124
70.7486,0.06762,0.0747,0.996968
70.7505,0.083107,0.0747,0.995733
70.7525,0.036884,0.0747,0.99477
70.7546,0.054476,0.0747,0.993918
70.7566,0.065935,0.0747,0.993212
70.7586,0.057555,0.0747,0.992853
70.7606,0.032271,0.0747,0.992712
70.7626,0.024199,0.0747,0.99259
70.7646,0.029604,0.0747,0.99267
70.7666,0.046735,0.0747,0.992905
70.7686,1.7e-05,0.0747,0.993083
70.7706,1.7e-05,0.0747,0.993441
70.7726,0.012991,0.0747,0.993819
70.7746,0.009034,0.0747,0.99408
70.7766,0.024969,0.0747,0.994575
70.7786,0.001314,0.0747,0.995157
70.7806,0.001314,0.0747,0.995694
70.7826,0.001561,0.0747,0.996269
70.7846,0.027299,0.0747,0.997009
70.7866,0.027299,0.0747,0.997674
70.7886,0.027299,0.0747,0.998463
70.7906,0.027299,0.0747,0.999169
70.7926,0.003896,0.0747,0.999884
70.7946,0.002977,0.03516,1.00059
70.7966,0.041811,0.08814,1.00147
70.7986,0.133271,0.13032,1.00217
70.8006,0.247704,0.14808,1.00247
70.8026,0.306536,0.16446,1.00274
70.8046,0.362424,0.14502,1.00242
70.807,0.375315,0.0924,1.00154
70.809,0.342327,0.0924,0.999787
70.811,0.182683,0.0924,0.998326
70.8126,0.084302,0.0924,0.997225
70.8146,0.072044,0.0924,0.996248
70.8166,0.033153,0.0924,0.995185
70.8186,0.052874,0.0924,0.994373
70.8206,0.065263,0.0924,0.993786
70.8226,0.065781,0.0924,0.993388
70.8246,0.026229,0.0924,0.99323
70.8266,0.034602,0.0924,0.993236
70.8286,0.048459,0.0924,0.993444
70.8306,0.035153,0.0924,0.993752
70.8326,0.000836,0.0924,0.994072
70.8346,0.005059,0.0924,0.994553
70.8366,0.013173,0.0924,0.995168
70.8386,0.013173,0.0924,0.995512
70.8406,0.022652,0.0924,0.996181
70.843,0.010964,0.0924,0.996908
70.8446,0.010009,0.0924,0.997916
70.8466,0.000169,0.0924,0.998589
70.8486,0.000169,0.0924,0.999541
70.8506,0.000169,0.02412,1.0004
70.8526,0.043656,0.08274,1.00138
70.8546,0.119157,0.14046,1.00234
70.8566,0.258127,0.1794,1.00299
70.8586,0.357849,0.20748,1.00346
70.8606,0.44062,0.19368,1.00323
70.8626,0.472643,0.14112,1.00235
70.8646,0.459859,0.05634,1.00094
70.8666,0.260666,0.05634,0.999257
70.8686,0.086995,0.05634,0.997513
70.8706,0.069137,0.05634,0.995912
70.8726,0.0428,0.05634,0.994347
70.8746,0.044581,0.05634,0.992943
70.877,0.087106,0.05634,0.992017
70.8786,0.077837,0.05634,0.990938
70.8806,0.042609,0.05634,0.990533
70.8826,0.0398,0.05634,0.990439
70.8846,0.03986,0.05634,0.990315
70.8866,0.03986,0.05634,0.990383
70.8886,0.005749,0.05634,0.990703
70.8906,0.025334,0.05634,0.991039
70.8926,0.042786,0.05634,0.991536
70.8946,0.052657,0.05634,0.992095
70.8966,0.007709,0.05634,0.992793
70.8986,0.013664,0.05634,0.993461
70.9006,0.028798,0.05634,0.994491
70.9026,0.031313,0.05634,0.99539
70.9046,0.008914,0.05634,0.996337
70.9066,0.008914,0.05634,0.99743
70.9086,0.012041,0.05634,0.9984
70.911,0.01604,0.05634,0.999445
70.9126,0.01604,0.04452,1.00074
70.9146,0.06092,0.10644,1.00177
70.9166,0.18334,0.15756,1.00263
70.9186,0.286493,0.2079,1.00347
70.9206,0.401855,0.22824,1.0038
70.9226,0.494871,0.20964,1.00349
70.9246,0.557466,0.1377,1.0023
70.9266,0.483502,0.048,1.0008
70.9286,0.247744,0.048,0.998938
70.9306,0.085201,0.048,0.997004
70.9326,0.053342,0.048,0.995061
70.9346,0.031316,0.048,0.993158
70.9366,0.057416,0.048,0.991588
70.9386,0.046784,0.048,0.990448
70.9406,0.049802,0.048,0.989462
70.9426,0.050598,0.048,0.9888
70.9446,0.072122,0.048,0.988299
70.9466,0.031377,0.048,0.988119
70.9486,0.045793,0.048,0.988135
70.9506,0.043073,0.048,0.988354
70.9526,0.035828,0.048,0.988729
70.9546,0.035828,0.048,0.989149
70.9566,0.035828,0.048,0.98963
70.9586,0.022908,0.048,0.990243
70.9606,0.076241,0.048,0.990848
70.9626,0.003501,0.048,0.991716
70.9646,0.00908,0.048,0.992687
70.9666,0.000759,0.048,0.993657
70.9686,0.020916,0.048,0.994659
70.9706,0.020916,0.048,0.995651
70.9726,0.020916,0.048,0.996579
70.9746,0.020916,0.048,0.997675
70.9766,0.006137,0.048,0.998627
70.9786,0.006137,0.048,0.999587
70.981,0.006137,0.04722,1.00079
70.983,0.065947,0.11796,1.00197
70.985,0.195152,0.18432,1.00307
70.987,0.341802,0.2292,1.00382
70.989,0.457122,0.24216,1.00404
70.991,0.527994,0.21018,1.0035
70.993,0.584855,0.12174,1.00203
70.995,0.464634,0.0186,1.00031
70.997,0.161015,0.0186,0.998314
70.999,0.065383,0.0186,0.996123
71.0006,0.071834,0.0186,0.994055
71.0026,0.031237,0.0186,0.992497
71.0046,0.042514,0.0186,0.990978
71.0066,0.026426,0.0186,0.989617
71.0086,0.071619,0.0186,0.988599
71.0106,0.044413,0.0186,0.987791
71.0126,0.02949,0.0186,0.987235
71.0146,0.052126,0.0186,0.987005
71.0166,0.035452,0.0186,0.987034
71.018,0.035452,0.0186,0.987034
71.0196,0.044405,0.0186,0.987295
71.0214,0.029295,0.0186,0.987585
71.023,0.015211,0.0186,0.987978
71.0246,0.026827,0.0186,0.988378
71.0266,0.017054,0.0186,0.988727
71.0286,0.037308,0.0186,0.989312
71.0306,0.030166,0.0186,0.990111
71.0326,0.039448,0.0186,0.990947
71.0346,0.014069,0.0186,0.992016
71.0366,0.014069,0.0186,0.992943
71.0386,0.014069,0.0186,0.994129
71.0406,0.014069,0.0186,0.995091
71.0426,0.003286,0.0186,0.996263
71.0446,0.015415,0.0186,0.997243
71.0466,0.014866,0.0186,0.998519
71.049,0.001217,0.0186,0.999597
71.0506,0.001217,0.0579,1.00097
71.0526,0.076435,0.11004,1.00183
71.0546,0.187087,0.17466,1.00291
71.0566,0.326537,0.21168,1.00353
71.0586,0.424519,0.2244,1.00374
71.0606,0.488983,0.18726,1.00312
71.0626,0.545074,0.10602,1.00177
71.0646,0.397356,0.009,1.00015
71.0666,0.165878,0.009,0.998385
71.0686,0.08401,0.009,0.996479
71.0706,0.063123,0.009,0.994697
71.0726,0.050141,0.009,0.992982
71.0746,0.039074,0.009,0.9916
71.0766,0.053738,0.009,0.990532
71.0786,0.076868,0.009,0.989653
71.0806,0.04286,0.009,0.989061
71.083,0.014746,0.009,0.988631
71.0846,0.078418,0.009,0.988428
71.0866,0.068887,0.009,0.988429
71.0886,0.014806,0.009,0.988613
71.0906,0.00793,0.009,0.988895
71.0926,0.035124,0.009,0.989317
71.0946,0.039404,0.009,0.98974
71.0966,0.039404,0.009,0.990323
71.0986,0.008644,0.009,0.990849
71.1006,0.000682,0.009,0.991553
71.1026,0.000682,0.009,0.992295
71.1046,0.027164,0.009,0.993168
71.1066,0.017451,0.009,0.994119
71.1086,0.017451,0.009,0.995061
71.1106,0.017451,0.009,0.995971
71.1126,0.00797,0.009,0.996928
71.1146,0.004053,0.009,0.997857
71.117,0.004053,0.009,0.998747
71.1186,0.004053,0.009,0.999853
71.1206,0.004053,0.03768,1.00063
71.1226,0.037947,0.08514,1.00142
71.1246,0.129708,0.1464,1.00244
71.1266,0.268871,0.1773,1.00296
71.1286,0.346828,0.19536,1.00326
71.1306,0.413067,0.1653,1.00276
71.1326,0.434728,0.09564,1.00159
71.1346,0.380139,0.0042,1.00007
71.1366,0.166959,0.0042,0.998361
71.1386,0.067404,0.0042,0.996572
71.1406,0.033438,0.0042,0.99515
71.1426,0.037858,0.0042,0.993658
71.1446,0.070939,0.0042,0.992446
71.1466,0.026771,0.0042,0.991459
71.1486,0.033975,0.0042,0.990759
71.151,0.056889,0.0042,0.990154
71.1526,0.016852,0.0042,0.989736
71.1546,0.030475,0.0042,0.989616
71.1566,0.040016,0.0042,0.98943
71.1586,0.040126,0.0042,0.98949
71.1606,0.021339,0.0042,0.989674
71.1626,0.021339,0.0042,0.990066
71.1646,0.042724,0.0042,0.990353
71.1666,0.041937,0.0042,0.990865
71.1686,0.009973,0.0042,0.991284
71.1706,0.025254,0.0042,0.991879
71.1726,0.022818,0.0042,0.992542
71.1746,0.03139,0.0042,0.993199
71.1766,0.03139,0.0042,0.994045
71.1786,0.012562,0.0042,0.994795
71.1806,0.014685,0.0042,0.995524
71.1826,0.014685,0.0042,0.996317
71.1846,0.014685,0.0042,0.997075
71.1866,0.014685,0.0042,0.99765
71.1886,0.014685,0.0042,0.998418
71.1906,0.014685,0.0042,0.999049
71.1926,0.014685,0.0042,0.999671
71.1946,0.014685,0.01188,1.0002
71.1966,0.003427,0.05166,1.00086
71.1986,0.070864,0.08106,1.00135
71.2006,0.149732,0.09882,1.00165
71.2026,0.191561,0.10794,1.0018
71.2046,0.231609,0.09876,1.00165
71.2066,0.2499,0.06438,1.00107
71.2086,0.2282,0.0078,1.00013
71.2106,0.107211,0.0078,0.999138
71.2126,0.043397,0.0078,0.998117
71.2146,0.031872,0.0078,0.997231
71.2166,0.017362,0.0078,0.996421
71.2186,0.02468,0.0078,0.995742
71.2206,0.008955,0.0078,0.995196
71.2226,0.042302,0.0078,0.994693
71.2246,0.004142,0.0078,0.994325
71.2266,0.017371,0.0078,0.994079
71.2286,0.043288,0.0078,0.994073
71.2306,0.044226,0.0078,0.993937
71.2326,0.044226,0.0078,0.994061
71.2346,0.000818,0.0078,0.994343
71.2366,0.000818,0.0078,0.994465
71.2386,0.025578,0.0078,0.994656
71.2406,0.017108,0.0078,0.994845
71.2426,0.017108,0.0078,0.995113
71.2446,0.017108,0.0078,0.995352
71.2466,0.017108,0.0078,0.995454
71.2486,0.001068,0.0078,0.995749
71.2506,0.001068,0.0078,0.995985
71.2526,0.000506,0.0078,0.995978
71.255,0.000506,0.0078,0.996266
71.2566,0.000506,0.0078,0.996558
71.2586,0.000506,0.0078,0.996666
71.2606,0.000506,0.0078,0.996815
71.2626,0.009925,0.0078,0.996911
71.2646,0.016852,0.0078,0.996915
71.2666,0.016852,0.0078,0.997189
71.2686,0.016852,0.0078,0.997225
71.2706,0.01374,0.0078,0.997393
71.2726,0.008299,0.0078,0.997447
71.2746,0.018238,0.0078,0.997528
71.2766,0.018238,0.0078,0.997542
71.2786,0.018238,0.0078,0.997574
71.2806,0.018238,0.0078,0.997665
71.2826,0.01532,0.0078,0.997703
71.2846,0.01532,0.0078,0.997678
71.2866,0.01532,0.0078,0.99772
71.2891,0.01532,0.0078,0.997724
71.2906,0.008651,0.0078,0.997765
71.2926,0.002134,0.0078,0.997845
71.2946,0.002134,0.0078,0.997733
71.2966,0.002134,0.0078,0.997819
71.2986,0.003162,0.0078,0.997669
71.3006,0.018909,0.0078,0.997802
71.3026,0.018909,0.0078,0.997745
71.3046,0.018909,0.0078,0.997707
71.3066,0.008724,0.0078,0.997764
71.3086,0.010335,0.0078,0.997684
71.3106,0.010335,0.0078,0.997849
71.3126,0.010335,0.0078,0.997631
71.3146,0.004319,0.0078,0.997714
71.3166,0.011892,0.0078,0.997756
71.3186,0.011892,0.0078,0.997649
71.3206,0.011892,0.0078,0.997727
71.3226,0.006574,0.0078,0.99775
71.3246,0.006574,0.0078,0.997718
71.3266,0.006574,0.0078,0.997767
71.3286,0.006574,0.0078,0.997789
71.3306,0.005564,0.0078,0.997726
71.3326,0.016769,0.0078,0.997813
71.3346,0.004252,0.0078,0.997707
71.3366,0.004252,0.0078,0.997685
71.3386,0.007543,0.0078,0.997649
71.3406,0.000898,0.0078,0.997636
71.3426,0.000898,0.0078,0.997676
71.3446,0.000898,0.0078,0.997733
71.3466,0.004324,0.0078,0.997669
71.3486,0.015382,0.0078,0.997721
71.3506,0.007601,0.0078,0.997781
71.3526,0.007601,0.0078,0.997653
71.3546,0.006472,0.0078,0.997745
71.3566,0.010971,0.0078,0.997691
71.3586,0.010971,0.0078,0.99766
71.3606,0.010971,0.0078,0.997743
71.3626,0.013214,0.0078,0.997683
71.3646,0.013214,0.0078,0.997703
71.3666,0.013214,0.0078,0.99765
71.3686,0.000907,0.0078,0.997617
71.3706,0.017513,0.0078,0.997721
71.3726,0.017513,0.0078,0.997593
71.3746,0.017513,0.0078,0.997647
71.3766,0.017513,0.0078,0.997645
71.3786,0.015361,0.0078,0.997643
71.3806,0.015361,0.0078,0.997645
71.3826,0.015361,0.0078,0.997667
71.3846,0.015361,0.0078,0.99762
71.3867,0.013643,0.0078,0.997717
71.3887,0.014581,0.0078,0.997651
71.3906,0.004184,0.0078,0.997596
71.3926,0.004184,0.0078,0.997583
71.3947,0.003189,0.0078,0.99762
71.3967,0.019056,0.0078,0.997641
71.3986,0.000841,0.0078,0.99756
71.4006,0.000841,0.0078,0.997604
71.4027,0.011202,0.0078,0.997489
71.4047,0.004319,0.0078,0.997498
71.4066,0.004319,0.0078,0.997497
71.4086,0.004319,0.0078,0.997501
71.4107,0.015712,0.0078,0.997438
71.4127,0.015712,0.0078,0.997509
71.4147,0.015712,0.0078,0.997458
71.4167,0.015712,0.0078,0.997413
71.4187,0.012567,0.0078,0.997368
71.4207,0.012567,0.0078,0.997454
71.4226,0.01363,0.0078,0.997451
71.4246,0.009183,0.0078,0.997321
71.4267,0.009183,0.0078,0.997296
71.4287,0.009183,0.0078,0.997308
71.4307,0.009183,0.0078,0.997328
71.4327,0.013944,0.0078,0.997262
71.4347,0.013944,0.0078,0.997245
71.4367,0.013944,0.0078,0.997292
71.4387,0.013944,0.0078,0.997176
71.4407,0.010435,0.0078,0.997156
71.4427,0.010435,0.0078,0.997117
71.4447,0.010435,0.0078,0.997125
71.4467,0.010435,0.0078,0.997039
71.4487,0.01344,0.0078,0.997017
71.4507,0.01344,0.0078,0.996997
71.4527,0.01344,0.0078,0.996974
71.4547,0.01344,0.0078,0.996865
71.4567,0.005137,0.0078,0.996848
71.4591,0.005137,0.0078,0.996855
71.4607,0.005137,0.0078,0.996829
71.4627,0.005137,0.0078,0.996822
71.4647,0.005137,0.0078,0.996695
71.4667,0.005137,0.0078,0.996718
71.4687,0.013903,0.0078,0.996695
71.4707,0.013903,0.0078,0.996721
71.4727,0.013903,0.0078,0.996674
71.4747,0.00743,0.0078,0.996515
71.4767,0.012094,0.0078,0.996623
71.4787,0.011761,0.0078,0.996564
71.4807,0.011761,0.0078,0.996475
71.4827,0.021235,0.0078,0.99657
71.4847,0.007521,0.0078,0.996501
71.4867,0.009424,0.0078,0.996452
71.4887,0.009424,0.0078,0.996372
71.4907,0.010201,0.0078,0.996437
71.4927,0.00966,0.0078,0.996366
71.4947,0.00966,0.0078,0.996282
71.4967,0.00966,0.0078,0.996192
71.4987,0.005456,0.0078,0.996215
71.5007,0.005456,0.0078,0.996217
71.5027,0.015412,0.0078,0.99606
71.5047,0.000272,0.0078,0.996081
71.5067,0.022525,0.0078,0.996085
71.5087,0.022525,0.0078,0.995954
71.5107,0.014783,0.0078,0.99584
71.5127,0.012321,0.0078,0.99574
71.5147,0.012321,0.0078,0.995666
71.5167,0.012321,0.0078,0.995603
71.5187,0.004605,0.0078,0.99553
71.5207,0.023693,0.0078,0.995417
71.5227,0.023693,0.0078,0.995269
71.5247,0.023693,0.0078,0.995232
71.5271,0.023693,0.0078,0.994965
71.5287,0.013386,0.0078,0.994865
71.5307,0.013386,0.0078,0.994566
71.5327,0.013386,0.0078,0.994453
71.5347,0.013386,0.0078,0.994214
71.5367,0.013386,0.0078,0.994006
71.5387,0.013386,0.0078,0.993773
71.5407,0.013386,0.0078,0.99361
71.5427,0.013386,0.0078,0.993277
71.5447,0.013386,0.0078,0.993215
71.5467,0.005567,0.0078,0.992977
71.5487,0.024957,0.0078,0.992897
71.5507,0.024957,0.0078,0.992634
71.5527,0.024957,0.0078,0.992547
71.5547,0.025765,0.0078,0.992453
71.5567,0.025765,0.0078,0.992391
71.5587,0.015898,0.0078,0.992243
71.5607,0.020518,0.0078,0.992122
71.5627,0.011573,0.0078,0.991974
71.5647,0.011573,0.0078,0.991995
71.5667,0.037875,0.0078,0.991867
71.5687,0.004585,0.0078,0.991785
71.5707,0.004585,0.0078,0.991702
71.5727,0.004585,0.0078,0.991709
71.5747,0.026442,0.0078,0.991499
71.5767,0.002756,0.0078,0.991518
71.5787,0.011982,0.0078,0.991386
71.5807,0.011982,0.0078,0.991328
71.5827,0.022531,0.0078,0.991193
71.5847,0.021292,0.0078,0.991211
71.5867,0.021292,0.0078,0.991005
71.5887,0.021292,0.0078,0.990941
71.5907,0.021292,0.0078,0.990782
71.5927,0.026227,0.0078,0.990704
71.5951,0.026227,0.0078,0.990591
71.5967,0.026227,0.0078,0.990441
71.5987,0.003294,0.0078,0.990226
71.6007,0.00598,0.0078,0.990142
71.6027,0.00598,0.0078,0.9899
71.6047,0.00598,0.0078,0.989756
71.6067,0.00598,0.0078,0.989598
71.6087,0.012973,0.0078,0.989341
71.6107,0.012973,0.0078,0.989126
71.6127,0.012973,0.0078,0.988902
71.6147,0.012973,0.0078,0.988647
71.6167,0.012973,0.0078,0.988379
71.6187,0.012973,0.0078,0.988056
71.6207,0.012973,0.0078,0.987797
71.6227,0.012973,0.0078,0.987534
71.6247,0.012973,0.0078,0.987359
71.6271,0.012973,0.0078,0.987199
71.6287,0.004494,0.0078,0.986915
71.6307,0.004494,0.0078,0.98685
71.6327,0.004494,0.0078,0.986551
71.6347,0.004645,0.0078,0.986536
71.6367,0.005949,0.0078,0.986341
71.6387,0.005949,0.0078,0.986236
71.6407,0.005949,0.0078,0.986063
71.6427,0.000318,0.0078,0.986106
71.6447,0.004801,0.0078,0.986022
71.6467,0.004801,0.0078,0.985933
71.6487,0.015874,0.0078,0.985932
71.6507,0.015874,0.0078,0.98597
71.6527,0.015874,0.0078,0.985828
71.6547,0.015874,0.0078,0.985899
71.6567,0.01475,0.0078,0.985832
71.6587,0.000231,0.0078,0.985824
71.6611,0.030495,0.0078,0.98589
71.6627,0.030495,0.0078,0.985906
71.6647,0.030495,0.0078,0.985871
71.6667,0.008173,0.0078,0.985877
71.6687,0.022713,0.0078,0.985768
71.6707,0.022713,0.0078,0.98591
71.6727,0.022713,0.0078,0.98581
71.6747,0.000442,0.0078,0.985845
71.6767,0.022781,0.0078,0.985814
71.6787,0.022781,0.0078,0.985799
71.6807,0.022781,0.0078,0.985833
71.6827,0.022781,0.0078,0.985781
71.6847,0.022781,0.0078,0.985876
71.6867,0.022781,0.0078,0.985762
71.6887,0.009494,0.0078,0.98577
71.6907,0.009494,0.0078,0.985739
71.6927,0.009494,0.0078,0.985654
71.6951,0.01286,0.0078,0.985793
71.6967,0.027371,0.0078,0.985728
71.6987,0.009544,0.0078,0.985713
71.7007,0.009544,0.0078,0.985709
71.7027,0.027248,0.0078,0.985718
71.7047,0.027367,0.0078,0.985662
71.7067,0.018388,0.0078,0.985691
71.7087,0.030646,0.0078,0.985709
71.7107,0.030646,0.0078,0.985575
71.7127,0.030646,0.0078,0.985589
71.7147,0.030646,0.0078,0.985618
71.7167,0.010528,0.0078,0.985606
71.7187,0.010528,0.0078,0.985481
71.7207,0.010528,0.0078,0.985571
71.7227,0.027587,0.0078,0.985558
71.7247,0.006053,0.0078,0.98557
71.7267,0.006053,0.0078,0.985524
71.7287,0.001674,0.0078,0.985531
71.7311,0.001674,0.0078,0.985435
71.7327,0.008585,0.0078,0.985474
71.7347,0.008585,0.0078,0.98553
71.7367,0.022976,0.0078,0.985536
71.7387,0.022976,0.0078,0.985466
71.7407,0.022976,0.0078,0.985453
71.7427,0.022976,0.0078,0.985432
71.7447,0.030788,0.0078,0.985339
71.7467,0.030788,0.0078,0.985392
71.7487,0.030788,0.0078,0.985491
71.7507,0.03083,0.0078,0.985353
71.7527,0.004319,0.0078,0.985355
71.7547,0.014978,0.0078,0.985318
71.7567,0.014978,0.0078,0.985208
71.7587,0.030784,0.0078,0.985197
71.7607,0.025483,0.0078,0.985267
71.7627,0.025483,0.0078,0.985145
71.7651,0.014915,0.0078,0.985127
71.7667,0.022768,0.0078,0.985035
71.7687,0.02282,0.0078,0.984922
71.7707,0.013311,0.0078,0.984904
71.7727,0.013311,0.0078,0.984894
71.7747,0.019059,0.0078,0.984639
71.7767,0.014065,0.0078,0.984607
71.7787,0.014065,0.0078,0.984451
71.7807,0.014065,0.0078,0.9842
71.7827,0.014065,0.0078,0.984051
71.7847,0.018293,0.0078,0.983717
71.7867,0.018293,0.0078,0.983358
71.7887,0.018293,0.0078,0.982945
71.7907,0.018293,0.0078,0.982488
71.7927,0.018293,0.0078,0.981898
71.7947,0.018293,0.0078,0.981409
71.7971,0.016049,0.0078,0.980726
71.7987,0.016049,0.0078,0.979978
71.8007,0.016049,0.0078,0.97952
71.8027,0.003155,0.0078,0.978947
71.8047,0.008974,0.0078,0.978293
71.8067,0.012886,0.0078,0.977709
71.8087,0.012886,0.0078,0.977014
71.8107,0.011152,0.0078,0.976265
71.8127,0.004075,0.0078,0.975609
71.8147,0.010592,0.0078,0.974814
71.8167,0.010592,0.0078,0.974076
71.8187,0.010592,0.0078,0.973381
71.8207,0.004245,0.0078,0.97265
71.8227,0.000772,0.0078,0.971832
71.8247,0.000772,0.0078,0.97119
71.8267,0.000772,0.0078,0.97028
71.8287,0.000772,0.0078,0.969409
71.8307,0.000772,0.0078,0.968521
71.8327,0.000772,0.0078,0.967675
71.8347,0.000642,0.0078,0.966839
71.8367,0.006462,0.0078,0.965933
71.8387,0.011567,0.0078,0.965106
71.8407,0.000254,0.0078,0.964244
71.8427,0.016374,0.0078,0.963398
71.8447,0.013161,0.0078,0.962584
71.8467,0.012173,0.0078,0.961733
71.8487,0.017237,0.0078,0.960916
71.8507,0.017237,0.0078,0.960138
71.8527,0.017237,0.0078,0.959368
71.8547,0.015607,0.0078,0.958588
71.8567,0.015607,0.0078,0.957959
71.8587,0.006544,0.0078,0.95716
71.8607,0.006544,0.0078,0.956478
71.8627,0.00321,0.0078,0.955762
71.8651,0.017897,0.0078,0.955155
71.8667,0.017897,0.0078,0.954387
71.8687,0.014873,0.0078,0.953892
71.8707,0.014873,0.0078,0.953215
71.8727,0.014873,0.0078,0.952534
71.8747,0.014873,0.0078,0.951718
71.8767,0.013603,0.0078,0.951048
71.8787,0.013603,0.0078,0.95041
71.8807,0.013603,0.0078,0.949788
71.8827,0.013603,0.0078,0.94922
71.8847,0.043404,0.0078,0.948539
71.8867,0.043404,0.0078,0.947942
71.8887,0.043404,0.0078,0.947274
71.8907,0.043404,0.0078,0.946703
71.8927,0.029383,0.0078,0.946168
71.8947,0.029383,0.0078,0.945478
71.8967,0.029383,0.0078,0.944875
71.8991,0.029383,0.0078,0.944116
71.9007,0.002128,0.0078,0.943544
71.9027,0.002128,0.0078,0.942991
71.9047,0.002128,0.0078,0.942362
71.9067,0.002128,0.0078,0.941821
71.9087,0.006053,0.0078,0.941193
71.9107,0.008803,0.0078,0.940628
71.9127,0.008803,0.0078,0.939966
71.9147,0.001409,0.0078,0.939359
71.9167,0.004232,0.0078,0.938668
71.9187,0.004232,0.0078,0.937947
71.9207,0.005548,0.0078,0.937329
71.9227,0.005548,0.0078,0.936764
71.9247,0.005548,0.0078,0.936136
71.9267,0.005548,0.0078,0.935618
71.9287,0.003787,0.0078,0.934973
71.9311,0.004527,0.0078,0.934514
71.9327,0.000199,0.0078,0.93394
71.9347,0.01083,0.0078,0.93343
71.9367,0.01083,0.0078,0.933049
71.9387,0.010215,0.0078,0.932586
71.9407,0.003329,0.0078,0.93216
71.9427,0.003329,0.0078,0.93183
71.9447,0.008131,0.0078,0.93145
71.9467,0.007478,0.0078,0.931147
71.9487,0.007478,0.0078,0.930873
71.9507,0.007478,0.0078,0.930563
71.9527,0.007478,0.0078,0.930359
71.9547,0.007478,0.0078,0.930282
71.9567,0.007478,0.0078,0.929953
71.9587,0.007478,0.0078,0.929832
71.9607,0.002977,0.0078,0.929574
71.9627,0.002977,0.0078,0.92945
71.9651,0.002977,0.0078,0.929258
71.9667,0.008893,0.0078,0.929049
71.9687,0.006936,0.0078,0.928856
71.9707,0.006936,0.0078,0.928669
71.9727,0.006936,0.0078,0.928432
71.9747,0.004456,0.0078,0.928313
71.9767,0.013324,0.0078,0.92819
71.9787,0.013324,0.0078,0.927849
71.9807,0.013324,0.0078,0.927701
71.9827,0.013324,0.0078,0.927445
71.9847,0.0085,0.0078,0.927341
71.9867,0.007196,0.0078,0.927064
71.9887,0.007196,0.0078,0.926873
71.9907,0.014784,0.0078,0.926714
71.9927,0.017345,0.0078,0.926438
71.9947,0.004284,0.0078,0.926249
71.9967,0.004284,0.0078,0.926118
71.9987,0.000913,0.0078,0.925928
72.0007,0.019286,0.0078,0.925745
72.0027,0.019286,0.0078,0.92564
72.0047,0.019286,0.0078,0.925473
72.0067,0.000947,0.0078,0.925281
72.0087,0.029172,0.0078,0.925145
72.0107,0.029172,0.0078,0.924895
72.0127,0.029172,0.0078,0.924856
72.0147,0.029172,0.0078,0.924664
72.0167,0.029172,0.0078,0.924577
72.0187,0.029172,0.0078,0.924425
72.0207,0.001292,0.0078,0.924245
72.0227,0.001292,0.0078,0.924184
72.0247,0.001292,0.0078,0.924075
72.0267,0.016461,0.0078,0.923874
72.0287,0.02018,0.0078,0.923797
72.0307,0.016989,0.0078,0.923715
72.0327,0.001041,0.0078,0.923643
72.0347,0.005018,0.0078,0.923513
72.0367,0.001617,0.0078,0.923272
72.0387,0.001036,0.0078,0.923284
72.0407,0.030477,0.0078,0.923193
72.0427,0.030477,0.0078,0.923058
72.0447,0.001437,0.0078,0.922979
72.0467,0.00113,0.0078,0.923056
72.0487,0.02678,0.0078,0.922914
72.0507,0.02678,0.0078,0.922885
72.0527,0.02678,0.0078,0.922763
72.0548,0.02678,0.0078,0.922789
72.0567,0.013368,0.0078,0.922831
72.0587,0.013368,0.0078,0.922842
72.0608,0.001448,0.0078,0.922801
72.0627,0.001216,0.0078,0.922861
72.0647,0.013417,0.0078,0.922858
72.0667,0.01804,0.0078,0.922965
72.0688,0.01804,0.0078,0.922954
72.0708,0.018571,0.0078,0.923024
72.0728,0.019267,0.0078,0.923019
72.0747,0.02213,0.0078,0.923009
72.0768,0.005565,0.0078,0.922972
72.0787,0.00559,0.0078,0.922984
72.0808,0.00141,0.0078,0.922982
72.0828,0.022389,0.0078,0.92305
72.0848,0.022389,0.0078,0.92293
72.0868,0.013778,0.0078,0.922887
72.0888,0.013778,0.0078,0.922865
72.0908,0.018374,0.0078,0.922973
72.0928,0.018374,0.0078,0.922978
72.0948,0.000797,0.0078,0.922921
72.0968,0.001592,0.0078,0.922973
72.0988,0.01818,0.0078,0.922936
72.1012,0.014538,0.0078,0.922997
72.1038,0.018095,0.0078,0.92304
72.1058,0.018095,0.0078,0.922933
72.1078,0.001467,0.0078,0.922979
72.1096,0.0058,0.0078,0.923002
72.1118,0.017994,0.0078,0.923008
72.1138,0.017994,0.0078,0.922931
72.1158,0.017994,0.0078,0.92292
72.1176,0.005447,0.0078,0.922914
72.1198,0.022457,0.0078,0.922963
72.1218,0.022457,0.0078,0.922849
72.1238,0.022457,0.0078,0.92285
72.1256,0.001595,0.0078,0.922889
72.1278,0.001626,0.0078,0.922937
72.1298,0.031099,0.0078,0.922914
72.1318,0.031099,0.0078,0.922897
72.1336,0.031099,0.0078,0.922913
72.1362,0.031099,0.0078,0.922911
72.1378,0.022252,0.0078,0.922874
72.1398,0.006059,0.0078,0.922948
72.1416,0.006059,0.0078,0.922876
72.1438,0.001829,0.0078,0.922822
72.1458,0.009884,0.0078,0.922878
72.1478,0.022801,0.0078,0.922803
72.1496,0.022801,0.0078,0.922862
72.1518,0.022801,0.0078,0.92287
72.1538,0.001599,0.0078,0.922863
72.1558,0.017454,0.0078,0.922856
72.1576,0.022188,0.0078,0.922987
72.1598,0.022188,0.0078,0.923153
72.1618,0.022188,0.0078,0.923318
72.1638,0.022188,0.0078,0.923383
72.1656,0.009538,0.0078,0.923407
72.1678,0.005322,0.0078,0.923446
72.1698,0.005322,0.0078,0.923509
72.1722,0.005322,0.0078,0.923537
72.1736,0.025259,0.0078,0.923533
72.1748,0.005307,0.0078,0.923513
72.1768,0.001275,0.0078,0.92351
72.1788,0.01739,0.0078,0.923509
72.1808,0.009429,0.0078,0.923558
72.1828,0.021332,0.0078,0.923499
72.1848,0.021332,0.0078,0.92346
72.1868,0.01754,0.0078,0.92354
72.1888,0.01754,0.0078,0.923448
72.1908,0.01754,0.0078,0.923469
72.1928,0.001269,0.0078,0.923379
72.1948,0.017497,0.0078,0.923429
72.1968,0.009903,0.0078,0.923413
72.1988,0.005575,0.0078,0.923375
72.2008,0.001345,0.0078,0.923401
72.2028,0.005299,0.0078,0.923399
72.2052,0.005235,0.0078,0.92346
72.2068,0.005268,0.0078,0.923313
72.2088,0.005268,0.0078,0.923351
72.2108,0.005268,0.0078,0.923364
72.2128,0.005106,0.0078,0.923368
72.2148,0.001305,0.0078,0.923269
72.2168,0.001305,0.0078,0.923363
72.2188,0.001305,0.0078,0.923298
72.2208,0.017492,0.0078,0.923283
72.2228,0.02162,0.0078,0.923194
72.2248,0.02162,0.0078,0.92329
72.2268,0.02162,0.0078,0.923253
72.2288,0.005269,0.0078,0.923287
72.2308,0.026126,0.0078,0.923315
72.2328,0.026126,0.0078,0.923283
72.2348,0.000966,0.0078,0.923228
72.2368,0.000966,0.0078,0.923234
72.2388,0.021606,0.0078,0.923224
72.2408,0.021606,0.0078,0.923224
72.2428,0.001187,0.0078,0.923223
72.2448,0.001187,0.0078,0.923308
72.2468,0.017579,0.0078,0.923217
72.2488,0.017579,0.0078,0.923239
72.2508,0.001069,0.0078,0.923189
72.2528,0.009313,0.0078,0.923169
72.2548,0.00102,0.0078,0.923227
72.2568,0.00102,0.0078,0.923151
72.2588,0.001078,0.0078,0.923203
72.2608,0.009182,0.0078,0.923264
72.2628,0.009182,0.0078,0.923212
72.2648,0.001067,0.0078,0.923322
72.2668,0.005064,0.0078,0.923179
72.2688,0.029656,0.0078,0.923317
72.2708,0.029656,0.0078,0.923263
72.2728,0.000868,0.0078,0.923283
72.2748,0.005032,0.0078,0.923406
72.2768,0.008986,0.0078,0.92337
72.2788,0.008986,0.0078,0.923441
72.2808,0.008986,0.0078,0.923492
72.2828,0.009235,0.0078,0.923506
72.2848,0.009235,0.0078,0.923501
72.2868,0.009235,0.0078,0.923417
72.2888,0.01302,0.0078,0.923353
72.2908,0.01302,0.0078,0.923455
72.2928,0.000726,0.0078,0.92331
72.2948,0.017392,0.0078,0.923356
72.2968,0.017093,0.0078,0.92318
72.2988,0.017093,0.0078,0.923211
72.3008,0.017093,0.0078,0.923208
72.3028,0.021207,0.0078,0.923165
72.3048,0.021207,0.0078,0.92309
72.3072,0.021207,0.0078,0.923106
72.3088,0.013565,0.0078,0.923182
72.3108,0.013565,0.0078,0.923057
72.3128,0.013565,0.0078,0.923085
72.3148,0.013565,0.0078,0.923064
72.3168,0.00914,0.0078,0.922982
72.3188,0.00914,0.0078,0.923056
72.3208,0.00914,0.0078,0.92304
72.3228,0.000933,0.0078,0.922961
72.3248,0.026476,0.0078,0.92284
72.3268,0.026476,0.0078,0.922838
72.3288,0.026476,0.0078,0.92281
72.3308,0.013302,0.0078,0.922736
72.3328,0.010283,0.0078,0.922624
72.3348,0.010283,0.0078,0.922541
72.3368,0.001282,0.0078,0.922497
72.3388,0.005596,0.0078,0.922336
72.3408,0.019563,0.0078,0.922165
72.3428,0.001962,0.0078,0.922059
72.3448,0.013699,0.0078,0.921899
72.3468,0.013699,0.0078,0.921748
72.3488,0.003245,0.0078,0.921551
72.3508,0.029907,0.0078,0.921428
72.3528,0.008893,0.0078,0.921266
72.3548,0.008893,0.0078,0.921111
72.3568,0.008893,0.0078,0.920863
72.3588,0.008893,0.0078,0.920823
72.3608,0.008893,0.0078,0.92062
72.3628,0.008893,0.0078,0.920473
72.3648,0.002171,0.0078,0.920384
72.3668,0.011231,0.0078,0.920255
72.3688,0.017166,0.0078,0.920113
72.3708,0.017166,0.0078,0.920133
72.3728,0.02449,0.0078,0.920079
72.3758,0.02449,0.0078,0.919918
72.3778,0.01452,0.0078,0.919871
72.3798,0.01452,0.0078,0.919898
72.3816,0.01452,0.0078,0.919869
72.3838,0.023449,0.0078,0.919881
72.3858,0.023449,0.0078,0.919938
72.3878,0.023449,0.0078,0.919836
72.3896,0.016096,0.0078,0.919828
72.3918,0.03395,0.0078,0.91979
72.3938,0.03395,0.0078,0.919923
72.3958,0.000982,0.0078,0.919806
72.3976,0.002414,0.0078,0.919807
72.3998,0.026531,0.0078,0.919896
72.4018,0.00381,0.0078,0.91996
72.4038,0.00381,0.0078,0.920093
72.4056,0.00381,0.0078,0.920106
72.4078,0.020332,0.0078,0.920246
72.4102,0.003134,0.0078,0.920452
72.4118,0.003134,0.0078,0.920476
72.4136,0.006659,0.0078,0.920702
72.4158,0.006659,0.0078,0.920816
72.4178,0.020889,0.0078,0.921096
72.4198,0.020889,0.0078,0.92122
72.4216,0.001897,0.0078,0.921368
72.4238,0.029532,0.0078,0.921536
72.4258,0.009074,0.0078,0.921782
72.4278,0.009074,0.0078,0.922037
72.4296,0.009074,0.0078,0.922321
72.4318,0.022492,0.0078,0.922456
72.4338,0.000824,0.0078,0.922827
72.4358,0.000824,0.0078,0.92303
72.4376,0.000824,0.0078,0.923313
72.4398,0.012882,0.0078,0.923656
72.4418,0.023454,0.0078,0.923892
72.4442,0.023454,0.0078,0.924279
72.4456,0.023454,0.0078,0.924589
72.4472,0.023454,0.0078,0.924881
72.4488,0.023454,0.0078,0.925068
72.4508,0.023454,0.0078,0.925374
72.4528,0.00885,0.0078,0.925753
72.4548,0.01569,0.0078,0.926095
72.4568,0.01569,0.0078,0.926375
72.4588,0.01569,0.0078,0.926823
72.4608,0.01569,0.0078,0.927211
72.4628,0.014099,0.0078,0.927461
72.4648,0.014099,0.0078,0.927828
72.4668,0.014099,0.0078,0.928214
72.4688,0.014099,0.0078,0.928504
72.4708,0.002368,0.0078,0.928863
72.4728,0.002368,0.0078,0.929087
72.4748,0.002368,0.0078,0.929395
72.4768,0.002368,0.0078,0.929555
72.4788,0.00262,0.0078,0.929703
72.4808,0.004919,0.0078,0.930016
72.4828,0.004919,0.0078,0.930298
72.4848,0.002162,0.0078,0.930428
72.4868,0.002162,0.0078,0.930709
72.4888,0.002162,0.0078,0.930863
72.4908,0.006654,0.0078,0.931018
72.4928,0.000544,0.0078,0.931335
72.4948,0.000544,0.0078,0.9314
72.4968,0.000544,0.0078,0.931523
72.4988,0.000544,0.0078,0.931703
72.5008,0.000544,0.0078,0.931845
72.5028,0.001163,0.0078,0.932036
72.5048,0.001163,0.0078,0.932086
72.5068,0.006624,0.0078,0.932158
72.5088,0.006624,0.0078,0.932279
72.5108,0.006624,0.0078,0.932298
72.5132,0.006624,0.0078,0.932362
72.5148,0.006624,0.0078,0.932437
72.5168,0.006624,0.0078,0.932367
72.5182,0.006624,0.0078,0.932355
72.5208,0.006624,0.0078,0.932367
72.5228,0.006624,0.0078,0.932415
72.5248,0.004123,0.0078,0.93242
72.5268,0.004595,0.0078,0.932383
72.5288,0.000425,0.0078,0.932343
72.5308,0.003643,0.0078,0.932442
72.5328,0.003643,0.0078,0.932381
72.5348,0.003643,0.0078,0.932414
72.5368,0.003643,0.0078,0.932453
72.5388,0.002376,0.0078,0.932456
72.5408,0.002376,0.0078,0.932416
72.5428,0.002376,0.0078,0.932498
72.5448,0.002376,0.0078,0.932597
72.5472,0.002376,0.0078,0.932487
72.5488,0.002376,0.0078,0.932542
72.5508,0.004311,0.0078,0.932536
72.5528,0.004311,0.0078,0.932675
72.5548,0.004311,0.0078,0.932694
72.5568,0.000957,0.0078,0.932836
72.5588,0.000956,0.0078,0.932896
72.5602,0.008808,0.0078,0.932887
72.5618,0.008808,0.0078,0.932947
72.5638,0.003944,0.0078,0.933025
72.5657,0.003944,0.0078,0.933033
72.5678,0.002642,0.0078,0.933082
72.5698,0.002642,0.0078,0.933141
72.5718,0.002685,0.0078,0.933185
72.5737,0.002685,0.0078,0.933201
72.5752,0.002685,0.0078,0.933332
72.5768,0.002807,0.0078,0.933348
72.5792,0.002807,0.0078,0.933351
72.5808,0.002807,0.0078,0.933462
72.5828,0.002807,0.0078,0.933513
72.5848,0.003139,0.0078,0.933615
72.5868,0.003139,0.0078,0.933726
72.5888,0.003139,0.0078,0.93369
72.5908,0.009668,0.0078,0.933741
72.5928,0.003632,0.0078,0.933925
72.5948,0.00101,0.0078,0.934004
72.5968,0.00101,0.0078,0.934145
72.5988,0.006317,0.0078,0.934376
72.6008,0.004527,0.0078,0.934489
72.6028,0.023372,0.0078,0.934708
72.6048,0.023372,0.0078,0.934833
72.6068,0.005032,0.0078,0.935156
72.6088,0.005185,0.0078,0.935519
72.6108,0.022409,0.0078,0.935855
72.6128,0.022409,0.0078,0.936168
72.6148,0.022409,0.0078,0.936643
72.6168,0.022409,0.0078,0.937048
72.6188,0.022409,0.0078,0.937585
72.6208,0.026267,0.0078,0.938074
72.6228,0.001158,0.0078,0.938549
72.6248,0.001158,0.0078,0.939086
72.6268,0.001158,0.0078,0.939656
72.6288,0.001158,0.0078,0.940172
72.6308,0.001158,0.0078,0.940579
72.6328,0.001158,0.0078,0.941137
72.6348,0.005367,0.0078,0.941601
72.6368,0.001424,0.0078,0.942188
72.6388,0.013833,0.0078,0.942701
72.6408,0.026471,0.0078,0.94315
72.6428,0.042456,0.0078,0.943657
72.6448,0.019718,0.0078,0.94434
72.6468,0.019098,0.0078,0.944997
72.6493,0.019098,0.0078,0.945609
72.6508,0.00824,0.0078,0.946319
72.6528,0.00824,0.0078,0.946976
72.6548,0.008652,0.0078,0.947509
72.6568,0.008295,0.0078,0.948274
72.6588,0.011742,0.0078,0.9488
72.6608,0.011742,0.0078,0.94949
72.6628,0.006482,0.0078,0.950119
72.6648,0.010803,0.0078,0.950989
72.6668,0.010803,0.0078,0.951661
72.6688,0.016253,0.0078,0.952372
72.6708,0.008926,0.0078,0.953138
72.6728,0.008926,0.0078,0.953785
72.6748,0.008926,0.0078,0.954492
72.6768,0.020687,0.0078,0.955113
72.6788,0.020687,0.0078,0.955764
72.6808,0.002233,0.0078,0.956404
72.6833,0.011064,0.0078,0.957132
72.6848,0.011951,0.0078,0.95785
72.6868,0.011951,0.0078,0.958402
72.6888,0.011951,0.0078,0.95894
72.6908,0.010145,0.0078,0.95961
72.6928,0.010145,0.0078,0.960166
72.6948,0.012645,0.0078,0.960695
72.6968,0.012645,0.0078,0.961317
72.6988,0.002327,0.0078,0.961768
72.7008,0.002327,0.0078,0.962301
72.7028,0.002053,0.0078,0.96278
72.7048,0.000164,0.0078,0.963265
72.7068,0.000164,0.0078,0.963666
72.7088,0.000164,0.0078,0.964102
72.7108,0.000164,0.0078,0.964463
72.7128,0.000164,0.0078,0.964875
72.7148,0.000164,0.0078,0.965211
72.7168,0.003663,0.0078,0.965575
72.7188,0.003663,0.0078,0.965875
72.7208,0.00294,0.0078,0.966109
72.7229,0.00294,0.0078,0.966336
72.7249,0.00294,0.0078,0.966566
72.7269,0.001191,0.0078,0.966958
72.7289,0.003733,0.0078,0.967133
72.7309,0.003733,0.0078,0.967432
72.7329,0.007579,0.0078,0.967667
72.7348,0.0009,0.0078,0.968043
72.7369,0.0009,0.0078,0.968244
72.7389,0.004424,0.0078,0.968643
72.7409,7.1e-05,0.0078,0.969022
72.7428,7.1e-05,0.0078,0.969381
72.7449,0.005757,0.0078,0.969829
72.7469,0.018102,0.0078,0.970249
72.7489,0.018102,0.0078,0.970628
72.7508,0.020049,0.0078,0.970993
72.7529,0.017137,0.0078,0.971613
72.7549,0.01463,0.0078,0.972047
72.7569,0.005156,0.0078,0.972605
72.7589,0.025025,0.0078,0.973204
72.7609,0.010692,0.0078,0.973994
72.7629,0.013606,0.0078,0.974727
72.7649,0.01756,0.0078,0.975552
72.7669,0.018237,0.0078,0.976258
72.7689,0.018237,0.0078,0.977163
72.7709,0.019582,0.0078,0.978
72.7729,0.037081,0.0078,0.978886
72.7749,0.00604,0.0078,0.979815
72.7769,0.00604,0.0078,0.980792
72.7789,0.004754,0.0078,0.981777
72.7809,0.02896,0.0078,0.982798
72.7829,0.02896,0.0078,0.983756
72.7849,0.02896,0.0078,0.984756
72.7869,0.02896,0.0078,0.98586
72.7893,0.02896,0.0078,0.986949
72.7919,0.001307,0.0078,0.988358
72.7939,0.037949,0.0078,0.989687
72.7959,0.017372,0.0078,0.990842
72.7977,0.017372,0.0078,0.991988
72.7993,0.011989,0.0078,0.992998
72.8009,0.011989,0.0078,0.993997
72.8029,0.001085,0.0078,0.994807
72.8049,0.001085,0.0078,0.995993
72.8069,0.001085,0.0078,0.997045
72.8089,0.001085,0.0078,0.998202
72.8109,0.001085,0.0078,0.999391
72.8129,0.003322,0.02538,1.00042
72.8149,0.024444,0.09486,1.00158
72.8169,0.137943,0.15582,1.0026
72.8189,0.289919,0.20808,1.00347
72.8209,0.421653,0.2388,1.00398
72.8229,0.526486,0.23466,1.00391
72.8249,0.60241,0.183,1.00305
72.8269,0.524886,0.11184,1.00186
72.8289,0.38479,0.00954,1.00016
72.8309,0.206027,0.00954,0.998224
72.8329,0.108731,0.00954,0.996201
72.8349,0.065482,0.00954,0.99465
72.8369,0.056351,0.00954,0.993272
72.8389,0.05893,0.00954,0.992491
72.8409,0.062604,0.00954,0.991976
72.8429,0.040209,0.00954,0.991773
72.8449,0.034829,0.00954,0.991717
72.8469,0.00202,0.00954,0.991921
72.8489,0.054054,0.00954,0.992312
72.8509,0.014597,0.00954,0.992697
72.8529,0.01199,0.00954,0.993319
72.8549,0.03369,0.00954,0.994246
72.8573,0.01266,0.00954,0.995058
72.8589,0.003032,0.00954,0.996125
72.8609,0.003032,0.00954,0.996916
72.8629,0.003032,0.00954,0.997969
72.8649,0.009339,0.00954,0.998951
72.8669,0.009339,0.00954,0.999963
72.8689,0.009339,0.06042,1.00101
72.8709,0.072906,0.11916,1.00199
72.8729,0.198829,0.1653,1.00276
72.8749,0.311349,0.19818,1.0033
72.8769,0.446994,0.19572,1.00326
72.8789,0.49487,0.17412,1.0029
72.8809,0.473673,0.13002,1.00217
72.8829,0.402425,0.06048,1.00101
72.8849,0.30098,0.06048,0.999561
72.8869,0.156347,0.06048,0.998216
72.8889,0.10836,0.06048,0.997362
72.8909,0.07561,0.06048,0.996891
72.8933,0.072244,0.06048,0.996797
72.8949,0.084741,0.06048,0.997155
72.8969,0.066809,0.06048,0.997565
72.8989,0.051047,0.06048,0.998546
72.9009,0.036166,0.06048,0.999616
72.9029,0.038177,0.05652,1.00094
72.9049,0.095372,0.15432,1.00257
72.9069,0.267027,0.24756,1.00413
72.9089,0.479933,0.33054,1.00551
72.9109,0.681494,0.37098,1.00618
72.9129,0.871909,0.37038,1.00617
72.9149,0.911502,0.31446,1.00524
72.9169,0.877497,0.20814,1.00347
72.9189,0.735833,0.0648,1.00108
72.9209,0.465814,0.0648,0.998296
72.9229,0.240925,0.0648,0.995621
72.9249,0.157024,0.0648,0.993672
72.9269,0.138685,0.0648,0.99219
72.9289,0.155986,0.0648,0.991628
72.9309,0.131364,0.0648,0.991589
72.9329,0.100284,0.0648,0.992122
72.9349,0.062335,0.0648,0.99305
72.9369,0.065855,0.0648,0.99443
72.9389,0.044082,0.0648,0.995959
72.9409,0.032648,0.0648,0.997709
72.9429,0.032558,0.0648,0.999732
72.9449,0.010069,0.11112,1.00185
72.9469,0.141119,0.24534,1.00409
72.9489,0.403306,0.35826,1.00597
72.9509,0.685331,0.44496,1.00742
72.9529,0.969067,0.4893,1.00816
72.9549,1.13239,0.4563,1.00761
72.9569,1.17562,0.36168,1.00603
72.9589,1.09283,0.1917,1.0032
72.9613,0.781855,0.1917,0.999422
72.9633,0.386048,0.1917,0.995052
72.9649,0.250717,0.1917,0.991808
72.9669,0.219354,0.1917,0.989808
72.9689,0.199545,0.1917,0.988257
72.9709,0.127915,0.1917,0.987883
72.9729,0.122277,0.1917,0.988168
72.9749,0.152719,0.1917,0.988953
72.9769,0.107883,0.1917,0.990436
72.9789,0.074821,0.1917,0.992379
72.9809,0.052408,0.1917,0.994882
72.9829,0.040133,0.1917,0.997536
72.9849,0.026662,0.00996,1.00017
72.9869,0.009114,0.195,1.00325
72.9889,0.246488,0.3513,1.00586
72.9909,0.582004,0.49182,1.0082
72.9929,0.937275,0.5,1.00955
72.9949,1.18082,0.5,1.00948
72.9973,1.25224,0.48756,1.00813
72.9999,1.2824,0.3123,1.00521
73.0019,1.10358,0.0129,1.00022
73.0039,0.556911,0.0129,0.99566
73.0057,0.290367,0.0129,0.991296
73.0079,0.245381,0.0129,0.988511
73.0099,0.191492,0.0129,0.986348
73.0119,0.169852,0.0129,0.985495
73.0137,0.184585,0.0129,0.985383
73.0159,0.157304,0.0129,0.98596
73.0179,0.110506,0.0129,0.987501
73.0199,0.0882,0.0129,0.989321
73.0217,0.0545,0.0129,0.991633
73.0239,0.033669,0.0129,0.993772
73.0259,0.017731,0.0129,0.996721
73.0279,0.008063,0.0129,0.999394
73.0297,0.008063,0.13266,1.00221
73.0323,0.140611,0.28338,1.00472
73.0343,0.447943,0.43818,1.0073
73.0363,0.802253,0.5,1.00841
73.0383,1.11857,0.4848,1.00808
73.0403,1.18227,0.41484,1.00691
73.0423,1.12181,0.24444,1.00407
73.0439,0.913914,0.0219,1.00037
73.0457,0.464685,0.0219,0.996835
73.0479,0.209941,0.0219,0.99286
73.0499,0.200236,0.0219,0.989336
73.0519,0.182391,0.0219,0.987006
73.0537,0.150946,0.0219,0.985518
73.0553,0.107676,0.0219,0.984744
73.0569,0.111521,0.0219,0.984626
73.0589,0.100853,0.0219,0.984806
73.0609,0.128832,0.0219,0.985395
73.0629,0.067204,0.0219,0.986421
73.0653,0.073018,0.0219,0.987909
73.0669,0.065547,0.0219,0.989843
73.0689,0.055326,0.0219,0.99128
73.0709,0.009026,0.0219,0.993279
73.0729,0.003303,0.0219,0.995282
73.0749,0.003303,0.0219,0.997277
73.0769,0.003303,0.0219,0.999016
73.0789,0.003303,0.05784,1.00096
73.0809,0.040784,0.16224,1.0027
73.0829,0.225798,0.2481,1.00414
73.0849,0.44791,0.30738,1.00512
73.0869,0.626276,0.32058,1.00534
73.0889,0.740228,0.27996,1.00467
73.0909,0.718498,0.19212,1.0032
73.0929,0.616287,0.04626,1.00077
73.0949,0.39195,0.04626,0.997853
73.0969,0.156913,0.04626,0.994679
73.0989,0.125052,0.04626,0.992036
73.1009,0.075499,0.04626,0.989786
73.1029,0.092859,0.04626,0.988052
73.1049,0.059713,0.04626,0.986238
73.1069,0.056716,0.04626,0.98506
73.1089,0.088452,0.04626,0.984308
73.1109,0.024058,0.04626,0.983775
73.1129,0.011831,0.04626,0.983491
73.1149,0.020134,0.04626,0.983368
73.1169,0.044065,0.04626,0.983473
73.1189,0.044065,0.04626,0.983615
73.1209,0.040749,0.04626,0.984052
73.1229,0.045125,0.04626,0.984523
73.1249,0.012588,0.04626,0.985034
73.1269,0.028178,0.04626,0.985634
73.1289,0.006604,0.04626,0.986357
73.1309,0.036112,0.04626,0.986978
73.1329,0.036112,0.04626,0.987645
73.1349,0.035592,0.04626,0.988374
73.1369,0.016388,0.04626,0.989071
73.1389,0.016388,0.04626,0.989756
73.1409,0.016388,0.04626,0.990325
73.1429,0.014743,0.04626,0.990811
73.1449,0.013717,0.04626,0.991253
73.1469,0.013717,0.04626,0.991779
73.1489,0.013717,0.04626,0.992385
73.1509,0.00942,0.04626,0.992806
73.1529,0.010592,0.04626,0.993147
73.1549,0.010608,0.04626,0.993543
73.1569,0.010608,0.04626,0.993917
73.1589,0.005414,0.04626,0.99423
73.1609,0.005414,0.04626,0.994484
73.1629,0.005414,0.04626,0.994671
73.1649,0.005414,0.04626,0.994858
73.1669,0.005414,0.04626,0.994845
73.1693,0.005414,0.04626,0.994916
73.1709,0.000877,0.04626,0.99489
73.1729,0.013007,0.04626,0.994911
73.1749,0.013007,0.04626,0.994746
73.1769,0.013007,0.04626,0.994772
73.1789,0.013007,0.04626,0.994723
73.1809,0.000566,0.04626,0.994499
73.1829,0.000999,0.04626,0.99444
73.1849,0.000999,0.04626,0.994284
73.1869,0.000999,0.04626,0.994219
73.1889,0.009632,0.04626,0.99407
73.1909,0.009632,0.04626,0.993975
73.1929,0.009632,0.04626,0.993793
73.1949,0.001766,0.04626,0.993746
73.1969,0.023801,0.04626,0.993662
73.1989,0.023801,0.04626,0.993526
73.2009,0.023801,0.04626,0.993423
73.2033,0.015679,0.04626,0.99348
73.2049,0.008769,0.04626,0.993234
73.2069,0.018904,0.04626,0.993246
73.2089,0.016054,0.04626,0.993152
73.2109,0.029001,0.04626,0.993174
73.2123,0.028418,0.04626,0.99315
73.2138,0.029421,0.04626,0.993134
73.2153,0.019061,0.04626,0.993061
73.2169,0.029532,0.04626,0.993124
73.2183,0.005267,0.04626,0.993051
73.2199,0.008904,0.04626,0.993003
73.2218,0.008904,0.04626,0.993076
73.2239,0.008904,0.04626,0.993097
73.2259,0.008904,0.04626,0.993144
73.2279,0.008904,0.04626,0.993116
73.2298,0.024251,0.04626,0.993145
73.2313,0.019113,0.04626,0.993153
73.2329,0.024318,0.04626,0.99312
73.2353,0.019101,0.04626,0.99326
73.2369,0.019101,0.04626,0.993127
73.2389,0.001064,0.04626,0.993152
73.2409,0.031137,0.04626,0.993101
73.2429,0.031137,0.04626,0.993046
73.2449,0.001085,0.04626,0.993033
73.2469,0.012299,0.04626,0.993073
73.2489,0.003929,0.04626,0.992987
73.2503,0.029615,0.04626,0.993015
73.2519,0.010616,0.04626,0.992968
73.2538,0.015625,0.04626,0.99306
73.2559,0.015625,0.04626,0.993023
73.2579,0.015625,0.04626,0.993234
73.2599,0.015613,0.04626,0.993215
73.2618,0.000509,0.04626,0.99325
73.2633,0.018976,0.04626,0.99339
73.2649,0.019033,0.04626,0.993435
73.2673,0.018955,0.04626,0.993452
73.2689,0.018955,0.04626,0.993631
73.2709,0.018955,0.04626,0.993567
73.2729,0.015643,0.04626,0.993634
73.2749,0.015643,0.04626,0.993639
73.2769,0.015643,0.04626,0.993699
73.2789,0.015643,0.04626,0.99372
73.2809,0.015643,0.04626,0.993708
73.2829,0.015643,0.04626,0.99368
73.2849,0.015643,0.04626,0.99371
73.2869,0.015643,0.04626,0.993708
73.2889,0.006029,0.04626,0.993645
73.2909,0.006029,0.04626,0.993734
73.2929,0.006029,0.04626,0.993629
73.2949,0.006029,0.04626,0.993689
73.2969,0.012982,0.04626,0.993668
73.2989,0.012982,0.04626,0.993644
73.3013,0.012982,0.04626,0.993574
73.3023,0.004493,0.04626,0.993642
73.3043,0.004493,0.04626,0.993641
73.3059,0.004493,0.04626,0.993728
73.3079,0.004493,0.04626,0.993675
73.3098,0.001822,0.04626,0.993735
73.3114,0.001822,0.04626,0.993723
73.3129,0.001822,0.04626,0.993727
73.3149,0.001318,0.04626,0.993747
73.3169,0.028655,0.04626,0.993663
73.3189,0.028655,0.04626,0.99361
73.3209,0.028655,0.04626,0.993654
73.3229,0.028655,0.04626,0.993684
73.3249,0.009825,0.04626,0.993613
73.3264,0.005581,0.04626,0.993668
73.3279,0.005581,0.04626,0.993673
73.3294,0.001797,0.04626,0.99363
73.3314,0.001797,0.04626,0.993753
73.3329,0.001797,0.04626,0.993713
73.3344,0.001797,0.04626,0.993684
73.3364,0.001797,0.04626,0.993715
73.3379,0.001797,0.04626,0.993659
73.3394,0.001797,0.04626,0.993656
73.3409,0.001797,0.04626,0.993754
73.3424,0.028431,0.04626,0.993666
73.3439,0.019525,0.04626,0.99369
73.3454,0.036023,0.04626,0.993703
73.3469,0.036023,0.04626,0.993716
73.3484,0.036023,0.04626,0.993656
73.3498,0.036023,0.04626,0.993687
73.3519,0.036023,0.04626,0.9937
73.3534,0.036023,0.04626,0.993668
73.3549,0.001395,0.04626,0.993609
73.3564,0.034744,0.04626,0.993732
73.3584,0.034744,0.04626,0.993629
73.3599,0.001901,0.04626,0.99366
73.3614,0.028563,0.04626,0.993674
73.3629,0.02837,0.04626,0.993715
73.3649,0.02837,0.04626,0.99368
73.3664,0.023998,0.04626,0.993669
73.3689,0.023998,0.04626,0.993712
73.3704,0.023998,0.04626,0.993705
73.3719,0.023998,0.04626,0.993694
73.3734,0.006159,0.04626,0.993674
73.3749,0.006159,0.04626,0.993643
73.3764,0.023593,0.04626,0.993556
73.3779,0.001849,0.04626,0.993715
73.3794,0.001849,0.04626,0.99373
73.3809,0.001863,0.04626,0.993701
73.3824,0.001863,0.04626,0.993597
73.3849,0.006035,0.04626,0.993657
73.3869,0.023054,0.04626,0.993701
73.3884,0.023613,0.04626,0.993652
73.3898,0.014054,0.04626,0.993646
73.3914,0.014054,0.04626,0.993651
73.3929,0.014054,0.04626,0.99368
73.3949,0.014054,0.04626,0.993769
73.3969,0.025191,0.04626,0.993753
73.3984,0.004479,0.04626,0.993692
73.4004,0.010264,0.04626,0.993714
73.4019,0.018811,0.04626,0.993683
73.404,0.018811,0.04626,0.993595
73.4058,0.018811,0.04626,0.993595
73.4074,0.018811,0.04626,0.993652
73.409,0.000809,0.04626,0.993656
73.411,0.000809,0.04626,0.993657
73.413,0.001855,0.04626,0.993719
73.415,0.00612,0.04626,0.993674
73.4169,0.028208,0.04626,0.99369
73.419,0.048789,0.04626,0.993739
73.421,0.048789,0.04626,0.993673
73.423,0.018715,0.04626,0.993745
73.4244,0.018715,0.04626,0.993704
73.426,0.018715,0.04626,0.993632
73.428,0.018715,0.04626,0.993621
73.4298,0.001269,0.04626,0.993769
73.432,0.019218,0.04626,0.993627
73.434,0.019218,0.04626,0.993718
73.436,0.001773,0.04626,0.993661
73.4378,0.007505,0.04626,0.993622
73.4394,0.007505,0.04626,0.993798
73.441,0.007505,0.04626,0.99373
73.4424,0.007505,0.04626,0.993684
73.444,0.007505,0.04626,0.993704
73.4458,0.001733,0.04626,0.993667
73.4484,0.006503,0.04626,0.993693
73.45,0.018808,0.04626,0.993713
73.4514,0.010252,0.04626,0.993685
73.453,0.000812,0.04626,0.99383
73.455,0.000812,0.04626,0.993856
73.4564,0.023552,0.04626,0.993791
73.458,0.011052,0.04626,0.993811
73.46,0.009361,0.04626,0.99387
73.4618,0.001764,0.04626,0.993931
73.464,0.001753,0.04626,0.993939
73.466,0.00173,0.04626,0.993969
73.468,0.024677,0.04626,0.994025
73.4698,0.024677,0.04626,0.994031
73.4714,0.024677,0.04626,0.993909
73.473,0.024677,0.04626,0.993812
73.475,0.024677,0.04626,0.993853
73.477,0.015696,0.04626,0.993839
73.479,0.015696,0.04626,0.99364
73.4814,0.015696,0.04626,0.993674
73.483,0.015696,0.04626,0.993477
73.485,0.027854,0.04626,0.99345
73.487,0.027854,0.04626,0.993339
73.489,0.027854,0.04626,0.993366
73.491,0.027854,0.04626,0.993293
73.493,0.024511,0.04626,0.993262
73.495,0.00212,0.04626,0.993205
73.497,0.002084,0.04626,0.993142
73.499,0.015944,0.04626,0.993086
73.5004,0.015111,0.04626,0.993172
73.5018,0.015111,0.04626,0.99311
73.5034,0.00214,0.04626,0.993071
73.505,0.004238,0.04626,0.993117
73.507,0.005734,0.04626,0.993152
73.509,0.019533,0.04626,0.993247
73.511,0.018652,0.04626,0.993163
73.513,0.018652,0.04626,0.993116
73.515,0.000603,0.04626,0.993191
73.517,0.010661,0.04626,0.993157
73.519,0.010661,0.04626,0.993067
73.521,0.010661,0.04626,0.993152
73.523,0.00566,0.04626,0.993002
73.525,0.014425,0.04626,0.993063
73.527,0.014425,0.04626,0.993112
73.529,0.014425,0.04626,0.99306
73.531,0.006429,0.04626,0.993178
73.533,0.019268,0.04626,0.993158
73.5344,0.02457,0.04626,0.993166
73.5364,0.02457,0.04626,0.993095
73.538,0.002648,0.04626,0.993069
73.54,0.002648,0.04626,0.993158
73.5414,0.002648,0.04626,0.993106
73.544,0.01229,0.04626,0.993132
73.5464,0.01229,0.04626,0.993071
73.548,0.020094,0.04626,0.993037
73.5498,0.020094,0.04626,0.993091
73.5514,0.020094,0.04626,0.993062
73.553,0.020094,0.04626,0.993064
73.555,0.020094,0.04626,0.993102
73.557,0.00193,0.04626,0.993081
73.559,0.010515,0.04626,0.993154
73.561,0.010515,0.04626,0.993115
73.563,0.010592,0.04626,0.993231
73.5644,0.000407,0.04626,0.993168
73.5658,0.000407,0.04626,0.993115
73.5674,0.029066,0.04626,0.993195
73.569,0.001213,0.04626,0.993204
73.571,0.010511,0.04626,0.993155
73.573,0.026318,0.04626,0.993194
73.575,0.026318,0.04626,0.993229
73.5774,0.015717,0.04626,0.993258
73.579,0.015717,0.04626,0.993198
73.581,0.015719,0.04626,0.993152
73.583,0.015719,0.04626,0.993155
73.585,0.015719,0.04626,0.993209
73.587,0.015719,0.04626,0.993257
73.589,0.005589,0.04626,0.993265
73.591,0.005589,0.04626,0.993342
73.593,0.005589,0.04626,0.993316
73.595,0.005589,0.04626,0.993422
73.597,0.005589,0.04626,0.993438
73.599,0.005589,0.04626,0.993432
73.601,0.028987,0.04626,0.993408
73.603,0.009231,0.04626,0.993507
73.6044,0.009231,0.04626,0.993437
73.6058,0.014177,0.04626,0.99343
73.608,0.01895,0.04626,0.993459
73.6104,0.039371,0.04626,0.993503
73.612,0.001848,0.04626,0.993486
73.6138,0.001848,0.04626,0.993511
73.6154,0.023263,0.04626,0.993453
73.6174,0.023263,0.04626,0.993426
73.619,0.023263,0.04626,0.993471
73.6204,0.014298,0.04626,0.993472
73.6218,0.014298,0.04626,0.993402
73.624,0.002081,0.04626,0.993441
73.626,0.028819,0.04626,0.993353
73.628,0.014296,0.04626,0.993435
73.6298,0.014296,0.04626,0.993486
73.6314,0.014296,0.04626,0.993364
73.633,0.019288,0.04626,0.993458
73.635,0.019288,0.04626,0.993374
73.637,0.019288,0.04626,0.993343
73.639,0.019288,0.04626,0.993364
73.6414,0.006305,0.04626,0.993268
73.643,0.006305,0.04626,0.993378
73.645,0.006305,0.04626,0.993214
73.647,0.005723,0.04626,0.993378
73.649,0.024653,0.04626,0.993254
73.651,0.024653,0.04626,0.993194
73.653,0.024653,0.04626,0.993164
73.655,0.004254,0.04626,0.993091
73.657,0.015897,0.04626,0.993154
73.659,0.015897,0.04626,0.99307
73.661,0.00058,0.04626,0.993068
73.663,0.00058,0.04626,0.992995
73.665,0.021656,0.04626,0.992947
73.667,0.021656,0.04626,0.992765
73.669,0.021656,0.04626,0.99275
73.671,0.00243,0.04626,0.99258
73.673,0.017536,0.04626,0.992549
73.6754,0.002484,0.04626,0.992369
73.6774,0.002484,0.04626,0.992065
73.679,0.002484,0.04626,0.991805
73.681,0.014951,0.04626,0.991438
73.683,0.014951,0.04626,0.991041
73.685,0.014951,0.04626,0.990615
73.687,0.035583,0.04626,0.990024
73.689,0.001439,0.04626,0.989383
73.691,0.001439,0.04626,0.988897
73.693,0.001439,0.04626,0.988241
73.695,0.030163,0.04626,0.987701
73.697,0.037902,0.04626,0.98707
73.699,0.037902,0.04626,0.98654
73.701,0.037902,0.04626,0.986272
73.703,0.050472,0.04626,0.985887
73.705,0.038195,0.04626,0.985733
73.707,0.023399,0.04626,0.985494
73.7094,0.03025,0.04626,0.98529
73.711,0.001248,0.04626,0.985173
73.713,0.029388,0.04626,0.985257
73.715,0.038237,0.04626,0.985327
73.717,0.021496,0.04626,0.985288
73.719,0.021496,0.04626,0.985516
73.721,0.021496,0.04626,0.98565
73.723,0.002253,0.04626,0.985783
73.725,0.003382,0.04626,0.98597
73.727,0.003382,0.04626,0.986226
73.729,0.038114,0.04626,0.986419
73.731,0.038114,0.04626,0.986607
73.733,0.038114,0.04626,0.986785
73.735,0.038114,0.04626,0.987064
73.737,0.034404,0.04626,0.987057
73.739,0.034404,0.04626,0.987251
73.741,0.034404,0.04626,0.987428
73.744,0.034404,0.04626,0.987573
73.746,0.052019,0.04626,0.987719
73.748,0.052019,0.04626,0.987861
73.7498,0.000319,0.04626,0.987941
73.752,0.000319,0.04626,0.987985
73.754,0.022641,0.04626,0.988086
73.756,0.006582,0.04626,0.988093
73.7578,0.001462,0.04626,0.988274
73.7594,0.022628,0.04626,0.988365
73.761,0.022628,0.04626,0.9884
73.763,0.006178,0.04626,0.988414
73.765,0.036847,0.04626,0.988525
73.767,0.036847,0.04626,0.98868
73.769,0.036847,0.04626,0.988793
73.771,0.02248,0.04626,0.988998
73.773,0.010854,0.04626,0.989126
73.775,0.049798,0.04626,0.989326
73.7774,0.049798,0.04626,0.989473
73.779,0.028796,0.04626,0.989759
73.781,0.002761,0.04626,0.989968
73.783,0.028351,0.04626,0.990239
73.785,0.028351,0.04626,0.990499
73.787,0.033721,0.04626,0.990805
73.789,0.002913,0.04626,0.991085
73.791,0.040296,0.04626,0.991519
73.793,0.000255,0.04626,0.991874
73.795,0.024666,0.04626,0.992202
73.797,0.024666,0.04626,0.992622
73.799,0.011931,0.04626,0.992973
73.801,0.001405,0.04626,0.993424
73.803,0.006245,0.04626,0.993865
73.805,0.03523,0.04626,0.994191
73.807,0.03523,0.04626,0.994624
73.809,0.03523,0.04626,0.995004
73.811,0.03523,0.04626,0.99536
73.8134,0.03523,0.04626,0.99575
73.816,0.02374,0.04626,0.996259
73.818,0.002887,0.04626,0.996899
73.82,0.007961,0.04626,0.997178
73.8218,0.017455,0.04626,0.997616
73.8234,0.017455,0.04626,0.998108
73.8254,0.017455,0.04626,0.998575
73.827,0.005167,0.04626,0.998895
73.829,0.005167,0.04626,0.99919
73.831,0.005167,0.04626,0.999712
73.833,0.005167,0.00486,1.00008
73.835,0.007644,0.03114,1.00052
73.837,0.054084,0.05376,1.0009
73.839,0.096329,0.07536,1.00126
73.841,0.157869,0.0927,1.00155
73.843,0.220055,0.10212,1.0017
73.845,0.265844,0.11382,1.0019
73.847,0.308369,0.1173,1.00196
73.849,0.340489,0.11742,1.00196
73.851,0.360552,0.12366,1.00206
73.853,0.367807,0.12324,1.00205
73.855,0.372409,0.12858,1.00214
73.857,0.373451,0.13368,1.00223
73.859,0.392729,0.13992,1.00233
73.861,0.419658,0.14178,1.00236
73.863,0.417843,0.15246,1.00254
73.865,0.438246,0.15822,1.00264
73.867,0.461501,0.15732,1.00262
73.869,0.468651,0.16758,1.00279
73.871,0.487971,0.16686,1.00278
73.873,0.495243,0.16974,1.00283
73.875,0.513621,0.17094,1.00285
73.877,0.50936,0.17376,1.0029
73.879,0.523736,0.17646,1.00294
73.881,0.530687,0.18006,1.003
73.8834,0.54276,0.19206,1.0032
73.8854,0.556779,0.19398,1.00323
73.8874,0.575033,0.1983,1.00331
73.8894,0.589671,0.19584,1.00326
73.8914,0.595076,0.20466,1.00341
73.8934,0.60602,0.21054,1.00351
73.8954,0.618601,0.21516,1.00359
73.8974,0.6355,0.2139,1.00357
73.8994,0.654773,0.22788,1.0038
73.9014,0.667589,0.22386,1.00373
73.9034,0.68116,0.23826,1.00397
73.9054,0.696716,0.24354,1.00406
73.9074,0.718621,0.25416,1.00424
73.9094,0.746267,0.26328,1.00439
73.9114,0.767925,0.26694,1.00445
73.9134,0.791146,0.27096,1.00452
73.9154,0.809499,0.27924,1.00465
73.9179,0.820828,0.28092,1.00468
73.92,0.841856,0.28686,1.00478
73.922,0.849715,0.29094,1.00485
73.924,0.865304,0.29676,1.00495
73.9259,0.885549,0.30258,1.00504
73.928,0.902409,0.2985,1.00498
73.93,0.913069,0.30108,1.00502
73.932,0.910166,0.30486,1.00508
73.9339,0.910179,0.30624,1.0051
73.936,0.916807,0.31452,1.00524
73.938,0.929598,0.3195,1.00533
73.94,0.952024,0.3333,1.00556
73.9419,0.971123,0.33522,1.00559
73.944,1.00017,0.34092,1.00568
73.946,1.01578,0.34398,1.00573
73.948,1.03143,0.345,1.00575
73.9499,1.0387,0.34392,1.00573
73.952,1.03651,0.34506,1.00575
73.9545,1.0356,0.33546,1.00559
73.9565,1.03144,0.34386,1.00573
73.9585,1.02003,0.34098,1.00568
73.961,1.03942,0.34194,1.0057
73.963,1.03802,0.34404,1.00573
73.965,1.04557,0.3438,1.00573
73.967,1.03746,0.34272,1.00571
73.969,1.03922,0.33948,1.00566
73.971,1.0372,0.34056,1.00568
73.973,1.02998,0.34872,1.00581
73.975,1.04369,0.34386,1.00573
73.977,1.04258,0.33948,1.00566
73.979,1.03214,0.33822,1.00564
73.981,1.02514,0.33624,1.0056
73.9825,1.02746,0.33852,1.00564
73.9845,1.02186,0.33612,1.0056
73.9865,1.02214,0.33786,1.00563
73.989,1.01697,0.34338,1.00572
73.991,1.01208,0.3405,1.00568
73.993,1.03014,0.34206,1.0057
73.995,1.0341,0.33882,1.00565
73.997,1.02662,0.33486,1.00558
73.999,1.02781,0.33576,1.0056
74.001,1.01939,0.34002,1.00567
74.003,1.02039,0.3387,1.00565
74.005,1.01305,0.34092,1.00568
74.0065,1.02554,0.33516,1.00559
74.0085,1.0034,0.33912,1.00565
74.0105,1.01704,0.33312,1.00555
74.0125,1.01911,0.3336,1.00556
74.0145,1.01273,0.33648,1.00561
74.0165,1.01549,0.3333,1.00556
74.0185,1.00803,0.3318,1.00553
74.0205,1.00746,0.3237,1.0054
74.0225,0.993018,0.32214,1.00537
74.0255,0.980479,0.32298,1.00538
74.0275,0.97727,0.3192,1.00532
74.0295,0.967899,0.32076,1.00535
74.0315,0.976783,0.31776,1.0053
74.0335,0.964505,0.3117,1.0052
74.0355,0.944846,0.32178,1.00536
74.0375,0.962296,0.3084,1.00514
74.0395,0.948529,0.3063,1.00511
74.0415,0.931551,0.3066,1.00511
74.0435,0.929535,0.30276,1.00505
74.0455,0.914025,0.29358,1.00489
74.0475,0.900064,0.28704,1.00478
74.0495,0.886169,0.29208,1.00487
74.0515,0.875294,0.29322,1.00489
74.0535,0.880515,0.28956,1.00483
74.0555,0.871643,0.2889,1.00482
74.0575,0.878813,0.28728,1.00479
74.0601,0.87751,0.27834,1.00464
74.0619,0.863766,0.2739,1.00457
74.0641,0.840554,0.2724,1.00454
74.0661,0.827041,0.27018,1.0045
74.068,0.824527,0.26172,1.00436
74.0699,0.806383,0.26622,1.00444
74.0721,0.801901,0.26688,1.00445
74.0741,0.807223,0.26364,1.00439
74.076,0.801928,0.2592,1.00432
74.0779,0.790585,0.26238,1.00437
74.0801,0.78622,0.25554,1.00426
74.0821,0.778213,0.25524,1.00425
74.0841,0.770395,0.25164,1.00419
74.0859,0.762346,0.2439,1.00407
74.0881,0.746991,0.24666,1.00411
74.0901,0.741706,0.2352,1.00392
74.0921,0.724716,0.2337,1.00389
74.0945,0.716702,0.2274,1.00379
74.0965,0.703811,0.22362,1.00373
74.0985,0.684386,0.21408,1.00357
74.1005,0.666522,0.21042,1.00351
74.1025,0.642448,0.20256,1.00338
74.1051,0.624965,0.1977,1.0033
74.1071,0.597789,0.18462,1.00308
74.1091,0.584584,0.17802,1.00297
74.1111,0.558455,0.16512,1.00275
74.1131,0.519617,0.16176,1.0027
74.1151,0.507215,0.16032,1.00267
74.1171,0.49016,0.14994,1.0025
74.1191,0.473899,0.14148,1.00236
74.1211,0.449901,0.1359,1.00226
74.1231,0.419365,0.12726,1.00212
74.1251,0.400997,0.12654,1.00211
74.1271,0.383079,0.1155,1.00192
74.1295,0.365635,0.11028,1.00184
74.1315,0.341686,0.09816,1.00164
74.1335,0.317162,0.0933,1.00156
74.1361,0.298312,0.08538,1.00142
74.1381,0.275189,0.0867,1.00145
74.1401,0.250658,0.0753,1.00126
74.1419,0.245046,0.07086,1.00118
74.1441,0.23529,0.06504,1.00108
74.1461,0.202988,0.05964,1.00099
74.1481,0.186979,0.05592,1.00093
74.1499,0.187249,0.0462,1.00077
74.1521,0.153781,0.04374,1.00073
74.1541,0.133546,0.04074,1.00068
74.1561,0.139395,0.03234,1.00054
74.1579,0.105579,0.02808,1.00047
74.1601,0.08845,0.02028,1.00034
74.1621,0.09192,0.0162,1.00027
74.1645,0.058164,0.01392,1.00023
74.1665,0.040227,0.01122,1.00019
74.1691,0.028273,0.00702,1.00012
74.1711,0.033616,0.00702,0.999988
74.1731,0.004113,0.00036,1.00001
74.1751,0.009617,0.00036,0.999792
74.1771,0.006431,0.00036,0.999868
74.1791,0.006431,0.00036,0.999675
74.1811,0.006431,0.00036,0.999572
74.1831,0.006431,0.00036,0.999418
74.1851,0.007001,0.00036,0.999259
74.1871,0.007001,0.00036,0.999014
74.1891,0.007001,0.00036,0.998855
74.1911,0.007001,0.00036,0.998628
74.1931,0.007001,0.00036,0.998437
74.1951,0.007001,0.00036,0.998214
74.1971,0.005412,0.00036,0.997877
74.1995,0.005412,0.00036,0.997662
74.2011,0.005412,0.00036,0.997228
74.2031,0.005412,0.00036,0.997128
74.2051,0.02109,0.00036,0.996619
74.2071,0.02109,0.00036,0.996261
74.2091,0.02109,0.00036,0.99596
74.2111,0.02109,0.00036,0.995537
74.2131,0.001159,0.00036,0.995129
74.2151,0.001159,0.00036,0.994804
74.2171,0.001159,0.00036,0.994363
74.2191,0.001159,0.00036,0.99398
74.2211,0.001159,0.00036,0.993593
74.2231,0.001159,0.00036,0.993256
74.2251,0.001159,0.00036,0.992812
74.2271,0.001159,0.00036,0.992366
74.2291,0.018613,0.00036,0.992114
74.2311,0.018613,0.00036,0.991652
74.2335,0.018613,0.00036,0.991231
74.2351,0.018613,0.00036,0.990874
74.2371,0.010383,0.00036,0.990429
74.2391,0.018994,0.00036,0.989962
74.2411,0.007769,0.00036,0.989617
74.2431,0.007922,0.00036,0.989262
74.2451,0.007922,0.00036,0.988777
74.2471,0.022106,0.00036,0.988411
74.2491,0.029465,0.00036,0.988171
74.2511,0.029465,0.00036,0.987743
74.2531,0.029465,0.00036,0.987413
74.2551,0.029465,0.00036,0.987102
74.2571,0.009994,0.00036,0.986766
74.2591,0.009994,0.00036,0.986527
74.2611,0.008592,0.00036,0.986187
74.2631,0.008592,0.00036,0.9859
74.2651,0.004262,0.00036,0.985649
74.2675,0.027254,0.00036,0.985371
74.2691,0.027254,0.00036,0.984983
74.2711,0.020287,0.00036,0.984598
74.2731,0.020287,0.00036,0.984402
74.2751,0.041581,0.00036,0.98412
74.2771,0.004548,0.00036,0.983871
74.2791,0.029012,0.00036,0.983479
74.2811,0.029012,0.00036,0.983202
74.2831,0.02463,0.00036,0.982886
74.2851,0.02463,0.00036,0.982675
74.2871,0.020546,0.00036,0.982311
74.2891,0.031657,0.00036,0.982119
74.2911,0.031657,0.00036,0.981772
74.2931,0.031657,0.00036,0.981476
74.2951,0.031657,0.00036,0.981242
74.2971,0.02338,0.00036,0.980918
74.2995,0.02338,0.00036,0.980722
74.3015,0.02338,0.00036,0.9804
74.3035,0.014698,0.00036,0.980131
74.3051,0.014698,0.00036,0.979874
74.3071,0.014698,0.00036,0.979674
74.3091,0.035505,0.00036,0.9794
74.3105,0.035505,0.00036,0.979205
74.3121,0.035505,0.00036,0.979013
74.3141,0.010756,0.00036,0.978785
74.3161,0.004962,0.00036,0.978431
74.3179,0.004962,0.00036,0.978256
74.3195,0.004962,0.00036,0.978034
74.3211,0.004962,0.00036,0.977889
74.3231,0.015112,0.00036,0.977672
74.3251,0.015112,0.00036,0.977482
74.3265,0.021509,0.00036,0.97712
74.3281,0.00014,0.00036,0.977092
74.3305,0.004942,0.00036,0.976815
74.3321,0.004942,0.00036,0.976502
74.3339,0.002911,0.00036,0.976312
74.3355,0.023375,0.00036,0.976077
74.3371,0.023375,0.00036,0.975947
74.3391,0.023375,0.00036,0.97583
74.3411,0.023375,0.00036,0.975571
74.3425,0.023375,0.00036,0.975431
74.3441,0.024746,0.00036,0.975274
74.3461,0.024746,0.00036,0.975137
74.3481,0.024746,0.00036,0.975008
74.3499,0.024746,0.00036,0.974947
74.3515,0.024746,0.00036,0.974782
74.3531,0.024746,0.00036,0.974681
74.3551,0.024746,0.00036,0.974676
74.3571,0.010498,0.00036,0.974601
74.3585,0.016392,0.00036,0.974574
74.3605,0.017924,0.00036,0.974529
74.3621,0.004591,0.00036,0.974527
74.3641,0.022033,0.00036,0.974613
74.3659,0.009165,0.00036,0.974633
74.3675,0.02573,0.00036,0.974775
74.3691,0.019642,0.00036,0.974816
74.3711,0.040157,0.00036,0.974922
74.3731,0.040157,0.00036,0.975103
74.3751,0.040157,0.00036,0.975249
74.3771,0.001091,0.00036,0.97549
74.3791,0.011138,0.00036,0.975517
74.3811,0.012628,0.00036,0.975829
74.3831,0.012628,0.00036,0.976105
74.3851,0.004749,0.00036,0.976373
74.3871,0.018614,0.00036,0.976714
74.3891,0.026064,0.00036,0.977041
74.3911,0.01678,0.00036,0.977264
74.3935,0.01678,0.00036,0.977609
74.3955,0.015066,0.00036,0.978133
74.3971,0.008816,0.00036,0.978506
74.3991,0.016665,0.00036,0.978806
74.4011,0.016665,0.00036,0.979191
74.4031,0.004923,0.00036,0.979451
74.4051,0.000145,0.00036,0.979862
74.4071,0.003836,0.00036,0.980161
74.4091,0.003836,0.00036,0.980492
74.4111,0.022416,0.00036,0.980787
74.4131,0.012052,0.00036,0.981095
74.4151,0.012052,0.00036,0.981324
74.4171,0.012052,0.00036,0.981554
74.4191,0.035838,0.00036,0.98184
74.4211,0.035838,0.00036,0.982051
74.4231,0.035838,0.00036,0.982228
74.4251,0.035838,0.00036,0.982464
74.4271,0.012357,0.00036,0.982629
74.4295,0.012357,0.00036,0.982842
74.4311,0.012357,0.00036,0.982983
74.4331,0.000553,0.00036,0.983169
74.4351,0.024968,0.00036,0.983333
74.4371,0.024968,0.00036,0.983365
74.4391,0.024968,0.00036,0.983584
74.4411,0.004678,0.00036,0.983691
74.4431,0.021603,0.00036,0.983818
74.4451,0.021603,0.00036,0.98394
74.4471,0.021603,0.00036,0.984072
74.4491,0.021372,0.00036,0.984302
74.4511,0.038751,0.00036,0.984441
74.4531,0.038751,0.00036,0.98461
74.4551,0.038751,0.00036,0.984847
74.4571,0.000684,0.00036,0.985055
74.4591,0.029795,0.00036,0.985372
74.4611,0.025212,0.00036,0.985729
74.4631,0.026012,0.00036,0.985882
74.4651,0.014432,0.00036,0.986282
74.4671,0.029758,0.00036,0.986621
74.4691,0.029758,0.00036,0.986973
74.4711,0.029758,0.00036,0.987374
74.4731,0.000293,0.00036,0.987902
74.4751,0.026402,0.00036,0.98828
74.4771,0.012571,0.00036,0.988831
74.4791,0.012571,0.00036,0.989211
74.4811,0.012571,0.00036,0.989719
74.4831,0.012571,0.00036,0.990238
74.4851,0.008618,0.00036,0.990704
74.4871,0.020508,0.00036,0.991311
74.4891,0.020508,0.00036,0.991814
74.4911,0.020508,0.00036,0.992355
74.4931,0.020508,0.00036,0.993053
74.4951,0.001442,0.00036,0.993663
74.4971,0.001442,0.00036,0.994258
74.4991,0.001442,0.00036,0.994778
74.5011,0.015942,0.00036,0.995174
74.5031,0.015942,0.00036,0.995819
74.5051,0.011227,0.00036,0.996318
74.5071,0.011227,0.00036,0.996787
74.5091,0.011227,0.00036,0.997335
74.5111,0.00285,0.00036,0.997824
74.5131,0.023768,0.00036,0.998325
74.5151,0.023768,0.00036,0.998942
74.5171,0.023768,0.00036,0.999393
74.5191,0.003531,0.00036,0.999947
74.5211,0.008369,0.0258,1.00043
74.5231,0.042416,0.05814,1.00097
74.5251,0.104628,0.08868,1.00148
74.5271,0.179695,0.10704,1.00178
74.5291,0.262065,0.12648,1.00211
74.5311,0.324393,0.13344,1.00222
74.5335,0.375518,0.1416,1.00236
74.5361,0.407776,0.15198,1.00253
74.5381,0.451965,0.16902,1.00282
74.5401,0.48822,0.17328,1.00289
74.542,0.510352,0.19254,1.00321
74.5441,0.55305,0.21102,1.00352
74.5461,0.597543,0.2214,1.00369
74.5481,0.640999,0.23772,1.00396
74.55,0.685764,0.24684,1.00411
74.5521,0.719342,0.25284,1.00421
74.5541,0.74781,0.26304,1.00438
74.5561,0.784005,0.26976,1.0045
74.558,0.807729,0.28188,1.0047
74.5601,0.835002,0.29064,1.00484
74.5621,0.860571,0.30222,1.00504
74.5641,0.89222,0.3135,1.00523
74.566,0.925373,0.33114,1.00552
74.5681,0.970158,0.34032,1.00567
74.5705,1.00672,0.34914,1.00582
74.5725,1.03526,0.35856,1.00598
74.5745,1.07251,0.36924,1.00615
74.5765,1.09701,0.38466,1.00641
74.5785,1.13315,0.39186,1.00653
74.5805,1.16884,0.40302,1.00672
74.5825,1.20124,0.41532,1.00692
74.5851,1.22957,0.42714,1.00712
74.5871,1.26375,0.4392,1.00732
74.5891,1.30428,0.4506,1.00751
74.5911,1.33926,0.46614,1.00777
74.5931,1.37354,0.47532,1.00792
74.5951,1.39753,0.47934,1.00799
74.5971,1.42025,0.48366,1.00806
74.5991,1.44663,0.48606,1.0081
74.6011,1.47263,0.4782,1.00797
74.6031,1.47807,0.4875,1.00813
74.6055,1.48295,0.49092,1.00818
74.6075,1.48936,0.5,1.00835
74.6095,1.47572,0.5,1.0086
74.6115,1.51408,0.5,1.00871
74.6135,1.51059,0.5,1.00888
74.6155,1.48165,0.5,1.00904
74.6175,1.49861,0.5,1.00912
74.6195,1.49451,0.5,1.00929
74.6215,1.5064,0.5,1.00941
74.6235,1.49754,0.5,1.00956
74.6255,1.49641,0.5,1.00968
74.6275,1.50232,0.5,1.00981
74.6295,1.49304,0.5,1.00985
74.6316,1.49357,0.5,1.01
74.6335,1.5045,0.5,1.01016
74.6356,1.50862,0.5,1.01021
74.6375,1.48102,0.5,1.01026
74.6395,1.50749,0.5,1.01041
74.6421,1.48777,0.5,1.01047
74.6441,1.51219,0.5,1.0106
74.646,1.50002,0.5,1.01066
74.6481,1.48022,0.5,1.01073
74.6501,1.51095,0.5,1.01082
74.6521,1.51256,0.5,1.01091
74.654,1.4975,0.5,1.0109
74.6561,1.48332,0.5,1.01095
74.6581,1.49633,0.5,1.01097
74.6601,1.50108,0.5,1.01107
74.662,1.48276,0.5,1.01109
74.6641,1.48852,0.5,1.011
74.6661,1.54928,0.5,1.01112
74.6681,1.48375,0.5,1.01121
74.67,1.48965,0.5,1.01111
74.6721,1.52051,0.5,1.01117
74.6741,1.5073,0.5,1.01104
74.6766,1.4691,0.5,1.011
74.6786,1.5009,0.5,1.01102
74.6811,1.48784,0.5,1.01096
74.6831,1.50957,0.5,1.01082
74.6851,1.50595,0.5,1.01078
74.6871,1.50124,0.5,1.01065
74.6891,1.52995,0.5,1.01058
74.6911,1.50801,0.5,1.01045
74.6931,1.49343,0.5,1.01027
74.6951,1.51005,0.5,1.01005
74.6971,1.4959,0.5,1.00986
74.6991,1.49166,0.5,1.0096
74.7011,1.50464,0.5,1.00937
74.7031,1.49173,0.5,1.00911
74.7051,1.48777,0.5,1.00877
74.7071,1.48989,0.5,1.00845
74.7091,1.51322,0.48672,1.00811
74.7116,1.47709,0.4689,1.00782
74.7136,1.46889,0.4407,1.00735
74.7156,1.39006,0.42588,1.0071
74.7176,1.32594,0.40794,1.0068
74.7196,1.28497,0.39582,1.0066
74.7216,1.22975,0.3858,1.00643
74.7236,1.19088,0.3744,1.00624
74.7256,1.15873,0.37668,1.00628
74.7276,1.14235,0.36642,1.00611
74.7296,1.11998,0.36228,1.00604
74.7316,1.10323,0.34884,1.00581
74.7336,1.07688,0.34278,1.00571
74.7356,1.0511,0.33378,1.00556
74.7376,1.02763,0.32964,1.00549
74.7396,0.99163,0.3177,1.0053
74.7416,0.995337,0.31626,1.00527
74.7436,0.949725,0.3147,1.00525
74.7456,0.951992,0.30666,1.00511
74.7482,0.94015,0.30366,1.00506
74.75,0.91478,0.29064,1.00484
74.7522,0.897201,0.28386,1.00473
74.7542,0.876053,0.27534,1.00459
74.7562,0.854929,0.26478,1.00441
74.758,0.819659,0.26208,1.00437
74.7602,0.792889,0.2526,1.00421
74.7622,0.779623,0.24348,1.00406
74.7642,0.750309,0.23118,1.00385
74.766,0.722432,0.22152,1.00369
74.7682,0.691814,0.21168,1.00353
74.7702,0.670638,0.20052,1.00334
74.7722,0.636851,0.18672,1.00311
74.774,0.591151,0.17334,1.00289
74.7762,0.554287,0.1608,1.00268
74.7782,0.516603,0.14658,1.00244
74.7802,0.472756,0.1341,1.00224
74.7826,0.426557,0.12312,1.00205
74.7846,0.390397,0.1053,1.00176
74.7866,0.343674,0.09588,1.0016
74.7892,0.296837,0.0825,1.00138
74.7912,0.270787,0.06084,1.00101
74.7932,0.235353,0.04176,1.0007
74.7952,0.170576,0.02766,1.00046
74.7972,0.131511,0.00954,1.00016
74.7992,0.067617,0.0003,1.00001
74.8012,0.025902,0.0003,0.99977
74.8032,0.013834,0.0003,0.999554
74.8052,0.004954,0.0003,0.999394
74.8066,0.001625,0.0003,0.999086
74.8086,0.001625,0.0003,0.998967
74.8106,0.001625,0.0003,0.998652
74.8126,0.00748,0.0003,0.998296
74.8146,0.003508,0.0003,0.997901
74.8172,0.003508,0.0003,0.997389
74.8192,0.003293,0.0003,0.996803
74.8212,0.02258,0.0003,0.996367
74.8226,0.02258,0.0003,0.995829
74.8246,0.004779,0.0003,0.995436
74.8266,0.004779,0.0003,0.99501
74.8286,0.001382,0.0003,0.994572
74.8306,0.011107,0.0003,0.994082
74.8326,0.016292,0.0003,0.993598
74.8346,0.009143,0.0003,0.993147
74.8366,0.009143,0.0003,0.99261
74.8386,0.009143,0.0003,0.992162
74.8406,0.009143,0.0003,0.991556
74.8426,0.030232,0.0003,0.991322
74.8442,0.030232,0.0003,0.990701
74.846,0.030232,0.0003,0.990349
74.8482,0.030232,0.0003,0.989915
74.8502,0.030232,0.0003,0.989386
74.8522,0.019879,0.0003,0.988901
74.854,0.027106,0.0003,0.988387
74.8562,0.027106,0.0003,0.987909
74.8582,0.027106,0.0003,0.987343
74.8602,0.010393,0.0003,0.986879
74.862,0.044643,0.0003,0.986435
74.8636,0.044643,0.0003,0.986031
74.8652,0.006638,0.0003,0.985577
74.8672,0.022296,0.0003,0.985137
74.8692,0.022296,0.0003,0.984662
74.8706,0.013101,0.0003,0.98409
74.8726,0.03774,0.0003,0.983713
74.8742,0.03774,0.0003,0.983189
74.8762,0.013335,0.0003,0.982695
74.878,0.013335,0.0003,0.982049
74.8802,0.019971,0.0003,0.981593
74.8822,0.035167,0.0003,0.981041
74.8842,0.035167,0.0003,0.980404
74.8856,0.00738,0.0003,0.979962
74.8876,0.012933,0.0003,0.979517
74.8892,0.012933,0.0003,0.978894
74.8906,0.016176,0.0003,0.978384
74.8922,0.016176,0.0003,0.977921
74.8936,0.003042,0.0003,0.977421
74.8956,0.01808,0.0003,0.976938
74.8972,0.01808,0.0003,0.976282
74.8986,0.01808,0.0003,0.975791
74.9002,0.014701,0.0003,0.975311
74.9016,0.014701,0.0003,0.974776
74.9036,0.002489,0.0003,0.974326
74.9052,0.008484,0.0003,0.973697
74.9066,0.008484,0.0003,0.973162
74.9086,0.003827,0.0003,0.972758
74.91,0.000746,0.0003,0.972118
74.9116,0.000746,0.0003,0.971596
74.9132,0.003493,0.0003,0.971119
74.9146,0.003493,0.0003,0.970642
74.9162,0.000316,0.0003,0.970087
74.918,0.000452,0.0003,0.96954
74.9202,0.000452,0.0003,0.969033
74.9216,0.0049,0.0003,0.968375
74.9232,0.0049,0.0003,0.96789
74.9252,0.001314,0.0003,0.967531
74.9266,0.004087,0.0003,0.966901
74.9282,0.004087,0.0003,0.966537
74.9302,0.005447,0.0003,0.966042
74.9322,0.001916,0.0003,0.965427
74.9336,0.001916,0.0003,0.964871
74.9362,0.001916,0.0003,0.964474
74.9386,0.009337,0.0003,0.963778
74.9402,0.005272,0.0003,0.963166
74.942,0.00354,0.0003,0.962667
74.9436,0.016047,0.0003,0.962184
74.9452,0.001562,0.0003,0.961645
74.9472,0.001562,0.0003,0.961402
74.9492,0.002682,0.0003,0.960776
74.9506,0.002682,0.0003,0.960437
74.9526,0.002682,0.0003,0.959926
74.9542,0.022922,0.0003,0.959481
74.9562,0.011239,0.0003,0.959062
74.958,0.003069,0.0003,0.958585
74.9596,0.003069,0.0003,0.958095
74.9612,0.003218,0.0003,0.957769
74.9632,0.013725,0.0003,0.957373
74.9652,0.013725,0.0003,0.956895
74.9672,0.031685,0.0003,0.956538
74.9696,0.019909,0.0003,0.956078
74.9712,0.009559,0.0003,0.955461
74.9732,0.013256,0.0003,0.955002
74.9752,0.013256,0.0003,0.954578
74.9772,0.037271,0.0003,0.95405
74.9792,0.008097,0.0003,0.953578
74.9812,0.008097,0.0003,0.953099
74.9832,0.017924,0.0003,0.952669
74.9852,0.017924,0.0003,0.952171
74.9872,0.010864,0.0003,0.951782
74.9892,0.010864,0.0003,0.951329
74.9912,0.010864,0.0003,0.950959
74.9932,0.011062,0.0003,0.950609
74.9952,0.025626,0.0003,0.950241
74.9972,0.025626,0.0003,0.949874
74.9986,0.027793,0.0003,0.949468
75.0002,0.027793,0.0003,0.949334
75.0026,0.007396,0.0003,0.949007
75.0042,0.007396,0.0003,0.948483
75.006,0.007396,0.0003,0.94824
75.0076,0.035132,0.0003,0.948017
75.0092,0.00266,0.0003,0.947786
75.0112,0.00266,0.0003,0.947538
75.0132,0.026933,0.0003,0.947224
75.0152,0.010976,0.0003,0.94694
75.0172,0.011232,0.0003,0.946699
75.0192,0.011718,0.0003,0.946424
75.0212,0.01885,0.0003,0.946324
75.0226,0.01885,0.0003,0.946134
75.0242,0.00282,0.0003,0.945923
75.0262,0.00343,0.0003,0.945833
75.0282,0.022413,0.0003,0.945698
75.03,0.01221,0.0003,0.945481
75.0322,0.011534,0.0003,0.945433
75.0346,0.02143,0.0003,0.945354
75.0362,0.02143,0.0003,0.945185
75.038,0.02143,0.0003,0.945189
75.0396,0.015155,0.0003,0.945129
75.0412,0.056596,0.0003,0.94519
75.0432,0.056596,0.0003,0.945129
75.0452,0.056596,0.0003,0.945109
75.0472,0.056596,0.0003,0.945091
75.0492,0.056596,0.0003,0.94515
75.0512,0.019548,0.0003,0.945285
75.0532,0.033939,0.0003,0.945282
75.0552,0.033939,0.0003,0.94545
75.0572,0.01523,0.0003,0.945458
75.0592,0.002258,0.0003,0.945492
75.0612,0.002258,0.0003,0.945727
75.0632,0.00996,0.0003,0.945839
75.0652,0.003537,0.0003,0.945941
75.0676,0.003537,0.0003,0.946113
75.0692,0.003537,0.0003,0.946365
75.0712,0.003537,0.0003,0.946533
75.0732,0.007454,0.0003,0.946703
75.0752,0.007454,0.0003,0.946893
75.0772,0.007454,0.0003,0.947084
75.0792,0.055813,0.0003,0.947288
75.0812,0.01159,0.0003,0.947606
75.0832,0.011624,0.0003,0.947851
75.0852,0.011624,0.0003,0.948072
75.0872,0.011624,0.0003,0.948278
75.0892,0.011624,0.0003,0.948486
75.0912,0.012354,0.0003,0.948824
75.0932,0.015302,0.0003,0.949046
75.0952,0.015302,0.0003,0.949216
75.0972,0.015302,0.0003,0.94949
75.0992,0.015302,0.0003,0.949784
75.1016,0.019403,0.0003,0.949999
75.1032,0.019403,0.0003,0.950301
75.1052,0.021074,0.0003,0.95048
75.1072,0.021074,0.0003,0.95077
75.1092,0.014438,0.0003,0.951018
75.1112,0.012985,0.0003,0.951308
75.1132,0.002075,0.0003,0.951527
75.1152,0.011078,0.0003,0.951803
75.1172,0.005649,0.0003,0.952111
75.1192,0.046612,0.0003,0.952321
75.1212,0.013076,0.0003,0.952713
75.1232,0.033873,0.0003,0.953134
75.1252,0.031124,0.0003,0.953357
75.1272,0.025747,0.0003,0.953847
75.1292,0.025747,0.0003,0.954308
75.1312,0.003496,0.0003,0.954763
75.1332,0.026173,0.0003,0.955267
75.1356,0.026173,0.0003,0.955779
75.1372,0.015631,0.0003,0.956483
75.1392,0.00184,0.0003,0.956969
75.1412,0.00184,0.0003,0.957602
75.1432,0.011803,0.0003,0.958374
75.1452,0.006947,0.0003,0.959024
75.1472,0.029955,0.0003,0.959784
75.1492,0.014176,0.0003,0.960482
75.1512,0.015291,0.0003,0.961273
75.1532,0.015291,0.0003,0.962071
75.1552,0.00491,0.0003,0.963003
75.1572,0.013191,0.0003,0.963893
75.1592,0.008497,0.0003,0.964771
75.1612,0.004032,0.0003,0.965696
75.1632,0.008226,0.0003,0.966571
75.1652,0.002882,0.0003,0.967565
75.1672,0.007417,0.0003,0.968511
75.1692,0.007417,0.0003,0.969309
75.1716,0.007417,0.0003,0.970428
75.1732,0.001248,0.0003,0.971682
75.1752,0.023387,0.0003,0.972339
75.1772,0.023387,0.0003,0.97339
75.1792,0.023387,0.0003,0.974422
75.1812,0.011131,0.0003,0.975366
75.1832,0.027801,0.0003,0.976332
75.1852,0.027801,0.0003,0.977177
75.1872,0.027801,0.0003,0.978052
75.1892,0.027801,0.0003,0.978948
75.1912,0.027801,0.0003,0.979856
75.1932,0.005623,0.0003,0.980733
75.1952,0.005623,0.0003,0.981663
75.1972,0.005623,0.0003,0.982475
75.1992,0.005623,0.0003,0.983251
75.2012,0.046256,0.0003,0.984013
75.2032,0.046256,0.0003,0.984664
75.2056,0.046256,0.0003,0.985578
75.2082,0.046256,0.0003,0.986448
75.2102,0.046256,0.0003,0.987389
75.2122,0.003947,0.0003,0.988171
75.2141,0.003947,0.0003,0.988929
75.2156,0.003947,0.0003,0.989523
75.2172,0.003947,0.0003,0.990148
75.2192,0.003947,0.0003,0.9907
75.2212,0.031708,0.0003,0.991391
75.2232,0.028779,0.0003,0.992213
75.2252,0.028779,0.0003,0.993087
75.2272,0.028779,0.0003,0.993853
75.2292,0.01284,0.0003,0.994573
75.2312,0.01284,0.0003,0.995368
75.2332,0.01284,0.0003,0.996138
75.2352,0.000971,0.0003,0.996891
75.2372,0.000971,0.0003,0.997577
75.2392,0.0022,0.0003,0.998482
75.2412,0.0022,0.0003,0.999205
75.2432,0.0022,0.0003,0.999874
75.2452,0.0022,0.04254,1.00071
75.2472,0.053214,0.07998,1.00133
75.2492,0.150191,0.1206,1.00201
75.2512,0.257154,0.15162,1.00253
75.2532,0.356595,0.1749,1.00292
75.2552,0.449473,0.18144,1.00302
75.2572,0.504517,0.19056,1.00318
75.2592,0.554315,0.18648,1.00311
75.2612,0.562269,0.19344,1.00322
75.2632,0.573217,0.19482,1.00325
75.2652,0.57827,0.20058,1.00334
75.2672,0.597356,0.20712,1.00345
75.2692,0.615703,0.21984,1.00366
75.2712,0.638449,0.22308,1.00372
75.2732,0.654019,0.2271,1.00379
75.2756,0.66941,0.23598,1.00393
75.2776,0.690871,0.2346,1.00391
75.2796,0.69861,0.23058,1.00384
75.2822,0.709089,0.22824,1.0038
75.2842,0.685885,0.21936,1.00366
75.2861,0.682878,0.21534,1.00359
75.2882,0.662305,0.21246,1.00354
75.2902,0.653688,0.2076,1.00346
75.2922,0.641119,0.20496,1.00342
75.2941,0.62718,0.20208,1.00337
75.2962,0.608331,0.20358,1.00339
75.2982,0.598152,0.19044,1.00317
75.3002,0.595816,0.17976,1.003
75.3021,0.564005,0.17178,1.00286
75.3042,0.538549,0.16494,1.00275
75.3062,0.520181,0.15984,1.00266
75.3082,0.49494,0.15702,1.00262
75.3101,0.483422,0.14508,1.00242
75.3122,0.457434,0.13674,1.00228
75.3142,0.435811,0.13326,1.00222
75.3162,0.41568,0.12834,1.00214
75.3181,0.397997,0.1251,1.00209
75.3202,0.387239,0.11796,1.00197
75.3222,0.371877,0.1146,1.00191
75.3242,0.356085,0.11502,1.00192
75.3261,0.351587,0.11046,1.00184
75.3282,0.341387,0.10296,1.00172
75.3302,0.327615,0.09558,1.00159
75.3322,0.303932,0.09576,1.0016
75.3341,0.28993,0.09276,1.00155
75.3362,0.2911,0.08952,1.00149
75.3382,0.275129,0.08982,1.0015
75.3402,0.275393,0.08952,1.00149
75.3421,0.275146,0.0891,1.00149
75.3447,0.267609,0.09,1.0015
75.3472,0.264402,0.08418,1.0014
75.3492,0.264648,0.0858,1.00143
75.3512,0.255367,0.08238,1.00137
75.3532,0.240225,0.08178,1.00136
75.3552,0.245403,0.07728,1.00129
75.3572,0.248872,0.06966,1.00116
75.3592,0.224057,0.0696,1.00116
75.3612,0.210201,0.06666,1.00111
75.3632,0.209627,0.06348,1.00106
75.3652,0.193837,0.06048,1.00101
75.3672,0.198189,0.05286,1.00088
75.3692,0.178029,0.05424,1.0009
75.3712,0.160797,0.03828,1.00064
75.3732,0.133316,0.03384,1.00056
75.3752,0.111328,0.02178,1.00036
75.3772,0.079788,0.0087,1.00015
75.3797,0.050422,0.0087,0.999973
75.3821,0.01372,0.0087,0.999725
75.3842,0.01372,0.0087,0.999445
75.3862,0.01372,0.0087,0.999152
75.3882,0.01372,0.0087,0.998846
75.3901,0.01372,0.0087,0.998451
75.3917,0.01372,0.0087,0.998015
75.3937,0.01372,0.0087,0.997688
75.3957,0.01372,0.0087,0.99724
75.3977,0.006656,0.0087,0.996622
75.3997,0.006656,0.0087,0.995947
75.4017,0.006656,0.0087,0.995436
75.4037,0.001207,0.0087,0.994806
75.4057,0.036005,0.0087,0.994228
75.4077,0.036005,0.0087,0.993479
75.4097,0.036005,0.0087,0.992888
75.4117,0.002402,0.0087,0.992214
75.4141,0.002402,0.0087,0.991456
75.4163,0.002402,0.0087,0.990753
75.4183,0.016929,0.0087,0.989945
75.4203,0.01047,0.0087,0.989168
75.4221,0.01047,0.0087,0.98841
75.4237,0.01047,0.0087,0.987765
75.4253,0.01047,0.0087,0.987161
75.4273,0.01047,0.0087,0.986473
75.4293,0.02038,0.0087,0.98575
75.4313,0.02038,0.0087,0.984957
75.4333,0.02038,0.0087,0.984218
75.4353,0.02038,0.0087,0.983346
75.4373,0.02038,0.0087,0.982394
75.4393,0.02038,0.0087,0.981557
75.4413,0.02038,0.0087,0.980796
75.4433,0.02038,0.0087,0.979853
75.4453,0.02038,0.0087,0.978975
75.4473,0.02038,0.0087,0.978145
75.4493,0.011861,0.0087,0.977281
75.4513,0.011861,0.0087,0.976274
75.4533,0.017167,0.0087,0.975433
75.4553,0.017167,0.0087,0.97452
75.4573,0.017167,0.0087,0.973658
75.4593,0.003411,0.0087,0.97283
75.4613,0.008774,0.0087,0.972025
75.4633,0.000145,0.0087,0.971116
75.4653,0.000145,0.0087,0.970163
75.4673,0.005101,0.0087,0.969366
75.4693,0.009073,0.0087,0.968407
75.4713,0.004087,0.0087,0.967635
75.4733,0.003091,0.0087,0.966829
75.4753,0.002366,0.0087,0.966041
75.4773,0.002366,0.0087,0.965273
75.4793,0.003848,0.0087,0.964512
75.4813,0.003962,0.0087,0.963724
75.4833,0.003962,0.0087,0.962965
75.4853,0.011289,0.0087,0.962289
75.4873,0.011289,0.0087,0.961546
75.4893,0.011289,0.0087,0.960958
75.4913,0.013931,0.0087,0.960167
75.4933,0.010804,0.0087,0.959605
75.4953,0.015901,0.0087,0.95912
75.4973,0.015901,0.0087,0.958378
75.4993,0.025402,0.0087,0.957835
75.5013,0.025402,0.0087,0.957308
75.5033,0.018803,0.0087,0.956795
75.5053,0.013175,0.0087,0.956267
75.5073,0.02005,0.0087,0.955744
75.5093,0.001565,0.0087,0.955181
75.5113,0.026622,0.0087,0.954656
75.5137,0.02815,0.0087,0.954227
75.5157,0.02815,0.0087,0.953597
75.5177,0.02815,0.0087,0.953097
75.5197,0.019831,0.0087,0.952609
75.5217,0.030054,0.0087,0.952125
75.5237,0.030054,0.0087,0.951659
75.5257,0.007763,0.0087,0.951136
75.5277,0.010976,0.0087,0.950795
75.5297,0.01884,0.0087,0.950254
75.5317,0.01884,0.0087,0.949969
75.5337,0.007467,0.0087,0.949534
75.5357,0.03498,0.0087,0.949169
75.5377,0.03498,0.0087,0.948681
75.5397,0.03498,0.0087,0.948428
75.5417,0.010989,0.0087,0.947963
75.5437,0.010989,0.0087,0.947757
75.5457,0.010989,0.0087,0.947301
75.5483,0.01481,0.0087,0.947032
75.5501,0.007248,0.0087,0.946677
75.5517,0.007248,0.0087,0.946522
75.5537,0.018832,0.0087,0.946337
75.5557,0.003258,0.0087,0.946246
75.5577,0.003258,0.0087,0.946107
75.5597,0.037426,0.0087,0.945979
75.5617,0.003353,0.0087,0.945968
75.5637,0.003353,0.0087,0.945892
75.5657,0.003353,0.0087,0.946042
75.5677,0.01033,0.0087,0.946031
75.5697,0.006667,0.0087,0.946255
75.5717,0.010954,0.0087,0.946412
75.5737,0.010954,0.0087,0.946581
75.5757,0.010954,0.0087,0.946839
75.5777,0.027249,0.0087,0.947062
75.5797,0.011259,0.0087,0.947408
75.5821,0.003234,0.0087,0.947713
75.5837,0.003234,0.0087,0.948269
75.5857,0.011313,0.0087,0.94869
75.5877,0.035917,0.0087,0.949194
75.5897,0.013622,0.0087,0.949911
75.5917,0.013622,0.0087,0.950449
75.5933,0.014005,0.0087,0.951213
75.5953,0.014005,0.0087,0.951733
75.5973,0.014005,0.0087,0.952536
75.5987,0.005654,0.0087,0.953229
75.6007,0.024055,0.0087,0.953839
75.6023,0.003386,0.0087,0.954524
75.6043,0.023047,0.0087,0.955106
75.6061,0.006593,0.0087,0.955905
75.6083,0.006593,0.0087,0.956662
75.6103,0.006593,0.0087,0.957677
75.6123,0.006769,0.0087,0.958598
75.6141,0.014508,0.0087,0.959637
75.6163,0.014508,0.0087,0.960487
75.6183,0.00016,0.0087,0.961546
75.6203,0.018452,0.0087,0.962675
75.6221,0.005757,0.0087,0.963724
75.6243,0.008966,0.0087,0.964639
75.6263,0.003234,0.0087,0.965829
75.6283,0.006409,0.0087,0.966982
75.6301,0.005101,0.0087,0.968177
75.6317,0.002677,0.0087,0.969201
75.6333,0.004685,0.0087,0.970261
75.6353,0.012067,0.0087,0.971287
75.6373,0.006537,0.0087,0.972619
75.6387,0.006537,0.0087,0.973934
75.6403,0.006537,0.0087,0.974986
75.6423,0.012548,0.0087,0.976046
75.6443,0.030528,0.0087,0.977504
75.6461,0.030528,0.0087,0.978829
75.6483,0.030528,0.0087,0.980192
75.6503,0.030528,0.0087,0.981797
75.6523,0.038318,0.0087,0.983258
75.6541,0.038318,0.0087,0.984803
75.6563,0.038318,0.0087,0.986149
75.6577,0.004196,0.0087,0.987837
75.6593,0.004196,0.0087,0.988938
75.6607,0.004196,0.0087,0.990174
75.6621,0.004196,0.0087,0.991335
75.6637,0.004196,0.0087,0.992481
75.6653,0.014045,0.0087,0.993777
75.6667,0.024226,0.0087,0.994918
75.6683,0.015146,0.0087,0.996149
75.6697,0.00404,0.0087,0.997429
75.6723,0.00404,0.0087,0.998587
75.6737,0.003092,0.03138,1.00052
75.6757,0.047519,0.11934,1.00199
75.6777,0.18965,0.2136,1.00356
75.6803,0.45378,0.30294,1.00505
75.6823,0.672881,0.38424,1.0064
75.6843,0.924094,0.4365,1.00728
75.6861,1.15787,0.47592,1.00793
75.6883,1.32624,0.49386,1.00823
75.6903,1.43304,0.5,1.00847
75.6923,1.46498,0.5,1.0087
75.6941,1.51747,0.5,1.00895
75.6963,1.54214,0.5,1.00952
75.6983,1.51771,0.5,1.01022
75.7003,1.52529,0.5,1.01105
75.7021,1.49811,0.5,1.012
75.7043,1.51631,0.5,1.01297
75.7063,1.48649,0.5,1.01385
75.7083,1.45943,0.5,1.01454
75.7101,1.45708,0.5,1.0152
75.7123,1.50067,0.5,1.01577
75.7147,1.50243,0.5,1.01623
75.7167,1.41501,0.5,1.01686
75.7187,1.5025,0.5,1.01723
75.7213,1.4749,0.5,1.01761
75.7233,1.46082,0.5,1.01788
75.7253,1.49531,0.5,1.01806
75.7273,1.4628,0.5,1.01821
75.7293,1.51072,0.5,1.01825
75.7313,1.45084,0.5,1.01819
75.7333,1.48645,0.5,1.01812
75.7353,1.51281,0.5,1.01802
75.7373,1.48707,0.5,1.01785
75.7393,1.4636,0.5,1.01771
75.7413,1.50106,0.5,1.01725
75.7433,1.46964,0.5,1.01695
75.7453,1.47986,0.5,1.01648
75.7473,1.43813,0.5,1.01591
75.7493,1.50984,0.5,1.01535
75.7523,1.48803,0.5,1.01473
75.7543,1.49603,0.5,1.01362
75.7563,1.4952,0.5,1.01285
75.7581,1.48931,0.5,1.01198
75.7603,1.50415,0.5,1.01121
75.7623,1.48124,0.5,1.01036
75.7643,1.49491,0.5,1.00952
75.7661,1.50945,0.5,1.00848
75.7683,1.4869,0.45648,1.00761
75.7703,1.43618,0.3819,1.00637
75.7723,1.29361,0.31866,1.00531
75.7741,1.12173,0.25926,1.00432
75.7763,0.935641,0.19908,1.00332
75.7783,0.768002,0.165,1.00275
75.7803,0.606948,0.13512,1.00225
75.7821,0.490861,0.11058,1.00184
75.7843,0.391485,0.09108,1.00152
75.7867,0.289157,0.05202,1.00087
75.7893,0.209712,0.02064,1.00034
75.7913,0.111705,0.02064,0.999651
75.7933,0.036096,0.02064,0.998928
75.7953,0.012905,0.02064,0.998355
75.7973,0.012905,0.02064,0.997698
75.7993,0.012905,0.02064,0.996877
75.8013,0.012905,0.02064,0.996098
75.8033,0.012905,0.02064,0.995184
75.8053,0.012806,0.02064,0.994181
75.8067,0.002263,0.02064,0.993153
75.8083,0.010286,0.02064,0.992406
75.8103,0.010496,0.02064,0.991467
75.8123,0.010496,0.02064,0.990486
75.8141,0.010496,0.02064,0.989349
75.8163,0.022536,0.02064,0.988399
75.8183,0.022536,0.02064,0.987116
75.8203,0.022536,0.02064,0.986052
75.8221,0.022536,0.02064,0.984824
75.8237,0.022536,0.02064,0.983807
75.8253,0.022536,0.02064,0.982894
75.8273,0.039317,0.02064,0.982012
75.8293,0.039317,0.02064,0.980876
75.8307,0.005394,0.02064,0.979793
75.8323,0.005394,0.02064,0.978999
75.8343,0.005394,0.02064,0.978144
75.8363,0.016087,0.02064,0.977098
75.8382,0.006109,0.02064,0.975943
75.8397,0.006109,0.02064,0.975018
75.8413,0.003532,0.02064,0.974199
75.8433,0.003532,0.02064,0.973269
75.8453,0.003532,0.02064,0.972245
75.8473,0.003532,0.02064,0.971289
75.8497,0.003532,0.02064,0.970249
75.8513,0.002894,0.02064,0.968975
75.8533,0.006155,0.02064,0.968212
75.8547,0.004382,0.02064,0.967232
75.8563,0.005703,0.02064,0.966497
75.8583,0.010103,0.02064,0.965953
75.8603,0.008722,0.02064,0.964967
75.8622,0.008722,0.02064,0.964155
75.8643,0.018786,0.02064,0.963291
75.8663,0.004465,0.02064,0.962407
75.8683,0.004465,0.02064,0.961692
75.8702,0.017629,0.02064,0.960916
75.8717,0.017835,0.02064,0.960211
75.8733,0.006807,0.02064,0.959555
75.8753,0.007356,0.02064,0.958982
75.8773,0.007356,0.02064,0.958322
75.8787,0.018861,0.02064,0.957639
75.8807,0.018861,0.02064,0.957066
75.8823,0.018861,0.02064,0.956486
75.8843,0.027483,0.02064,0.956029
75.8862,0.006328,0.02064,0.955454
75.8877,0.009789,0.02064,0.954872
75.8893,0.012721,0.02064,0.954389
75.8913,0.012721,0.02064,0.953959
75.8933,0.017495,0.02064,0.953495
75.8947,0.017495,0.02064,0.952854
75.8963,0.020055,0.02064,0.952563
75.8983,0.008094,0.02064,0.952245
75.9003,0.008094,0.02064,0.951785
75.9022,0.021726,0.02064,0.951368
75.9037,0.044614,0.02064,0.950986
75.9053,0.044614,0.02064,0.950611
75.9073,0.011117,0.02064,0.950551
75.9093,0.011117,0.02064,0.950207
75.9123,0.011117,0.02064,0.949911
75.9143,0.011117,0.02064,0.949531
75.9163,0.012783,0.02064,0.949403
75.9182,0.003248,0.02064,0.949208
75.9197,0.003248,0.02064,0.948985
75.9213,0.003248,0.02064,0.948849
75.9233,0.003248,0.02064,0.948734
75.9253,0.028276,0.02064,0.948572
75.9273,0.019239,0.02064,0.94851
75.9293,0.019239,0.02064,0.948543
75.9313,0.023444,0.02064,0.948543
75.9333,0.011732,0.02064,0.948601
75.9353,0.003784,0.02064,0.948763
75.9373,0.002607,0.02064,0.948748
75.9393,0.023492,0.02064,0.948943
75.9413,0.011169,0.02064,0.949096
75.9433,0.003231,0.02064,0.949277
75.9457,0.003231,0.02064,0.949551
75.9473,0.02007,0.02064,0.949828
75.9493,0.02007,0.02064,0.950166
75.9513,0.02007,0.02064,0.950585
75.9533,0.020122,0.02064,0.95094
75.9553,0.006283,0.02064,0.951527
75.9573,0.006283,0.02064,0.951977
75.9593,0.006283,0.02064,0.952467
75.9613,0.019563,0.02064,0.953079
75.9633,0.019563,0.02064,0.953642
75.9653,0.019563,0.02064,0.954133
75.9673,0.009877,0.02064,0.954878
75.9693,0.006251,0.02064,0.955404
75.9713,0.004327,0.02064,0.956178
75.9733,0.004327,0.02064,0.956998
75.9753,0.004327,0.02064,0.957709
75.9773,0.014981,0.02064,0.958531
75.9798,0.017545,0.02064,0.959433
75.9813,0.017545,0.02064,0.960407
75.9833,0.017545,0.02064,0.961077
75.9853,0.018563,0.02064,0.961916
75.9873,0.008482,0.02064,0.962849
75.9893,0.003691,0.02064,0.963781
75.9913,0.001621,0.02064,0.964734
75.9933,0.007401,0.02064,0.965762
75.9953,0.00705,0.02064,0.966773
75.9973,0.005145,0.02064,0.967663
75.9993,0.000626,0.02064,0.968902
76.0013,0.000626,0.02064,0.969924
76.0033,0.000626,0.02064,0.971011
76.0053,0.013503,0.02064,0.972169
76.0073,0.013503,0.02064,0.97343
76.0093,0.013503,0.02064,0.974631
76.0113,0.013503,0.02064,0.975793
76.0133,0.000626,0.02064,0.977097
76.0163,0.014952,0.02064,0.978281
76.0183,0.020979,0.02064,0.980299
76.0203,0.020979,0.02064,0.981599
76.0222,0.020979,0.02064,0.98297
76.0243,0.046593,0.02064,0.984205
76.0263,0.046593,0.02064,0.985604
76.0283,0.046593,0.02064,0.98686
76.0302,0.015676,0.02064,0.988196
76.0318,0.015676,0.02064,0.989447
76.0333,0.000469,0.02064,0.990489
76.0353,0.020556,0.02064,0.991418
76.0373,0.020556,0.02064,0.992843
76.0393,0.020556,0.02064,0.994076
76.0413,0.00142,0.02064,0.995306
76.0433,0.00142,0.02064,0.996564
76.0453,0.00142,0.02064,0.997756
76.0473,0.00142,0.02064,0.999014
76.0494,0.003147,0.00966,1.00016
76.0514,0.010567,0.09372,1.00156
76.0534,0.125574,0.16182,1.0027
76.0553,0.292166,0.22986,1.00383
76.0573,0.49082,0.2754,1.00459
76.0594,0.671869,0.30468,1.00508
76.0614,0.804829,0.3192,1.00532
76.0634,0.890796,0.32208,1.00537
76.0653,0.940994,0.3186,1.00531
76.0674,0.973544,0.31218,1.0052
76.0694,0.970345,0.31578,1.00526
76.0714,0.981002,0.33054,1.00551
76.0734,0.99981,0.34596,1.00577
76.0754,1.02781,0.37134,1.00619
76.0774,1.0757,0.39966,1.00666
76.0794,1.13651,0.41862,1.00698
76.0814,1.18014,0.43074,1.00718
76.0834,1.24188,0.43632,1.00727
76.0858,1.27759,0.42624,1.0071
76.0884,1.28537,0.41868,1.00698
76.0904,1.28177,0.39606,1.0066
76.0924,1.24989,0.38148,1.00636
76.0942,1.20349,0.37602,1.00627
76.0964,1.1766,0.37746,1.00629
76.0984,1.14567,0.37284,1.00621
76.1004,1.12617,0.37182,1.0062
76.1022,1.11919,0.37074,1.00618
76.1044,1.11729,0.36024,1.006
76.1064,1.09603,0.35064,1.00584
76.1084,1.07124,0.33546,1.00559
76.1102,1.03618,0.32268,1.00538
76.1124,0.999543,0.3003,1.00501
76.1144,0.948102,0.29364,1.00489
76.1164,0.914841,0.27288,1.00455
76.1182,0.875276,0.2661,1.00443
76.1208,0.831085,0.25638,1.00427
76.1228,0.792525,0.24918,1.00415
76.1248,0.765958,0.24312,1.00405
76.1268,0.742567,0.23412,1.0039
76.1288,0.720737,0.2241,1.00374
76.1308,0.686347,0.20844,1.00347
76.1328,0.655435,0.19476,1.00325
76.1348,0.611137,0.17118,1.00285
76.1374,0.560779,0.15522,1.00259
76.1394,0.519383,0.1356,1.00226
76.1414,0.452459,0.1128,1.00188
76.1434,0.390082,0.09444,1.00157
76.1454,0.332253,0.08526,1.00142
76.1474,0.286721,0.06228,1.00104
76.1494,0.221688,0.05208,1.00087
76.1514,0.19232,0.0324,1.00054
76.1534,0.138569,0.0153,1.00026
76.1558,0.085396,0.0153,0.999935
76.1578,0.03652,0.0153,0.999471
76.1594,0.015943,0.0153,0.999144
76.1614,0.015943,0.0153,0.998759
76.1634,0.015943,0.0153,0.99833
76.1654,0.015943,0.0153,0.997708
76.1674,0.015943,0.0153,0.997032
76.1694,0.015943,0.0153,0.996336
76.1714,0.015943,0.0153,0.995341
76.1734,0.015943,0.0153,0.994303
76.1754,0.015943,0.0153,0.993277
76.1774,0.015943,0.0153,0.992298
76.1794,0.015943,0.0153,0.991123
76.1814,0.019601,0.0153,0.99
76.1834,0.006566,0.0153,0.989015
76.1854,0.006566,0.0153,0.987842
76.1874,0.004683,0.0153,0.98665
76.1898,0.004683,0.0153,0.985462
76.1914,0.004683,0.0153,0.983999
76.1934,0.004683,0.0153,0.983123
76.1954,0.026976,0.0153,0.98181
76.1974,0.026976,0.0153,0.980671
76.1994,0.026976,0.0153,0.979443
76.2014,0.005383,0.0153,0.97824
76.2034,0.005383,0.0153,0.97701
76.2054,0.001842,0.0153,0.975847
76.2074,0.002455,0.0153,0.974734
76.2094,0.002455,0.0153,0.973638
76.2114,0.003738,0.0153,0.972485
76.2134,0.011381,0.0153,0.971485
76.2154,0.00359,0.0153,0.970395
76.2174,0.003155,0.0153,0.969331
76.2194,0.001587,0.0153,0.968252
76.2218,0.009459,0.0153,0.967227
76.2234,0.009918,0.0153,0.966013
76.2254,0.003629,0.0153,0.965417
76.2274,0.016596,0.0153,0.96443
76.2294,0.009814,0.0153,0.963771
76.2314,0.013083,0.0153,0.962891
76.2334,0.001906,0.0153,0.962129
76.2354,0.011219,0.0153,0.961411
76.2374,0.011219,0.0153,0.960937
76.2394,0.006892,0.0153,0.960227
76.2414,0.026881,0.0153,0.959514
76.2434,0.006795,0.0153,0.958995
76.2454,0.006795,0.0153,0.958356
76.2474,0.016055,0.0153,0.957762
76.2494,0.011941,0.0153,0.957247
76.2514,0.011941,0.0153,0.95672
76.2534,0.011941,0.0153,0.956181
76.2558,0.000326,0.0153,0.955783
76.2574,0.014137,0.0153,0.955263
76.2594,0.014137,0.0153,0.95485
76.2614,0.013854,0.0153,0.954459
76.2634,0.013854,0.0153,0.954084
76.2654,0.013854,0.0153,0.953697
76.2674,0.013854,0.0153,0.95334
76.2694,0.005431,0.0153,0.952971
76.2714,0.005431,0.0153,0.952678
76.2734,0.007953,0.0153,0.952336
76.2754,0.007953,0.0153,0.951989
76.2774,0.034986,0.0153,0.951795
76.2794,0.034986,0.0153,0.951583
76.2814,0.034986,0.0153,0.951325
76.2834,0.034986,0.0153,0.951192
76.2854,0.029201,0.0153,0.951074
76.2874,0.029201,0.0153,0.950898
76.2898,0.000418,0.0153,0.950758
76.2914,0.000418,0.0153,0.950604
76.2934,0.003207,0.0153,0.950569
76.2954,0.001911,0.0153,0.950524
76.2974,0.001911,0.0153,0.950457
76.2994,0.001911,0.0153,0.950326
76.3014,0.007659,0.0153,0.950233
76.3034,0.007659,0.0153,0.950108
76.3054,0.007659,0.0153,0.950048
76.3074,0.007659,0.0153,0.949986
76.3094,0.007659,0.0153,0.949954
76.3114,0.007659,0.0153,0.9498
76.3134,0.003146,0.0153,0.949739
76.3154,0.003146,0.0153,0.94969
76.3174,0.034665,0.0153,0.949617
76.3194,0.034665,0.0153,0.949535
76.3214,0.034665,0.0153,0.949485
76.3238,0.01099,0.0153,0.949529
76.3254,0.001415,0.0153,0.949415
76.3274,0.001415,0.0153,0.949416
76.3294,0.011843,0.0153,0.949445
76.3308,0.011843,0.0153,0.949494
76.3324,0.008465,0.0153,0.949541
76.3342,0.010953,0.0153,0.949548
76.3358,0.008382,0.0153,0.94966
76.3374,0.007515,0.0153,0.94969
76.3388,0.007515,0.0153,0.949679
76.3404,0.010907,0.0153,0.949838
76.3422,0.019843,0.0153,0.949933
76.3444,0.032189,0.0153,0.950025
76.3464,0.032189,0.0153,0.950241
76.3484,0.032189,0.0153,0.950462
76.3502,0.019934,0.0153,0.950645
76.3518,0.022969,0.0153,0.950969
76.3538,0.0032,0.0153,0.951227
76.3554,0.036592,0.0153,0.951556
76.3574,0.003256,0.0153,0.95182
76.3594,0.031551,0.0153,0.952316
76.3614,0.031551,0.0153,0.952713
76.3634,0.003257,0.0153,0.953194
76.3654,0.003257,0.0153,0.953675
76.3674,0.018984,0.0153,0.95412
76.3694,0.027694,0.0153,0.954726
76.3714,0.022623,0.0153,0.955329
76.3734,0.022623,0.0153,0.955961
76.3754,0.015239,0.0153,0.956601
76.3774,0.011428,0.0153,0.957363
76.3794,0.007235,0.0153,0.95797
76.3814,0.010654,0.0153,0.958717
76.3834,0.009687,0.0153,0.959526
76.3854,0.012153,0.0153,0.960273
76.3874,0.018971,0.0153,0.961124
76.3898,0.003987,0.0153,0.9618
76.3924,0.000875,0.0153,0.962809
76.3944,0.000653,0.0153,0.9639
76.3964,0.010798,0.0153,0.964802
76.3982,0.009825,0.0153,0.965698
76.3998,0.000299,0.0153,0.966583
76.4014,0.005013,0.0153,0.967404
76.4034,0.005013,0.0153,0.968048
76.4054,0.011581,0.0153,0.968966
76.4074,0.008045,0.0153,0.970037
76.4094,0.00379,0.0153,0.970932
76.4114,0.014933,0.0153,0.972083
76.4134,0.014872,0.0153,0.973241
76.4154,0.01175,0.0153,0.974245
76.4174,0.01175,0.0153,0.975321
76.4194,0.006011,0.0153,0.976474
76.4214,0.026173,0.0153,0.977596
76.4238,0.026173,0.0153,0.97877
76.4254,0.026173,0.0153,0.979986
76.4274,0.026173,0.0153,0.980927
76.4294,0.013549,0.0153,0.982063
76.4314,0.013549,0.0153,0.983176
76.4334,0.013549,0.0153,0.984184
76.4348,0.029826,0.0153,0.985188
76.4364,0.029826,0.0153,0.986001
76.4378,0.029826,0.0153,0.986768
76.4404,0.022943,0.0153,0.987673
76.4424,0.013179,0.0153,0.988976
76.4438,0.000782,0.0153,0.990027
76.4454,0.021518,0.0153,0.990945
76.4468,0.004051,0.0153,0.991704
76.4484,0.013131,0.0153,0.992371
76.4498,0.013131,0.0153,0.993247
76.4514,0.013131,0.0153,0.994018
76.4528,0.013131,0.0153,0.994824
76.4548,0.014993,0.0153,0.995605
76.4574,0.014993,0.0153,0.99683
76.4588,0.004316,0.0153,0.997857
76.4604,0.004316,0.0153,0.998502
76.4618,0.008148,0.0153,0.999206
76.4634,0.008148,0.00174,1.00003
76.4654,0.008148,0.05124,1.00085
76.4674,0.074636,0.09804,1.00163
76.4694,0.168023,0.15,1.0025
76.4714,0.287643,0.19074,1.00318
76.4734,0.434493,0.2142,1.00357
76.4754,0.535151,0.22134,1.00369
76.4774,0.609115,0.2142,1.00357
76.4794,0.632603,0.20844,1.00347
76.4814,0.63385,0.19074,1.00318
76.4834,0.618821,0.17652,1.00294
76.4854,0.588454,0.16734,1.00279
76.4878,0.548577,0.16722,1.00279
76.4898,0.534664,0.18072,1.00301
76.4918,0.545981,0.20028,1.00334
76.4938,0.574697,0.22242,1.00371
76.4958,0.615963,0.24612,1.0041
76.4978,0.674117,0.26484,1.00441
76.4998,0.740335,0.26238,1.00437
76.5018,0.759446,0.26484,1.00441
76.5044,0.781473,0.25062,1.00418
76.5064,0.757966,0.23658,1.00394
76.5084,0.741253,0.21846,1.00364
76.5103,0.703872,0.19698,1.00328
76.5124,0.650798,0.18564,1.00309
76.5144,0.612557,0.17784,1.00296
76.5164,0.576033,0.17856,1.00298
76.5183,0.565156,0.18438,1.00307
76.5204,0.545752,0.20016,1.00334
76.5228,0.56473,0.20238,1.00337
76.5248,0.588364,0.20508,1.00342
76.5268,0.58815,0.2007,1.00335
76.5288,0.597575,0.19386,1.00323
76.5308,0.587388,0.18408,1.00307
76.5328,0.561417,0.17052,1.00284
76.5348,0.546385,0.15426,1.00257
76.5374,0.506368,0.14112,1.00235
76.5394,0.460155,0.13356,1.00223
76.5414,0.437821,0.13074,1.00218
76.5434,0.41006,0.12684,1.00211
76.5454,0.396505,0.12408,1.00207
76.5474,0.38051,0.13224,1.0022
76.5494,0.39699,0.1296,1.00216
76.5514,0.384229,0.13314,1.00222
76.5534,0.388788,0.1317,1.0022
76.5554,0.399197,0.13266,1.00221
76.5574,0.397723,0.12408,1.00207
76.5598,0.379695,0.12036,1.00201
76.5618,0.37765,0.11568,1.00193
76.5638,0.359489,0.1089,1.00182
76.5658,0.34655,0.10554,1.00176
76.5684,0.332779,0.10326,1.00172
76.5704,0.3133,0.10128,1.00169
76.5724,0.310695,0.10104,1.00168
76.5743,0.304015,0.10476,1.00175
76.5764,0.320138,0.10242,1.00171
76.5784,0.301889,0.09948,1.00166
76.5804,0.309163,0.09714,1.00162
76.5823,0.285874,0.09234,1.00154
76.5844,0.279733,0.08952,1.00149
76.5864,0.276861,0.0804,1.00134
76.5884,0.256288,0.07152,1.00119
76.5903,0.214727,0.06306,1.00105
76.5924,0.203231,0.04638,1.00077
76.5948,0.16819,0.03468,1.00058
76.5968,0.140975,0.0312,1.00052
76.5989,0.099622,0.01614,1.00027
76.6014,0.07253,0.01038,1.00017
76.6034,0.056416,0.01038,0.999931
76.6054,0.015021,0.01038,0.999809
76.6074,0.003662,0.01038,0.999597
76.6094,0.010493,0.01038,0.999529
76.6114,0.010493,0.01038,0.999257
76.6134,0.010493,0.01038,0.999048
76.6154,0.010493,0.01038,0.998813
76.6174,0.005306,0.01038,0.998429
76.6194,0.005306,0.01038,0.99804
76.6214,0.005306,0.01038,0.997568
76.6234,0.005306,0.01038,0.997139
76.6254,0.009669,0.01038,0.996421
76.6274,0.001006,0.01038,0.995914
76.6298,0.005514,0.01038,0.995165
76.6324,0.005514,0.01038,0.994413
76.6344,0.005514,0.01038,0.993423
76.6364,0.005514,0.01038,0.992672
76.6383,0.010519,0.01038,0.992021
76.6398,0.006042,0.01038,0.991295
76.6414,0.006042,0.01038,0.990713
76.6434,0.019493,0.01038,0.990211
76.6454,0.019493,0.01038,0.989303
76.6469,0.019493,0.01038,0.988701
76.6484,0.013386,0.01038,0.988209
76.6504,0.013386,0.01038,0.987523
76.6524,0.013386,0.01038,0.986711
76.6543,0.021439,0.01038,0.985937
76.6554,0.021439,0.01038,0.985174
76.6568,0.021439,0.01038,0.984857
76.6589,0.021439,0.01038,0.984096
76.6604,0.021439,0.01038,0.983224
76.6623,0.012354,0.01038,0.982469
76.6644,0.012354,0.01038,0.981698
76.6664,0.012354,0.01038,0.980694
76.6684,0.012354,0.01038,0.979717
76.6703,0.012354,0.01038,0.978785
76.6719,0.012354,0.01038,0.977985
76.6734,0.012354,0.01038,0.977176
76.6754,0.018801,0.01038,0.976422
76.6774,0.018801,0.01038,0.975469
76.6789,0.016265,0.01038,0.974542
76.6804,0.008958,0.01038,0.973938
76.6824,0.008958,0.01038,0.973232
76.6844,0.008958,0.01038,0.972249
76.6863,0.008958,0.01038,0.971337
76.6874,0.008947,0.01038,0.97052
76.6894,0.000462,0.01038,0.969935
76.6914,0.002971,0.01038,0.968944
76.6934,0.007006,0.01038,0.967948
76.6949,0.004764,0.01038,0.966912
76.6964,0.005924,0.01038,0.966398
76.6984,0.005924,0.01038,0.965777
76.7004,0.017718,0.01038,0.964774
76.7023,0.012403,0.01038,0.963915
76.7034,0.018564,0.01038,0.963247
76.7049,0.016988,0.01038,0.962881
76.7064,0.020135,0.01038,0.96213
76.7084,0.016785,0.01038,0.961647
76.7103,0.016785,0.01038,0.960871
76.7124,0.006842,0.01038,0.960315
76.7144,0.02704,0.01038,0.959591
76.7164,0.015894,0.01038,0.958981
76.7183,0.015894,0.01038,0.958456
76.7204,0.030379,0.01038,0.958035
76.7224,0.010156,0.01038,0.957473
76.7244,0.010156,0.01038,0.957011
76.7263,0.017823,0.01038,0.956571
76.7284,0.000533,0.01038,0.956229
76.7305,0.000533,0.01038,0.955819
76.7324,0.009343,0.01038,0.95549
76.7343,0.022442,0.01038,0.955161
76.7359,0.020435,0.01038,0.954739
76.7375,0.00313,0.01038,0.954442
76.7395,0.00313,0.01038,0.954367
76.7415,0.019206,0.01038,0.95404
76.7435,0.019206,0.01038,0.953757
76.7455,0.019206,0.01038,0.953522
76.7474,0.014714,0.01038,0.953177
76.7495,0.014714,0.01038,0.952793
76.7515,0.014714,0.01038,0.95268
76.7539,0.027125,0.01038,0.952496
76.7555,0.034485,0.01038,0.95219
76.7575,0.034485,0.01038,0.952087
76.7595,0.004985,0.01038,0.951945
76.7615,0.022613,0.01038,0.951827
76.7635,0.022613,0.01038,0.951858
76.7649,0.021663,0.01038,0.951881
76.7663,0.021663,0.01038,0.951897
76.7679,0.001339,0.01038,0.951902
76.7695,0.001339,0.01038,0.951966
76.7715,0.036376,0.01038,0.952026
76.7735,0.02257,0.01038,0.952117
76.7755,0.012468,0.01038,0.951991
76.7775,0.022432,0.01038,0.952192
76.7795,0.003221,0.01038,0.952288
76.7815,0.003221,0.01038,0.95229
76.7835,0.022211,0.01038,0.952471
76.7859,0.00565,0.01038,0.952727
76.7875,0.00565,0.01038,0.952926
76.7895,0.056644,0.01038,0.953122
76.7915,0.023811,0.01038,0.953424
76.7935,0.023811,0.01038,0.953643
76.7955,0.017068,0.01038,0.954196
76.7975,0.027848,0.01038,0.954565
76.7995,0.027848,0.01038,0.955117
76.8015,0.027848,0.01038,0.955667
76.8035,0.028022,0.01038,0.956271
76.8055,0.015159,0.01038,0.957069
76.8075,0.015159,0.01038,0.957847
76.8095,0.015159,0.01038,0.958577
76.8115,0.015159,0.01038,0.959474
76.8135,0.019725,0.01038,0.960215
76.8155,0.019725,0.01038,0.961121
76.8175,0.019725,0.01038,0.962037
76.8199,0.019725,0.01038,0.962987
76.8215,0.004698,0.01038,0.964032
76.8235,0.004698,0.01038,0.96471
76.8255,0.004698,0.01038,0.965664
76.8275,0.004513,0.01038,0.966565
76.8295,0.004513,0.01038,0.967389
76.8315,0.002802,0.01038,0.968386
76.8335,0.00477,0.01038,0.969262
76.8355,0.008493,0.01038,0.970171
76.8375,0.008392,0.01038,0.97107
76.8395,0.008392,0.01038,0.972072
76.8415,0.003001,0.01038,0.972989
76.8435,0.00713,0.01038,0.974124
76.8455,0.007413,0.01038,0.975035
76.8475,0.007413,0.01038,0.976036
76.8495,0.001281,0.01038,0.977109
76.8515,0.024365,0.01038,0.978127
76.8535,0.011772,0.01038,0.979182
76.8559,0.011772,0.01038,0.980186
76.8575,0.011772,0.01038,0.981557
76.8595,0.011772,0.01038,0.982228
76.8615,0.011772,0.01038,0.983217
76.8635,0.014024,0.01038,0.984101
76.8655,0.014024,0.01038,0.985089
76.8675,0.014024,0.01038,0.985948
76.8695,0.014024,0.01038,0.986965
76.8715,0.027617,0.01038,0.987876
76.8735,0.026953,0.01038,0.988805
76.8755,0.026953,0.01038,0.989735
76.8775,0.026953,0.01038,0.990491
76.8795,0.026953,0.01038,0.99128
76.8815,0.026953,0.01038,0.992112
76.8835,0.010852,0.01038,0.992804
76.8855,0.010852,0.01038,0.993615
76.8875,0.010852,0.01038,0.994404
76.8899,0.010852,0.01038,0.99499
76.8915,0.000834,0.01038,0.995895
76.8935,0.015054,0.01038,0.99638
76.8955,0.00989,0.01038,0.996912
76.8975,6.5e-05,0.01038,0.997472
76.8995,6.5e-05,0.01038,0.998084
76.9015,0.005076,0.01038,0.998736
76.9035,0.008248,0.01038,0.999464
76.9055,0.008248,0.01038,0.999891
76.9075,0.008248,0.03588,1.0006
76.9095,0.058077,0.06558,1.00109
76.9115,0.12206,0.09222,1.00154
76.9135,0.187349,0.11976,1.002
76.9155,0.274047,0.12624,1.0021
76.9175,0.32455,0.12372,1.00206
76.9195,0.346533,0.1092,1.00182
76.9215,0.33854,0.09072,1.00151
76.9239,0.305594,0.06972,1.00116
76.9255,0.267942,0.05412,1.0009
76.9275,0.240875,0.0444,1.00074
76.9295,0.186974,0.04764,1.00079
76.9315,0.175001,0.05604,1.00093
76.9335,0.165578,0.08124,1.00135
76.9355,0.19091,0.0987,1.00165
76.9375,0.235061,0.11346,1.00189
76.9395,0.284964,0.117,1.00195
76.9415,0.299679,0.11232,1.00187
76.9435,0.317619,0.09696,1.00162
76.9455,0.307675,0.07308,1.00122
76.9475,0.257986,0.05328,1.00089
76.9495,0.210114,0.03018,1.0005
76.9515,0.167453,0.01434,1.00024
76.9535,0.094974,0.00702,1.00012
76.9555,0.05924,0.01092,1.00018
76.9575,0.055245,0.02244,1.00037
76.9595,0.045027,0.033,1.00055
76.9615,0.060876,0.04302,1.00072
76.9635,0.091701,0.04722,1.00079
76.9655,0.113177,0.0363,1.00061
76.9675,0.100101,0.02844,1.00047
76.9695,0.083892,0.00762,1.00013
76.9715,0.06562,0.00762,0.999676
76.9735,0.022648,0.00762,0.999333
76.9755,0.010258,0.00762,0.999215
76.9775,0.020955,0.00762,0.998964
76.9795,0.004195,0.00762,0.998845
76.9815,0.004195,0.00762,0.998747
76.9835,0.004195,0.00762,0.998661
76.9855,0.002702,0.00762,0.99865
76.9875,0.002702,0.00762,0.998628
76.9895,0.002702,0.00762,0.998586
76.9915,0.005881,0.00762,0.998567
76.9939,0.005881,0.00762,0.998471
76.9955,0.005881,0.00762,0.998376
76.9975,0.016446,0.00762,0.998268
76.9995,0.012998,0.00762,0.998292
77.0015,0.012998,0.00762,0.998072
77.0035,0.012998,0.00762,0.998075
77.0055,0.015031,0.00762,0.998038
77.0075,0.004563,0.00762,0.997973
77.0095,0.00649,0.00762,0.99785
77.0115,0.016521,0.00762,0.99784
77.0135,0.016521,0.00762,0.997854
77.0155,0.016521,0.00762,0.997807
77.0175,0.004579,0.00762,0.997833
77.0195,0.011108,0.00762,0.997818
77.0215,0.011108,0.00762,0.997892
77.0235,0.011108,0.00762,0.998004
77.0255,0.011108,0.00762,0.997962
77.0279,0.016782,0.00762,0.998096
77.0295,0.010978,0.00762,0.998065
77.0315,0.010978,0.00762,0.998118
77.0335,0.010978,0.00762,0.99816
77.0355,0.010066,0.00762,0.998214
77.0375,0.01175,0.00762,0.998196
77.0395,0.004459,0.00762,0.998228
77.0415,0.004459,0.00762,0.998204
77.0435,0.004459,0.00762,0.998231
77.0455,0.009295,0.00762,0.998348
77.0475,0.009295,0.00762,0.998381
77.0495,0.009295,0.00762,0.998341
77.0515,0.001636,0.00762,0.998331
77.0535,0.009837,0.00762,0.998257
77.0555,0.003021,0.00762,0.998292
77.0575,0.003021,0.00762,0.998263
77.0595,0.003021,0.00762,0.998243
77.0619,0.003021,0.00762,0.998164
77.0645,0.01503,0.00762,0.99797
77.0665,0.002087,0.00762,0.997789
77.0685,0.002087,0.00762,0.997788
77.0703,0.002087,0.00762,0.997699
77.0725,0.00937,0.00762,0.997564
77.0745,0.002908,0.00762,0.997359
77.0765,0.002908,0.00762,0.99714
77.0783,0.002908,0.00762,0.996935
77.0805,0.014576,0.00762,0.996729
77.0825,0.014576,0.00762,0.996447
77.0845,0.001322,0.00762,0.996221
77.0863,0.001322,0.00762,0.99597
77.0885,0.024219,0.00762,0.99567
77.0905,0.024219,0.00762,0.995379
77.0925,0.024219,0.00762,0.995132
77.0943,0.024219,0.00762,0.994903
77.0969,0.001663,0.00762,0.994578
77.0985,0.001663,0.00762,0.99428
77.1005,0.001663,0.00762,0.994094
77.1023,0.020425,0.00762,0.99384
77.1045,0.014501,0.00762,0.993705
77.1065,0.013797,0.00762,0.993359
77.1085,0.013797,0.00762,0.993186
77.1103,0.013797,0.00762,0.992953
77.1125,0.024716,0.00762,0.992705
77.1145,0.010595,0.00762,0.992584
77.1165,0.010595,0.00762,0.992389
77.1183,0.010595,0.00762,0.992201
77.1205,0.023457,0.00762,0.991984
77.1225,0.023457,0.00762,0.991725
77.1245,0.023457,0.00762,0.991489
77.1263,0.033598,0.00762,0.991237
77.1289,0.033598,0.00762,0.991008
77.1305,0.033598,0.00762,0.990719
77.1325,0.025762,0.00762,0.990488
77.1343,0.025762,0.00762,0.990219
77.1359,0.025762,0.00762,0.990001
77.1375,0.025762,0.00762,0.98972
77.1395,0.003856,0.00762,0.98951
77.1415,0.003856,0.00762,0.989295
77.1435,0.022571,0.00762,0.988845
77.1455,0.022571,0.00762,0.988617
77.1475,0.011422,0.00762,0.98847
77.1495,0.015498,0.00762,0.988125
77.1515,0.01356,0.00762,0.987904
77.1535,0.01356,0.00762,0.98773
77.1555,0.016417,0.00762,0.987416
77.1575,0.015291,0.00762,0.987321
77.1595,0.015291,0.00762,0.987155
77.1619,0.004496,0.00762,0.986942
77.1635,0.03039,0.00762,0.986664
77.1655,0.013685,0.00762,0.986627
77.1675,0.013685,0.00762,0.986466
77.1695,0.010979,0.00762,0.986235
77.1715,0.038204,0.00762,0.986152
77.1735,0.038204,0.00762,0.985975
77.1755,0.000295,0.00762,0.985769
77.1775,0.026945,0.00762,0.98568
77.1795,0.026945,0.00762,0.98551
77.1815,0.026945,0.00762,0.98541
77.1835,0.026945,0.00762,0.985255
77.1855,0.026945,0.00762,0.985154
77.1875,0.026945,0.00762,0.985002
77.1895,0.026945,0.00762,0.984759
77.1915,0.026945,0.00762,0.984733
77.1935,0.026945,0.00762,0.984571
77.1959,0.026945,0.00762,0.984333
77.1975,0.021404,0.00762,0.984216
77.1995,0.021699,0.00762,0.984078
77.2015,0.021699,0.00762,0.983999
77.2035,0.000778,0.00762,0.983871
77.2055,0.0094,0.00762,0.983732
77.2075,0.005471,0.00762,0.983742
77.2095,0.03721,0.00762,0.983523
77.2115,0.025078,0.00762,0.983502
77.2135,0.021298,0.00762,0.983404
77.2155,0.021298,0.00762,0.983384
77.2175,0.013106,0.00762,0.983328
77.2195,0.025439,0.00762,0.983354
77.2215,0.025439,0.00762,0.983266
77.2235,0.025439,0.00762,0.983325
77.2255,0.025439,0.00762,0.983435
77.2275,0.025176,0.00762,0.983444
77.2299,0.025176,0.00762,0.983492
77.2315,0.025587,0.00762,0.983651
77.2335,0.025587,0.00762,0.983789
77.2355,0.025587,0.00762,0.983952
77.2375,0.032656,0.00762,0.98414
77.2395,0.037936,0.00762,0.984285
77.2415,0.037936,0.00762,0.984443
77.2435,0.037936,0.00762,0.984724
77.2455,0.006412,0.00762,0.984853
77.2475,0.045127,0.00762,0.9852
77.2495,0.045127,0.00762,0.985443
77.2515,0.000124,0.00762,0.985687
77.2535,0.030257,0.00762,0.986043
77.2555,0.002635,0.00762,0.986373
77.2575,0.002635,0.00762,0.986713
77.2595,0.004179,0.00762,0.986984
77.2615,0.029984,0.00762,0.987359
77.2639,0.017941,0.00762,0.987699
77.2655,0.017941,0.00762,0.988106
77.2675,0.013152,0.00762,0.988313
77.2695,0.02481,0.00762,0.98852
77.2715,0.02235,0.00762,0.988768
77.2735,0.02235,0.00762,0.989047
77.2755,0.02235,0.00762,0.989315
77.2775,0.02235,0.00762,0.989524
77.2795,0.035154,0.00762,0.989789
77.2815,0.035154,0.00762,0.99008
77.2835,0.035154,0.00762,0.990318
77.2855,0.027649,0.00762,0.990537
77.2875,0.033505,0.00762,0.990788
77.2895,0.033505,0.00762,0.991168
77.2915,0.001279,0.00762,0.991489
77.2935,0.011401,0.00762,0.991774
77.2955,0.010172,0.00762,0.992102
77.2975,0.010172,0.00762,0.992463
77.2999,0.010172,0.00762,0.992665
77.3015,0.026588,0.00762,0.993102
77.3035,0.00437,0.00762,0.993317
77.3055,0.00437,0.00762,0.993565
77.3075,0.00437,0.00762,0.993868
77.3095,0.001598,0.00762,0.994027
77.3115,0.009808,0.00762,0.994305
77.3135,0.009808,0.00762,0.99447
77.3155,0.009808,0.00762,0.994668
77.3175,0.009808,0.00762,0.994861
77.3195,0.005109,0.00762,0.994969
77.3215,0.016863,0.00762,0.995238
77.3235,0.016863,0.00762,0.995382
77.3255,0.016863,0.00762,0.995545
77.3275,0.016863,0.00762,0.99566
77.3295,0.016863,0.00762,0.995902
77.3315,0.019532,0.00762,0.995984
77.3335,0.018457,0.00762,0.996176
77.3355,0.018457,0.00762,0.996391
77.3375,0.018457,0.00762,0.996546
77.3395,0.004678,0.00762,0.996683
77.3415,0.005456,0.00762,0.996805
77.3435,0.009222,0.00762,0.997039
77.3455,0.009222,0.00762,0.997058
77.3475,0.009222,0.00762,0.997268
77.3495,0.002095,0.00762,0.997386
77.3515,0.02255,0.00762,0.997564
77.3535,0.02255,0.00762,0.997694
77.3555,0.02255,0.00762,0.997815
77.3575,0.003693,0.00762,0.99804
77.3595,0.002368,0.00762,0.998151
77.3615,0.010541,0.00762,0.998369
77.3635,0.010541,0.00762,0.998505
77.3655,0.010541,0.00762,0.998642
77.368,0.010541,0.00762,0.998876
77.3695,0.004325,0.00762,0.999122
77.3715,0.004325,0.00762,0.99922
77.3735,0.004325,0.00762,0.999423
77.3755,0.004325,0.00762,0.999639
77.3775,0.004325,0.00762,0.999791
77.3795,0.004325,0.00762,0.999868
77.3816,0.004325,0.01068,1.00018
77.3835,0.0256,0.01668,1.00028
77.3856,0.032947,0.03144,1.00052
77.3876,0.054574,0.03618,1.0006
77.3896,0.084256,0.03876,1.00065
77.3915,0.105822,0.04188,1.0007
77.3936,0.11525,0.04326,1.00072
77.3956,0.119314,0.04128,1.00069
77.3976,0.12152,0.04044,1.00067
77.3995,0.138235,0.03924,1.00065
77.4016,0.114731,0.03912,1.00065
77.4035,0.119469,0.0471,1.00079
77.4056,0.138084,0.051,1.00085
77.4076,0.138385,0.05208,1.00087
77.4096,0.147578,0.05934,1.00099
77.4116,0.175076,0.05724,1.00095
77.4136,0.16394,0.06198,1.00103
77.4156,0.175186,0.0624,1.00104
77.4176,0.186999,0.06258,1.00104
77.4196,0.183049,0.06108,1.00102
77.4216,0.182407,0.06168,1.00103
77.4236,0.193529,0.05832,1.00097
77.4256,0.179916,0.057,1.00095
77.4276,0.177994,0.06036,1.00101
77.4296,0.177838,0.0663,1.00111
77.4316,0.196538,0.05892,1.00098
77.4336,0.182889,0.06654,1.00111
77.4356,0.191483,0.0675,1.00113
77.438,0.202847,0.06126,1.00102
77.44,0.196073,0.0678,1.00113
77.442,0.196482,0.06726,1.00112
77.4436,0.207875,0.06834,1.00114
77.4456,0.209863,0.06516,1.00109
77.4476,0.194841,0.0672,1.00112
77.4496,0.200918,0.0681,1.00114
77.4516,0.209886,0.07314,1.00122
77.4536,0.217011,0.07068,1.00118
77.4556,0.216542,0.07908,1.00132
77.4576,0.224355,0.0771,1.00129
77.4596,0.236895,0.08004,1.00133
77.4616,0.231843,0.07896,1.00132
77.4636,0.246181,0.08262,1.00138
77.4656,0.247922,0.084,1.0014
77.4676,0.249388,0.08574,1.00143
77.4696,0.253023,0.08688,1.00145
77.4716,0.268173,0.0882,1.00147
77.474,0.271651,0.09348,1.00156
77.476,0.265541,0.0936,1.00156
77.478,0.273784,0.10068,1.00168
77.4806,0.300437,0.10074,1.00168
77.4826,0.298254,0.10368,1.00173
77.4846,0.312763,0.1056,1.00176
77.4864,0.310376,0.10662,1.00178
77.4886,0.319076,0.1011,1.00169
77.4906,0.314447,0.10824,1.0018
77.4926,0.322625,0.11418,1.0019
77.4944,0.332382,0.11178,1.00186
77.4966,0.337361,0.12048,1.00201
77.4986,0.352224,0.1224,1.00204
77.5006,0.360879,0.1209,1.00202
77.5024,0.359006,0.1248,1.00208
77.5046,0.371301,0.12582,1.0021
77.5066,0.379103,0.12756,1.00213
77.509,0.382552,0.12504,1.00208
77.5106,0.380737,0.1302,1.00217
77.5126,0.385356,0.13056,1.00218
77.5146,0.401005,0.1305,1.00218
77.5166,0.391008,0.13266,1.00221
77.5184,0.394901,0.1365,1.00228
77.5206,0.40758,0.13716,1.00229
77.5226,0.413056,0.1383,1.00231
77.5246,0.415227,0.13554,1.00226
77.5264,0.416723,0.1416,1.00236
77.5286,0.419912,0.13902,1.00232
77.5306,0.414247,0.14226,1.00237
77.5326,0.424276,0.14004,1.00233
77.5344,0.431545,0.14136,1.00236
77.5366,0.423317,0.1362,1.00227
77.5386,0.421064,0.1428,1.00238
77.5406,0.421488,0.13644,1.00227
77.5424,0.423498,0.14184,1.00236
77.545,0.418717,0.13692,1.00228
77.547,0.415871,0.1389,1.00232
77.5486,0.424151,0.13812,1.0023
77.5504,0.421122,0.13542,1.00226
77.5526,0.414639,0.13578,1.00226
77.5546,0.409349,0.135,1.00225
77.5566,0.4139,0.13746,1.00229
77.5584,0.415043,0.13806,1.0023
77.5606,0.412182,0.13332,1.00222
77.5626,0.408436,0.13512,1.00225
77.5646,0.410442,0.13752,1.00229
77.5664,0.409617,0.1332,1.00222
77.5686,0.403004,0.14064,1.00234
77.5706,0.415718,0.14004,1.00233
77.5726,0.421216,0.13566,1.00226
77.5744,0.412172,0.14052,1.00234
77.5766,0.417659,0.13674,1.00228
77.579,0.421341,0.13368,1.00223
77.581,0.41538,0.14058,1.00234
77.583,0.418662,0.13992,1.00233
77.585,0.426046,0.14028,1.00234
77.587,0.419562,0.13884,1.00231
77.589,0.424885,0.14094,1.00235
77.5906,0.422641,0.14478,1.00241
77.5926,0.435326,0.14616,1.00244
77.5946,0.440631,0.14562,1.00243
77.5966,0.436394,0.1383,1.00231
77.5984,0.428939,0.14442,1.00241
77.6006,0.438446,0.14496,1.00242
77.6026,0.434095,0.1512,1.00252
77.6046,0.441058,0.14748,1.00246
77.6064,0.446849,0.14898,1.00248
77.6086,0.451952,0.14622,1.00244
77.6106,0.442158,0.1455,1.00243
77.6126,0.43815,0.14796,1.00247
77.6146,0.451401,0.14934,1.00249
77.6166,0.448044,0.14004,1.00233
77.6186,0.433758,0.1461,1.00244
77.6206,0.436389,0.1443,1.0024
77.6224,0.444482,0.14598,1.00243
77.6246,0.438077,0.14496,1.00242
77.6266,0.43577,0.14172,1.00236
77.6286,0.431325,0.144,1.0024
77.6304,0.434285,0.14352,1.00239
77.6326,0.433649,0.14634,1.00244
77.6346,0.429599,0.14196,1.00237
77.6366,0.437997,0.14268,1.00238
77.6384,0.433414,0.14106,1.00235
77.6406,0.430554,0.14064,1.00234
77.6426,0.424899,0.13524,1.00225
77.6446,0.41874,0.13044,1.00217
77.6464,0.40424,0.12576,1.0021
77.649,0.392568,0.1302,1.00217
77.651,0.389725,0.12756,1.00213
77.653,0.3826,0.13608,1.00227
77.655,0.393604,0.13056,1.00218
77.6576,0.390813,0.12894,1.00215
77.6596,0.38895,0.12462,1.00208
77.6616,0.384262,0.12126,1.00202
77.6636,0.374816,0.1203,1.00201
77.6656,0.371483,0.12192,1.00203
77.6676,0.373413,0.1167,1.00195
77.6696,0.360134,0.12132,1.00202
77.6726,0.363802,0.12276,1.00205
77.6746,0.365011,0.1173,1.00196
77.6766,0.365609,0.12012,1.002
77.6784,0.359175,0.11598,1.00193
77.6806,0.361039,0.11214,1.00187
77.6826,0.346845,0.111,1.00185
77.685,0.33989,0.1173,1.00196
77.687,0.356098,0.11724,1.00195
77.6896,0.352989,0.11736,1.00196
77.6916,0.354525,0.12048,1.00201
77.6936,0.349148,0.11826,1.00197
77.6956,0.364879,0.11862,1.00198
77.6976,0.354516,0.12018,1.002
77.6996,0.361632,0.11646,1.00194
77.7016,0.357395,0.11142,1.00186
77.7046,0.339916,0.1197,1.00199
77.7066,0.349154,0.11904,1.00198
77.7086,0.362301,0.11658,1.00194
77.7104,0.350624,0.11592,1.00193
77.7126,0.351114,0.114,1.0019
77.7146,0.356109,0.11412,1.0019
77.7166,0.344534,0.11658,1.00194
77.7184,0.343123,0.1152,1.00192
77.7206,0.353097,0.11592,1.00193
77.7226,0.348453,0.1134,1.00189
77.7246,0.351776,0.11496,1.00192
77.7264,0.339831,0.11136,1.00186
77.7286,0.33597,0.10374,1.00173
77.7306,0.330055,0.1017,1.0017
77.7326,0.315398,0.10512,1.00175
77.7344,0.315916,0.10242,1.00171
77.7366,0.310691,0.10542,1.00176
77.7386,0.318695,0.099,1.00165
77.7406,0.299918,0.10188,1.0017
77.7424,0.301971,0.09996,1.00167
77.7446,0.308766,0.10164,1.00169
77.7466,0.296106,0.0918,1.00153
77.7486,0.287455,0.09294,1.00155
77.7504,0.284122,0.08514,1.00142
77.7526,0.259671,0.08358,1.00139
77.7546,0.257061,0.07566,1.00126
77.7566,0.236165,0.07422,1.00124
77.7584,0.228785,0.07362,1.00123
77.7606,0.22585,0.06762,1.00113
77.7626,0.212577,0.06636,1.00111
77.7646,0.200732,0.07026,1.00117
77.7664,0.212,0.06582,1.0011
77.7686,0.196407,0.06306,1.00105
77.7706,0.191599,0.0609,1.00102
77.7726,0.196056,0.0573,1.00096
77.7744,0.170342,0.0477,1.0008
77.7766,0.161546,0.04488,1.00075
77.7786,0.149513,0.03366,1.00056
77.7806,0.121571,0.03462,1.00058
77.7824,0.124012,0.02838,1.00047
77.7846,0.091042,0.02934,1.00049
77.7866,0.086699,0.03426,1.00057
77.7886,0.103644,0.03618,1.0006
77.7904,0.095363,0.0327,1.00055
77.7926,0.093683,0.03552,1.00059
77.7946,0.10601,0.0321,1.00054
77.7966,0.092824,0.02838,1.00047
77.7984,0.091472,0.02286,1.00038
77.8006,0.085704,0.01554,1.00026
77.8026,0.055178,0.012,1.0002
77.8046,0.049684,0.01308,1.00022
77.8065,0.048487,0.009,1.00015
77.8086,0.03057,0.01254,1.00021
77.8106,0.035738,0.01362,1.00023
77.8126,0.042006,0.01194,1.0002
77.8145,0.030561,0.01068,1.00018
77.8166,0.035243,0.012,1.0002
77.8186,0.044021,0.00906,1.00015
77.8206,0.025352,0.0042,1.00007
77.8225,0.021923,0.00546,1.00009
77.825,0.029929,6e-05,1
77.827,0.007242,0.00066,1.00001
77.829,0.002675,0.00066,0.999913
77.831,0.010691,0.00066,0.999976
77.8336,0.010691,0.00066,0.999901
77.8356,0.00752,0.00066,0.99991
77.8376,0.005328,0.00066,0.999864
77.8396,0.005328,0.00066,0.999825
77.8416,0.005328,0.00066,0.999768
77.8436,0.004434,0.00066,0.999765
77.8456,0.009792,0.00066,0.999679
77.8476,0.009792,0.00066,0.999578
77.8496,0.009792,0.00066,0.999502
77.8516,0.008314,0.00066,0.999394
77.8536,0.008314,0.00066,0.999371
77.8556,0.010569,0.00066,0.999222
77.8576,0.005008,0.00066,0.999197
77.86,0.000811,0.00066,0.99898
77.8616,0.000811,0.00066,0.998922
77.8636,0.000848,0.00066,0.998755
77.8656,0.010142,0.00066,0.998585
77.8676,0.010142,0.00066,0.998503
77.8696,0.010142,0.00066,0.998267
77.8716,0.010142,0.00066,0.998132
77.8736,0.010142,0.00066,0.998032
77.8756,0.010142,0.00066,0.997804
77.8776,0.018498,0.00066,0.997636
77.8796,0.018498,0.00066,0.997543
77.8816,0.018498,0.00066,0.997257
77.8836,0.010849,0.00066,0.997112
77.8856,0.010849,0.00066,0.996921
77.8876,0.020979,0.00066,0.996683
77.8896,0.007918,0.00066,0.996443
77.8916,0.001578,0.00066,0.996188
77.894,0.001578,0.00066,0.995962
77.8966,0.001578,0.00066,0.995786
77.8986,0.001578,0.00066,0.995465
77.9006,0.017304,0.00066,0.995252
77.9025,0.025521,0.00066,0.995033
77.904,0.025521,0.00066,0.994871
77.9056,0.013493,0.00066,0.994657
77.9076,0.001357,0.00066,0.99452
77.9096,0.001357,0.00066,0.994244
77.9116,0.005575,0.00066,0.994226
77.9136,0.026926,0.00066,0.994045
77.9156,0.026926,0.00066,0.993901
77.9176,0.026926,0.00066,0.993747
77.9196,0.026926,0.00066,0.993694
77.9216,0.026926,0.00066,0.993485
77.9236,0.026926,0.00066,0.993503
77.9256,0.023664,0.00066,0.993446
77.9276,0.023664,0.00066,0.993398
77.9296,0.023664,0.00066,0.993332
77.9316,0.005801,0.00066,0.99326
77.9336,0.019492,0.00066,0.993234
77.9356,0.019492,0.00066,0.993182
77.9376,0.019492,0.00066,0.993173
77.9396,0.019567,0.00066,0.993034
77.9416,0.019567,0.00066,0.993098
77.9436,0.030334,0.00066,0.992997
77.9456,0.012046,0.00066,0.992978
77.9476,0.015612,0.00066,0.992915
77.9496,0.015612,0.00066,0.99277
77.9516,0.015612,0.00066,0.992749
77.9536,0.015612,0.00066,0.99276
77.9556,0.000739,0.00066,0.992688
77.9576,0.000739,0.00066,0.992586
77.9596,0.000739,0.00066,0.992485
77.962,0.000739,0.00066,0.992336
77.9636,0.000581,0.00066,0.992257
77.9656,0.026457,0.00066,0.992152
77.9676,0.026457,0.00066,0.992071
77.9696,0.026457,0.00066,0.991878
77.9716,0.01214,0.00066,0.991842
77.9736,0.01214,0.00066,0.99163
77.9756,0.010929,0.00066,0.991497
77.9776,0.010779,0.00066,0.991396
77.9796,0.033669,0.00066,0.991297
77.9816,0.033669,0.00066,0.9911
77.9836,0.034319,0.00066,0.990972
77.9856,0.017149,0.00066,0.990843
77.9876,0.008197,0.00066,0.990688
77.9896,0.007218,0.00066,0.990589
77.9916,0.007218,0.00066,0.990569
77.994,0.02577,0.00066,0.990442
77.9956,0.02577,0.00066,0.990402
77.9976,0.02577,0.00066,0.99037
77.9996,0.02577,0.00066,0.990271
78.0016,0.02577,0.00066,0.990221
78.0036,0.02577,0.00066,0.99016
78.0056,0.001911,0.00066,0.990191
78.0071,0.015827,0.00066,0.990225
78.0096,0.003827,0.00066,0.990182
78.0116,0.003827,0.00066,0.990206
78.0136,0.003827,0.00066,0.990269
78.0156,0.001958,0.00066,0.990292
78.0176,0.041967,0.00066,0.990303
78.0196,0.011252,0.00066,0.990214
78.0216,0.011252,0.00066,0.990335
78.0236,0.028672,0.00066,0.990425
78.0256,0.012929,0.00066,0.990418
78.0276,0.031371,0.00066,0.990596
78.0296,0.031371,0.00066,0.990645
78.0316,0.018942,0.00066,0.990706
78.0336,0.005376,0.00066,0.990738
78.0356,0.034088,0.00066,0.990836
78.0376,0.000523,0.00066,0.991
78.0396,0.009647,0.00066,0.991158
78.0416,0.009647,0.00066,0.991291
78.0436,0.001974,0.00066,0.991441
78.0456,0.018154,0.00066,0.99147
78.0476,0.018154,0.00066,0.991759
78.0496,0.018154,0.00066,0.99186
78.0516,0.018154,0.00066,0.992021
78.0536,0.010847,0.00066,0.992203
78.0556,0.010847,0.00066,0.992354
78.0576,0.010847,0.00066,0.992509
78.0596,0.010847,0.00066,0.992708
78.0616,0.005415,0.00066,0.992998
78.0636,0.016309,0.00066,0.993041
78.0656,0.016309,0.00066,0.993265
78.0676,0.002373,0.00066,0.99331
78.0696,0.011943,0.00066,0.993502
78.0716,0.011943,0.00066,0.993705
78.0736,0.011943,0.00066,0.993845
78.0756,0.011943,0.00066,0.993985
78.0777,0.011943,0.00066,0.994202
78.0797,0.011943,0.00066,0.994215
78.0817,0.001769,0.00066,0.994469
78.0837,0.001769,0.00066,0.994549
78.0857,0.005814,0.00066,0.994596
78.0876,0.005814,0.00066,0.994768
78.0897,0.009583,0.00066,0.994863
78.0916,0.009583,0.00066,0.995083
78.0937,0.001442,0.00066,0.995166
78.0957,0.00166,0.00066,0.995325
78.0981,0.016303,0.00066,0.995531
78.0997,0.016123,0.00066,0.99556
78.1017,0.003401,0.00066,0.995788
78.1037,0.023898,0.00066,0.995873
78.1057,0.001822,0.00066,0.99616
78.1076,0.002361,0.00066,0.996309
78.1097,0.006201,0.00066,0.99638
78.1117,0.006201,0.00066,0.996613
78.1137,0.006201,0.00066,0.996791
78.1157,0.006201,0.00066,0.996934
78.1177,0.00725,0.00066,0.997112
78.1197,0.00725,0.00066,0.997188
78.1217,0.00725,0.00066,0.997333
78.1237,0.00725,0.00066,0.997579
78.1257,0.00725,0.00066,0.997598
78.1277,0.01305,0.00066,0.997764
78.1297,0.008995,0.00066,0.997889
78.1317,0.014608,0.00066,0.998065
78.1337,0.006123,0.00066,0.998112
78.1357,0.001363,0.00066,0.99818
78.1377,0.001363,0.00066,0.998278
78.1397,0.001363,0.00066,0.998351
78.1417,0.001363,0.00066,0.998403
78.1437,0.001363,0.00066,0.998347
78.1457,0.00427,0.00066,0.998554
78.1477,0.00427,0.00066,0.998565
78.1497,0.00427,0.00066,0.998596
78.1517,0.00427,0.00066,0.998541
78.1537,0.008559,0.00066,0.998592
78.1557,0.008559,0.00066,0.998607
78.1577,0.008559,0.00066,0.998699
78.1597,0.011577,0.00066,0.998562
78.1617,0.010056,0.00066,0.99867
78.1637,0.005759,0.00066,0.998543
78.1657,0.005759,0.00066,0.998588
78.1677,0.005759,0.00066,0.998567
78.1697,0.011755,0.00066,0.998561
78.1717,0.011755,0.00066,0.998667
78.1737,0.011755,0.00066,0.998583
78.1757,0.011755,0.00066,0.998532
78.1777,0.013119,0.00066,0.998589
78.1797,0.013119,0.00066,0.998735
78.1817,0.013119,0.00066,0.99859
78.1837,0.013119,0.00066,0.99865
78.1857,0.010436,0.00066,0.998599
78.1877,0.010436,0.00066,0.998597
78.1897,0.010436,0.00066,0.998598
78.1917,0.010436,0.00066,0.998639
78.1937,0.013233,0.00066,0.998678
78.1957,0.013233,0.00066,0.998632
78.1977,0.013233,0.00066,0.998658
78.1997,0.003947,0.00066,0.998699
78.2021,0.003947,0.00066,0.998842
78.2037,0.011426,0.00066,0.998788
78.2057,0.005305,0.00066,0.998851
78.2077,0.000884,0.00066,0.998834
78.2097,0.000884,0.00066,0.998891
78.2117,0.000884,0.00066,0.998873
78.2137,0.008424,0.00066,0.998931
78.2157,0.008424,0.00066,0.998973
78.2177,0.00908,0.00066,0.998991
78.2197,0.00908,0.00066,0.999167
78.2217,0.00908,0.00066,0.999095
78.2237,0.009331,0.00066,0.999226
78.2257,0.010571,0.00066,0.999251
78.2277,0.002001,0.00066,0.999296
78.2297,0.002001,0.00066,0.999311
78.2317,0.015447,0.00066,0.999414
78.2337,0.015447,0.00066,0.999403
78.2361,0.006477,0.00066,0.999505
78.2377,0.006637,0.00066,0.999491
78.2397,0.006637,0.00066,0.99956
78.2417,0.006637,0.00066,0.999667
78.2437,0.006637,0.00066,0.999707
78.2457,0.006637,0.00066,0.999773
78.2477,0.006637,0.00066,0.999658
78.2497,0.006637,0.00066,0.999752
78.2517,0.006637,0.00066,0.999729
78.2537,0.006637,0.00066,0.999943
78.2557,0.006637,0.00066,0.999831
78.2577,0.005085,0.00066,0.999876
78.2597,0.005085,0.00066,0.999905
78.2617,0.005085,0.00066,0.999908
78.2637,0.005085,0.00066,0.999948
78.2657,0.005704,0.00066,0.999905
78.2677,0.005704,0.00336,1.00006
78.2701,0.005704,0.00336,0.9999
78.2721,0.005704,0.00336,0.999919
78.2737,8e-06,0.00336,0.999932
78.2757,0.007484,0.00336,0.999996
78.2777,0.007484,0.00336,0.999993
78.2797,0.005571,0.00336,0.999922
78.2817,0.005571,0.00336,0.999955
78.2837,0.004974,0.00336,0.999983
78.2857,0.004169,0.00336,0.999965
78.2877,0.000177,0.00336,0.999997
78.2897,0.000177,0.00336,0.999924
78.2917,0.000177,0.00264,1.00004
78.2937,0.009405,0.0027,1.00005
78.2957,0.009405,0.00474,1.00008
78.2977,0.009405,0.00474,0.999993
78.2997,0.006064,0.00474,0.999999
78.3017,0.007379,0.00474,0.999967
78.3041,0.002875,0.00054,1.00001
78.3061,0.015438,0.0027,1.00005
78.3077,0.015438,0.0033,1.00006
78.3097,0.00282,0.00828,1.00014
78.3117,0.020424,0.00972,1.00016
78.3137,0.027199,0.01098,1.00018
78.3157,0.020611,0.01014,1.00017
78.3177,0.024046,0.00756,1.00013
78.3197,0.031724,0.01236,1.00021
78.3217,0.041832,0.01134,1.00019
78.3237,0.02385,0.00984,1.00016
78.3257,0.025411,0.01518,1.00025
78.3277,0.045656,0.0132,1.00022
78.3297,0.038447,0.02028,1.00034
78.3317,0.043949,0.02334,1.00039
78.3337,0.056118,0.02376,1.0004
78.3357,0.076427,0.0225,1.00038
78.3377,0.058336,0.02238,1.00037
78.3397,0.063246,0.02568,1.00043
78.3417,0.081169,0.02622,1.00044
78.3437,0.072804,0.02472,1.00041
78.3457,0.073065,0.02952,1.00049
78.3477,0.082361,0.02904,1.00048
78.3497,0.089991,0.0279,1.00047
78.3517,0.077546,0.02874,1.00048
78.3537,0.081677,0.03258,1.00054
78.3557,0.094534,0.03012,1.0005
78.3577,0.098811,0.03066,1.00051
78.3597,0.091266,0.03264,1.00054
78.3617,0.096325,0.03588,1.0006
78.3637,0.109105,0.03564,1.00059
78.3657,0.095475,0.03558,1.00059
78.3677,0.100463,0.03012,1.0005
78.3697,0.10653,0.03042,1.00051
78.3717,0.093916,0.02562,1.00043
78.3741,0.088977,0.03156,1.00053
78.3767,0.09125,0.03624,1.0006
78.3787,0.094162,0.03144,1.00052
78.3807,0.101412,0.03294,1.00055
78.3825,0.096032,0.02952,1.00049
78.3847,0.101536,0.03396,1.00057
78.3867,0.106548,0.03474,1.00058
78.3887,0.096003,0.02934,1.00049
78.3905,0.09083,0.03336,1.00056
78.3927,0.106322,0.0324,1.00054
78.3947,0.088038,0.03204,1.00053
78.3967,0.093491,0.03066,1.00051
78.3985,0.101415,0.03702,1.00062
78.4007,0.098146,0.0339,1.00057
78.4027,0.105472,0.03102,1.00052
78.4047,0.101227,0.03846,1.00064
78.4065,0.108755,0.03276,1.00055
78.4087,0.100703,0.03942,1.00066
78.4111,0.102767,0.03852,1.00064
78.4131,0.117216,0.0405,1.00068
78.4151,0.124893,0.04092,1.00068
78.4171,0.123409,0.03948,1.00066
78.4191,0.123978,0.04284,1.00071
78.4211,0.131311,0.0408,1.00068
78.4231,0.128911,0.04212,1.0007
78.4257,0.119275,0.04278,1.00071
78.4277,0.11951,0.0426,1.00071
78.4297,0.13822,0.04632,1.00077
78.4317,0.128838,0.04908,1.00082
78.4337,0.145246,0.0459,1.00077
78.4357,0.147655,0.0504,1.00084
78.4377,0.142507,0.04494,1.00075
78.4407,0.133037,0.0516,1.00086
78.4427,0.138281,0.051,1.00085
78.4447,0.163703,0.05028,1.00084
78.4467,0.147306,0.05112,1.00085
78.4497,0.146632,0.04764,1.00079
78.4517,0.147301,0.04608,1.00077
78.4537,0.147535,0.0498,1.00083
78.4557,0.14266,0.04746,1.00079
78.4577,0.142748,0.04662,1.00078
78.4597,0.152565,0.04398,1.00073
78.4617,0.128968,0.04524,1.00075
78.4637,0.133475,0.04854,1.00081
78.4657,0.14758,0.04812,1.0008
78.4677,0.13768,0.04596,1.00077
78.4697,0.138194,0.0435,1.00073
78.4727,0.128305,0.04422,1.00074
78.4747,0.143221,0.0429,1.00072
78.4767,0.121551,0.0423,1.0007
78.4785,0.128485,0.04572,1.00076
78.4807,0.145244,0.0426,1.00071
78.4827,0.119333,0.04308,1.00072
78.4847,0.128919,0.039,1.00065
78.4865,0.131913,0.0396,1.00066
78.4887,0.111238,0.04506,1.00075
78.4907,0.13114,0.0387,1.00065
78.4927,0.132122,0.0369,1.00062
78.4945,0.109865,0.03558,1.00059
78.4967,0.110074,0.03954,1.00066
78.4987,0.122818,0.03726,1.00062
78.5007,0.116379,0.0384,1.00064
78.5025,0.110282,0.03342,1.00056
78.5047,0.117433,0.03012,1.0005
78.5067,0.091711,0.03144,1.00052
78.5087,0.091185,0.03414,1.00057
78.5105,0.104677,0.03138,1.00052
78.5127,0.088199,0.0321,1.00054
78.5147,0.096141,0.03396,1.00057
78.5167,0.105974,0.0339,1.00057
78.5187,0.100819,0.03924,1.00065
78.5207,0.113063,0.03594,1.0006
78.5227,0.110027,0.02928,1.00049
78.5247,0.096339,0.03708,1.00062
78.5265,0.108718,0.03624,1.0006
78.5287,0.10259,0.03414,1.00057
78.5307,0.100512,0.03222,1.00054
78.5327,0.103794,0.03006,1.0005
78.5346,0.089248,0.02838,1.00047
78.5367,0.087064,0.0339,1.00057
78.5387,0.106938,0.02838,1.00047
78.5407,0.084227,0.02982,1.0005
78.5426,0.089035,0.03204,1.00053
78.5447,0.101392,0.03408,1.00057
78.5467,0.093349,0.03324,1.00055
78.5487,0.098783,0.0315,1.00053
78.5506,0.103752,0.02892,1.00048
78.5531,0.089176,0.0267,1.00045
78.5551,0.082382,0.03198,1.00053
78.5571,0.097009,0.02298,1.00038
78.5591,0.075002,0.02328,1.00039
78.5611,0.077429,0.02892,1.00048
78.5631,0.082914,0.02826,1.00047
78.5651,0.084567,0.03204,1.00053
78.5671,0.09088,0.03252,1.00054
78.5697,0.09105,0.03414,1.00057
78.5717,0.106744,0.02976,1.0005
78.5737,0.092905,0.03036,1.00051
78.5757,0.092997,0.02646,1.00044
78.5777,0.102123,0.03054,1.00051
78.5797,0.081254,0.02658,1.00044
78.5817,0.079877,0.02646,1.00044
78.5837,0.090653,0.02652,1.00044
78.5857,0.071994,0.02718,1.00045
78.5877,0.081374,0.02712,1.00045
78.5901,0.080518,0.027,1.00045
78.5921,0.091254,0.03216,1.00054
78.5941,0.083302,0.02808,1.00047
78.5961,0.086977,0.02994,1.0005
78.5981,0.096286,0.02814,1.00047
78.6001,0.086677,0.02466,1.00041
78.6021,0.087734,0.02172,1.00036
78.6041,0.07488,0.02526,1.00042
78.6061,0.072007,0.02634,1.00044
78.6081,0.082808,0.02184,1.00036
78.6101,0.073025,0.0291,1.00049
78.6121,0.079542,0.0243,1.00041
78.6141,0.086727,0.02778,1.00046
78.6161,0.074505,0.0309,1.00052
78.6181,0.088241,0.02694,1.00045
78.6201,0.076778,0.02856,1.00048
78.6221,0.091306,0.03198,1.00053
78.6247,0.091233,0.03018,1.0005
78.6267,0.09648,0.03012,1.0005
78.6287,0.091315,0.0264,1.00044
78.6306,0.079482,0.02742,1.00046
78.6327,0.09191,0.0363,1.00061
78.6347,0.090325,0.03828,1.00064
78.6367,0.100482,0.03534,1.00059
78.6386,0.110819,0.03432,1.00057
78.6407,0.100054,0.03138,1.00052
78.6427,0.093498,0.03594,1.0006
78.6447,0.106257,0.0273,1.00046
78.6466,0.095974,0.03282,1.00055
78.6487,0.102288,0.02862,1.00048
78.6507,0.086456,0.03342,1.00056
78.6527,0.09383,0.03894,1.00065
78.6546,0.103178,0.039,1.00065
78.6567,0.107697,0.04158,1.00069
78.6587,0.121886,0.04338,1.00072
78.6612,0.133802,0.04074,1.00068
78.6632,0.123722,0.03828,1.00064
78.6657,0.119704,0.04014,1.00067
78.6677,0.126366,0.03678,1.00061
78.6697,0.116894,0.03948,1.00066
78.6717,0.124458,0.0414,1.00069
78.6737,0.114439,0.04242,1.00071
78.6757,0.119462,0.04728,1.00079
78.6777,0.143124,0.04548,1.00076
78.6797,0.12842,0.04242,1.00071
78.6817,0.128586,0.04434,1.00074
78.6837,0.143583,0.04302,1.00072
78.6857,0.130943,0.03756,1.00063
78.6877,0.119696,0.04356,1.00073
78.6897,0.13151,0.04032,1.00067
78.6917,0.118939,0.04692,1.00078
78.6937,0.133241,0.0441,1.00074
78.6967,0.124234,0.04542,1.00076
78.6987,0.138184,0.04266,1.00071
78.7007,0.128324,0.04746,1.00079
78.7026,0.133253,0.04266,1.00071
78.7047,0.142913,0.04548,1.00076
78.7067,0.123472,0.04746,1.00079
78.7087,0.135821,0.04242,1.00071
78.7106,0.140817,0.04068,1.00068
78.7182,0.119287,0.04272,1.00071
78.7202,0.11925,0.04542,1.00076
78.7222,0.135832,0.04338,1.00072
78.7242,0.123951,0.04536,1.00076
78.7262,0.128688,0.04998,1.00083
78.7282,0.148059,0.03972,1.00066
78.7302,0.128103,0.04002,1.00067
78.7322,0.121851,0.04014,1.00067
78.7342,0.125318,0.04128,1.00069
78.7367,0.114625,0.04464,1.00074
78.7387,0.131407,0.04392,1.00073
78.7408,0.128507,0.04602,1.00077
78.7426,0.142808,0.04626,1.00077
78.7447,0.130841,0.0435,1.00073
78.7467,0.133265,0.04584,1.00076
78.7488,0.145117,0.04248,1.00071
78.7506,0.128659,0.04338,1.00072
78.7527,0.124045,0.0465,1.00077
78.7548,0.140451,0.04446,1.00074
78.7568,0.133342,0.04866,1.00081
78.7586,0.147585,0.05082,1.00085
78.7607,0.142608,0.05406,1.0009
78.7628,0.151944,0.05604,1.00093
78.7648,0.1683,0.05382,1.0009
78.7666,0.156592,0.05142,1.00086
78.7688,0.15658,0.05358,1.00089
78.7708,0.165893,0.05076,1.00085
78.7732,0.154213,0.04776,1.0008
78.7752,0.156934,0.05586,1.00093
78.7778,0.154244,0.0573,1.00096
78.7798,0.163631,0.05352,1.00089
78.7818,0.156443,0.05652,1.00094
78.7837,0.161287,0.0543,1.00091
78.7858,0.165847,0.05568,1.00093
78.7878,0.166097,0.04548,1.00076
78.7898,0.149605,0.0495,1.00083
78.7918,0.144828,0.05388,1.0009
78.7938,0.14952,0.05322,1.00089
78.7958,0.156568,0.05334,1.00089
78.7978,0.156542,0.0552,1.00092
78.7998,0.168399,0.05244,1.00087
78.8018,0.166016,0.05112,1.00085
78.8038,0.156604,0.05478,1.00091
78.8058,0.158882,0.05232,1.00087
78.8078,0.156614,0.04992,1.00083
78.8098,0.149556,0.0462,1.00077
78.8118,0.142603,0.04632,1.00077
78.8138,0.151931,0.04584,1.00076
78.8158,0.138001,0.0534,1.00089
78.8178,0.14731,0.05178,1.00086
78.8198,0.163597,0.0522,1.00087
78.8218,0.145117,0.05718,1.00095
78.8238,0.165925,0.05592,1.00093
78.8258,0.170869,0.04968,1.00083
78.8278,0.156671,0.05352,1.00089
78.8298,0.159054,0.0462,1.00077
78.8318,0.151995,0.04956,1.00083
78.8338,0.14078,0.04914,1.00082
78.8358,0.147327,0.0507,1.00084
78.8378,0.156608,0.05316,1.00089
78.8398,0.14965,0.06366,1.00106
78.8418,0.168252,0.05712,1.00095
78.8442,0.172938,0.0564,1.00094
78.8462,0.180019,0.05496,1.00092
78.8482,0.168283,0.05202,1.00087
78.8502,0.158958,0.0555,1.00093
78.8522,0.179967,0.05244,1.00087
78.8542,0.158969,0.051,1.00085
78.8568,0.158623,0.05652,1.00094
78.8588,0.168518,0.05802,1.00097
78.8608,0.168259,0.05262,1.00088
78.8626,0.166028,0.05196,1.00087
78.8648,0.161186,0.05148,1.00086
78.8668,0.161221,0.05316,1.00089
78.8688,0.16123,0.05166,1.00086
78.8706,0.165923,0.05604,1.00093
78.8728,0.154312,0.05088,1.00085
78.8748,0.158945,0.04674,1.00078
78.8768,0.159459,0.05112,1.00085
78.8792,0.159146,0.04488,1.00075
78.8812,0.142593,0.04584,1.00076
78.8832,0.142697,0.04632,1.00077
78.8852,0.140223,0.04374,1.00073
78.8872,0.135281,0.04908,1.00082
78.8898,0.142975,0.0474,1.00079
78.8918,0.137758,0.05562,1.00093
78.8938,0.147299,0.05508,1.00092
78.8958,0.151762,0.0534,1.00089
78.8978,0.156421,0.04848,1.00081
78.8998,0.156664,0.04974,1.00083
78.9018,0.154468,0.04704,1.00078
78.9038,0.159369,0.0471,1.00079
78.9058,0.15226,0.04668,1.00078
78.9078,0.137967,0.04134,1.00069
78.9098,0.138013,0.05724,1.00095
78.9118,0.138054,0.04992,1.00083
78.9142,0.149657,0.0561,1.00094
78.9162,0.156651,0.0513,1.00086
78.9182,0.16592,0.05604,1.00093
78.9208,0.165886,0.04992,1.00083
78.9228,0.151954,0.05268,1.00088
78.9248,0.166037,0.05046,1.00084
78.9266,0.152105,0.05472,1.00091
78.9288,0.15661,0.05166,1.00086
78.9308,0.17058,0.05916,1.00099
78.9328,0.168222,0.057,1.00095
78.9346,0.179636,0.06606,1.0011
78.9368,0.179886,0.06702,1.00112
78.9388,0.191846,0.06282,1.00105
78.9408,0.198511,0.06216,1.00104
78.9426,0.18545,0.0618,1.00103
78.9448,0.191609,0.06786,1.00113
78.9468,0.20264,0.06468,1.00108
78.9488,0.196505,0.06528,1.00109
78.9512,0.193692,0.06702,1.00112
78.9538,0.198345,0.07086,1.00118
78.9558,0.212019,0.06444,1.00107
78.9578,0.200915,0.06978,1.00116
78.9598,0.202925,0.0693,1.00116
78.9618,0.205359,0.07272,1.00121
78.9638,0.211015,0.07656,1.00128
78.9658,0.225871,0.07674,1.00128
78.9678,0.224163,0.07668,1.00128
78.9698,0.228823,0.06846,1.00114
78.9718,0.223298,0.06882,1.00115
78.9738,0.208516,0.07242,1.00121
78.9758,0.223738,0.07398,1.00123
78.9778,0.22541,0.07398,1.00123
78.9798,0.22223,0.07548,1.00126
78.9818,0.226037,0.0789,1.00131
78.9838,0.227404,0.08118,1.00135
78.9862,0.231917,0.07602,1.00127
78.9882,0.23501,0.0798,1.00133
78.9902,0.244748,0.07638,1.00127
78.9922,0.231526,0.07056,1.00118
78.9942,0.230463,0.07776,1.0013
78.9962,0.22193,0.07506,1.00125
78.9982,0.227014,0.0801,1.00134
79.0008,0.235925,0.08568,1.00143
79.0028,0.23557,0.08448,1.00141
79.0048,0.252021,0.0771,1.00129
79.0066,0.243019,0.07758,1.00129
79.0088,0.236631,0.07806,1.0013
79.0108,0.239803,0.07548,1.00126
79.0128,0.229107,0.07872,1.00131
79.0146,0.239952,0.07524,1.00125
79.0168,0.229024,0.08472,1.00141
79.0188,0.236143,0.0786,1.00131
79.0208,0.248956,0.07914,1.00132
79.0232,0.247097,0.07986,1.00133
79.0252,0.240569,0.0756,1.00126
79.0272,0.239831,0.07806,1.0013
79.0292,0.232208,0.07506,1.00125
79.0312,0.226351,0.07266,1.00121
79.0338,0.228187,0.0804,1.00134
79.0358,0.229487,0.07956,1.00133
79.0378,0.235927,0.0741,1.00124
79.0398,0.226986,0.07794,1.0013
79.0418,0.229115,0.08334,1.00139
79.0438,0.247097,0.08172,1.00136
79.0458,0.240974,0.07662,1.00128
79.0478,0.244208,0.08328,1.00139
79.0498,0.249152,0.07956,1.00133
79.0518,0.24213,0.07854,1.00131
79.0538,0.240058,0.08226,1.00137
79.0558,0.238846,0.07668,1.00128
79.0582,0.236579,0.07674,1.00128
79.0602,0.236113,0.08202,1.00137
79.0622,0.227045,0.08406,1.0014
79.0648,0.256124,0.0831,1.00138
79.0668,0.257436,0.08664,1.00144
79.0688,0.254782,0.08526,1.00142
79.0706,0.259718,0.0855,1.00143
79.0728,0.250617,0.08364,1.00139
79.0748,0.25707,0.08244,1.00137
79.0768,0.250214,0.08328,1.00139
79.0786,0.249155,0.08556,1.00143
79.0808,0.258454,0.08136,1.00136
79.0828,0.251051,0.07992,1.00133
79.0848,0.248677,0.08634,1.00144
79.0866,0.251075,0.0852,1.00142
79.0888,0.259549,0.08514,1.00142
79.0908,0.258995,0.08166,1.00136
79.0932,0.258265,0.08634,1.00144
79.0952,0.262912,0.08736,1.00146
79.0978,0.258495,0.08568,1.00143
79.0998,0.256271,0.087,1.00145
79.1018,0.269809,0.08442,1.00141
79.1038,0.26061,0.08886,1.00148
79.1058,0.264208,0.08592,1.00143
79.1078,0.254866,0.09036,1.00151
79.1098,0.265713,0.09096,1.00152
79.1118,0.268913,0.09096,1.00152
79.1138,0.269696,0.09582,1.0016
79.1158,0.287041,0.09606,1.0016
79.1178,0.283673,0.08718,1.00145
79.1198,0.275216,0.09492,1.00158
79.1218,0.281293,0.09312,1.00155
79.1238,0.27818,0.09558,1.00159
79.1258,0.291162,0.09456,1.00158
79.1278,0.282271,0.0981,1.00164
79.1302,0.28781,0.0963,1.00161
79.1322,0.300928,0.09474,1.00158
79.1342,0.286456,0.09132,1.00152
79.1362,0.277628,0.09666,1.00161
79.1382,0.295406,0.09354,1.00156
79.1402,0.28698,0.09114,1.00152
79.1422,0.276963,0.09804,1.00163
79.1448,0.286321,0.10542,1.00176
79.1468,0.299941,0.09738,1.00162
79.1488,0.30305,0.0993,1.00165
79.1506,0.302185,0.10194,1.0017
79.1528,0.297666,0.1017,1.0017
79.1548,0.305975,0.10692,1.00178
79.1568,0.32042,0.10578,1.00176
79.1586,0.315284,0.10692,1.00178
79.1608,0.323937,0.10542,1.00176
79.1628,0.318888,0.11244,1.00187
79.1652,0.320893,0.1146,1.00191
79.1672,0.342504,0.11634,1.00194
79.1692,0.351236,0.11946,1.00199
79.1712,0.35167,0.12,1.002
79.1732,0.359394,0.11886,1.00198
79.1752,0.363961,0.1284,1.00214
79.1778,0.371222,0.1341,1.00224
79.1798,0.394237,0.13338,1.00222
79.1818,0.393425,0.138,1.0023
79.1838,0.409838,0.13548,1.00226
79.1858,0.412765,0.1377,1.0023
79.1878,0.419958,0.1338,1.00223
79.1898,0.412079,0.13614,1.00227
79.1918,0.407453,0.14634,1.00244
79.1938,0.428448,0.14124,1.00235
79.1958,0.423048,0.1422,1.00237
79.1978,0.424428,0.14508,1.00242
79.1998,0.433389,0.14646,1.00244
79.2022,0.444288,0.15264,1.00254
79.2042,0.445477,0.15276,1.00255
79.2062,0.457077,0.15684,1.00261
79.2088,0.460489,0.15822,1.00264
79.2108,0.473047,0.14814,1.00247
79.2128,0.467322,0.15336,1.00256
79.2147,0.455043,0.15276,1.00255
79.2168,0.458166,0.14952,1.00249
79.2188,0.458855,0.15084,1.00251
79.2208,0.447897,0.15348,1.00256
79.2227,0.454899,0.15252,1.00254
79.2248,0.465577,0.15882,1.00265
79.2268,0.469287,0.1569,1.00262
79.2288,0.467319,0.15648,1.00261
79.2307,0.47886,0.16212,1.0027
79.2328,0.484015,0.15732,1.00262
79.2348,0.478923,0.1581,1.00264
79.2372,0.480329,0.15798,1.00263
79.2392,0.478175,0.1581,1.00264
79.2418,0.474262,0.15738,1.00262
79.2438,0.481499,0.15702,1.00262
79.2458,0.464361,0.16068,1.00268
79.2478,0.485484,0.159,1.00265
79.2498,0.47878,0.16368,1.00273
79.2518,0.482029,0.15612,1.0026
79.2538,0.483501,0.16128,1.00269
79.2558,0.482346,0.15696,1.00262
79.2578,0.476907,0.15696,1.00262
79.2598,0.480203,0.1593,1.00266
79.2618,0.475366,0.16146,1.00269
79.2638,0.492242,0.1617,1.0027
79.2658,0.480248,0.16512,1.00275
79.2678,0.495595,0.16386,1.00273
79.2698,0.492161,0.1698,1.00283
79.2718,0.501547,0.16932,1.00282
79.2738,0.514234,0.16374,1.00273
79.2758,0.501339,0.17274,1.00288
79.2778,0.505435,0.17574,1.00293
79.2798,0.522426,0.17556,1.00293
79.2818,0.530202,0.18024,1.003
79.2838,0.536528,0.17868,1.00298
79.2858,0.536485,0.18096,1.00302
79.2878,0.540499,0.186,1.0031
79.2898,0.554621,0.18684,1.00311
79.2918,0.559407,0.1884,1.00314
79.2938,0.561015,0.19074,1.00318
79.2958,0.570923,0.1941,1.00324
79.2978,0.589091,0.19596,1.00327
79.2998,0.582842,0.2049,1.00342
79.3018,0.606277,0.20016,1.00334
79.3038,0.603151,0.20022,1.00334
79.3058,0.595867,0.20154,1.00336
79.3082,0.613894,0.198,1.0033
79.3098,0.598976,0.20136,1.00336
79.3118,0.605193,0.20178,1.00336
79.3138,0.603798,0.20184,1.00336
79.3158,0.616702,0.19908,1.00332
79.3178,0.606621,0.20766,1.00346
79.3198,0.609998,0.20706,1.00345
79.3218,0.622366,0.2109,1.00352
79.3238,0.63075,0.20688,1.00345
79.3258,0.628484,0.20352,1.00339
79.3278,0.623788,0.20184,1.00336
79.3298,0.615255,0.1977,1.0033
79.3318,0.609103,0.20586,1.00343
79.3338,0.610154,0.20316,1.00339
79.3358,0.609991,0.20334,1.00339
79.3378,0.606223,0.19974,1.00333
79.3398,0.598147,0.19908,1.00332
79.3418,0.597536,0.2043,1.00341
79.3438,0.607354,0.20268,1.00338
79.3458,0.614551,0.19998,1.00333
79.3478,0.610685,0.2025,1.00338
79.3498,0.609909,0.20034,1.00334
79.3518,0.600971,0.1965,1.00328
79.3538,0.59819,0.19962,1.00333
79.3558,0.584162,0.19782,1.0033
79.3578,0.606273,0.19626,1.00327
79.3598,0.602243,0.19296,1.00322
79.3618,0.585267,0.19602,1.00327
79.3638,0.587697,0.19434,1.00324
79.3658,0.59125,0.20064,1.00334
79.3678,0.592991,0.19848,1.00331
79.3698,0.601004,0.19896,1.00332
79.3718,0.597657,0.19338,1.00322
79.3738,0.597272,0.19626,1.00327
79.3758,0.590153,0.19338,1.00322
79.3783,0.581501,0.1989,1.00332
79.3803,0.597393,0.1995,1.00333
79.3823,0.592001,0.20382,1.0034
79.3843,0.606927,0.2022,1.00337
79.3863,0.607548,0.21426,1.00357
79.3883,0.631984,0.21672,1.00361
79.3903,0.639142,0.21774,1.00363
79.3923,0.654611,0.21906,1.00365
79.3943,0.656486,0.222,1.0037
79.3963,0.665308,0.21786,1.00363
79.3983,0.667142,0.21852,1.00364
79.4003,0.661673,0.22116,1.00369
79.4023,0.670088,0.22458,1.00374
79.4043,0.682417,0.23028,1.00384
79.4063,0.6926,0.22494,1.00375
79.4083,0.682982,0.2352,1.00392
79.4103,0.698824,0.23076,1.00385
79.4123,0.703263,0.23772,1.00396
79.4147,0.705498,0.24132,1.00402
79.4168,0.725552,0.23814,1.00397
79.4189,0.720083,0.23802,1.00397
79.4209,0.712127,0.24144,1.00402
79.4227,0.721837,0.23616,1.00394
79.4248,0.710157,0.23928,1.00399
79.4269,0.718872,0.23502,1.00392
79.4289,0.719287,0.23382,1.0039
79.4307,0.712322,0.23496,1.00392
79.4328,0.698999,0.23508,1.00392
79.4349,0.706134,0.23724,1.00395
79.4369,0.708719,0.2328,1.00388
79.4387,0.702968,0.2325,1.00388
79.4408,0.711281,0.23262,1.00388
79.4429,0.712155,0.23238,1.00387
79.4449,0.698806,0.22572,1.00376
79.4467,0.695287,0.2274,1.00379
79.4493,0.688208,0.22266,1.00371
79.4513,0.679199,0.22008,1.00367
79.4533,0.671441,0.21666,1.00361
79.4553,0.663722,0.21564,1.00359
79.4573,0.655093,0.21912,1.00365
79.4593,0.653821,0.21438,1.00357
79.4613,0.656411,0.20748,1.00346
79.4633,0.636196,0.20466,1.00341
79.4659,0.629916,0.21132,1.00352
79.4679,0.626562,0.20316,1.00339
79.4699,0.633749,0.19866,1.00331
79.4719,0.606624,0.19668,1.00328
79.4739,0.602474,0.19776,1.0033
79.4759,0.594117,0.19896,1.00332
79.4779,0.605236,0.18426,1.00307
79.4799,0.580776,0.18672,1.00311
79.4819,0.564037,0.1818,1.00303
79.4843,0.560973,0.18534,1.00309
79.4863,0.560961,0.18552,1.00309
79.4883,0.560993,0.18132,1.00302
79.4903,0.553376,0.18144,1.00302
79.4923,0.548895,0.17442,1.00291
79.4943,0.533228,0.17022,1.00284
79.4963,0.519548,0.17112,1.00285
79.4983,0.522375,0.16422,1.00274
79.5003,0.497558,0.1635,1.00273
79.5023,0.498502,0.1587,1.00265
79.5043,0.489254,0.15612,1.0026
79.5063,0.473609,0.15276,1.00255
79.5083,0.463889,0.15012,1.0025
79.5103,0.461698,0.14496,1.00242
79.5123,0.448941,0.14196,1.00237
79.5143,0.438083,0.14424,1.0024
79.5163,0.426904,0.1434,1.00239
79.5183,0.430485,0.14262,1.00238
79.5209,0.42964,0.13884,1.00231
79.5229,0.418428,0.1326,1.00221
79.5249,0.417476,0.13392,1.00223
79.5267,0.414703,0.1284,1.00214
79.5289,0.392643,0.12606,1.0021
79.5309,0.388236,0.12294,1.00205
79.5329,0.382536,0.123,1.00205
79.5347,0.374722,0.12264,1.00204
79.5369,0.367309,0.1236,1.00206
79.5389,0.3765,0.12276,1.00205
79.5409,0.3679,0.11976,1.002
79.5427,0.366412,0.1203,1.00201
79.5449,0.37303,0.12054,1.00201
79.5469,0.364536,0.12,1.002
79.5489,0.361003,0.12024,1.002
79.5507,0.36401,0.1218,1.00203
79.5529,0.368762,0.1227,1.00205
79.5553,0.371947,0.1206,1.00201
79.5573,0.371195,0.11784,1.00196
79.5593,0.355153,0.11484,1.00191
79.5619,0.356208,0.11106,1.00185
79.5639,0.351794,0.11016,1.00184
79.5659,0.339776,0.11334,1.00189
79.5679,0.342396,0.108,1.0018
79.5699,0.333126,0.11154,1.00186
79.5719,0.330538,0.10722,1.00179
79.5739,0.333069,0.10788,1.0018
79.5759,0.331319,0.11166,1.00186
79.5779,0.326661,0.10992,1.00183
79.5799,0.330338,0.10878,1.00181
79.5819,0.333151,0.10722,1.00179
79.5839,0.333025,0.10572,1.00176
79.5859,0.31902,0.1029,1.00172
79.5879,0.317845,0.0993,1.00165
79.5903,0.320425,0.09816,1.00164
79.5929,0.302975,0.0924,1.00154
79.5949,0.287967,0.0957,1.0016
79.5969,0.282796,0.09912,1.00165
79.5987,0.293557,0.09582,1.0016
79.6009,0.294335,0.09528,1.00159
79.6029,0.279196,0.10344,1.00172
79.6049,0.295105,0.09558,1.00159
79.6067,0.2947,0.09384,1.00156
79.6089,0.295431,0.08898,1.00148
79.6109,0.283153,0.08322,1.00139
79.6129,0.259793,0.08472,1.00141
79.6147,0.267899,0.08298,1.00138
79.6169,0.252862,0.08886,1.00148
79.6189,0.247901,0.09024,1.0015
79.6209,0.266651,0.08592,1.00143
79.6227,0.259542,0.08742,1.00146
79.6249,0.257653,0.08868,1.00148
79.6269,0.264153,0.08832,1.00147
79.6289,0.26338,0.08622,1.00144
79.6307,0.25873,0.07932,1.00132
79.6329,0.251366,0.08202,1.00137
79.6349,0.252723,0.07836,1.00131
79.6369,0.236936,0.0816,1.00136
79.6387,0.238698,0.08196,1.00137
79.6409,0.25274,0.07482,1.00125
79.6429,0.241565,0.08442,1.00141
79.6449,0.230205,0.0795,1.00133
79.6467,0.240786,0.08106,1.00135
79.6489,0.248696,0.07452,1.00124
79.6509,0.230342,0.07788,1.0013
79.6529,0.233618,0.07536,1.00126
79.6547,0.232519,0.0726,1.00121
79.6569,0.230692,0.07644,1.00127
79.6589,0.226284,0.07632,1.00127
79.6613,0.226294,0.06726,1.00112
79.6633,0.213443,0.06606,1.0011
79.6653,0.207348,0.06918,1.00115
79.6673,0.211952,0.06732,1.00112
79.6693,0.200917,0.06504,1.00108
79.6713,0.198546,0.06552,1.00109
79.6739,0.19367,0.0639,1.00107
79.6759,0.189616,0.0636,1.00106
79.6779,0.19358,0.05874,1.00098
79.6799,0.189035,0.06288,1.00105
79.6819,0.18442,0.05394,1.0009
79.6839,0.174952,0.05388,1.0009
79.6859,0.175215,0.05286,1.00088
79.6879,0.165971,0.05574,1.00093
79.6899,0.170465,0.0492,1.00082
79.6919,0.163694,0.05136,1.00086
79.6939,0.161299,0.0471,1.00079
79.6959,0.13994,0.04518,1.00075
79.6979,0.137656,0.05064,1.00084
79.6999,0.154627,0.04404,1.00073
79.7019,0.137426,0.04452,1.00074
79.7039,0.133011,0.0414,1.00069
79.7059,0.13089,0.04578,1.00076
79.7079,0.138005,0.04044,1.00067
79.7099,0.128124,0.04152,1.00069
79.7119,0.116936,0.03966,1.00066
79.7139,0.13815,0.03876,1.00065
79.7159,0.123848,0.03882,1.00065
79.7179,0.116799,0.03984,1.00066
79.7199,0.117106,0.03882,1.00065
79.7219,0.129137,0.03978,1.00066
79.7239,0.109698,0.04584,1.00076
79.7259,0.128221,0.03414,1.00057
79.7279,0.122202,0.03684,1.00061
79.7303,0.10668,0.03414,1.00057
79.7323,0.115333,0.03006,1.0005
79.7343,0.09082,0.03138,1.00052
79.7369,0.100759,0.03102,1.00052
79.7389,0.093648,0.03594,1.0006
79.7409,0.092497,0.03,1.0005
79.7427,0.105916,0.02676,1.00045
79.7449,0.090955,0.0282,1.00047
79.7469,0.081388,0.02958,1.00049
79.7489,0.083832,0.03312,1.00055
79.7507,0.099964,0.02406,1.0004
79.7529,0.073855,0.02994,1.0005
79.7549,0.077131,0.0273,1.00046
79.7569,0.093011,0.01998,1.00033
79.7587,0.072882,0.01572,1.00026
79.7609,0.062067,0.01392,1.00023
79.7629,0.055312,0.01374,1.00023
79.7649,0.061517,0.00684,1.00011
79.7673,0.024836,0.00804,1.00013
79.7699,0.014807,0.006,1.0001
79.7719,0.016159,0.0015,1.00003
79.7739,0.00688,0.00342,1.00006
79.7759,0.012587,0.00666,1.00011
79.7779,0.023517,0.0033,1.00006
79.7799,0.013191,0.00174,1.00003
79.7819,0.013191,0.00414,1.00007
79.7839,0.016412,0.00414,0.999939
79.7859,0.009355,0.00414,0.999931
79.7879,0.011126,0.00414,0.999891
79.7899,0.011126,0.00414,0.999867
79.7919,0.009582,0.00414,0.999749
79.7939,0.009582,0.00414,0.999713
79.7959,0.009698,0.00414,0.999729
79.7979,0.009698,0.00414,0.999607
79.7999,0.005351,0.00414,0.999631
79.8023,0.005351,0.00414,0.999555
79.8043,0.005351,0.00414,0.99946
79.8059,0.011129,0.00414,0.999498
79.8073,0.011129,0.00414,0.999516
79.8089,0.0125,0.00414,0.999445
79.8103,0.0125,0.00414,0.999437
79.8119,0.005755,0.00414,0.999354
79.8139,0.004116,0.00414,0.999383
79.8159,0.004116,0.00414,0.999256
79.8179,0.004116,0.00414,0.999387
79.8199,0.004776,0.00414,0.999174
79.8219,0.004792,0.00414,0.999181
79.8233,0.004792,0.00414,0.999267
79.8249,0.007277,0.00414,0.999192
79.8269,0.007277,0.00414,0.999172
79.8283,0.007277,0.00414,0.999186
79.8299,0.007277,0.00414,0.999147
79.8319,0.007277,0.00414,0.999177
79.8339,0.007277,0.00414,0.999213
79.8359,0.013473,0.00414,0.999005
79.8373,0.013473,0.00414,0.999107
79.8387,0.007064,0.00414,0.999062
79.8403,0.007064,0.00414,0.999162
79.8419,0.006694,0.00414,0.999052
79.8439,0.011845,0.00414,0.999157
79.8459,0.011845,0.00414,0.999081
79.8479,0.010927,0.00414,0.99904
79.8493,0.013091,0.00414,0.999057
79.8509,0.013091,0.00414,0.999098
79.8529,0.002099,0.00414,0.999044
79.8548,0.014444,0.00414,0.99909
79.8563,0.014444,0.00414,0.999026
79.8579,0.018298,0.00414,0.998996
79.8599,0.018298,0.00414,0.998933
79.8623,0.018298,0.00414,0.999024
79.8649,0.018298,0.00414,0.999014
79.8669,0.018298,0.00414,0.998951
79.8683,0.008201,0.00414,0.998983
79.8699,0.008201,0.00414,0.998989
79.8719,0.008201,0.00414,0.998938
79.8739,0.008201,0.00414,0.998958
79.8753,0.00357,0.00414,0.998939
79.8769,0.003721,0.00414,0.998905
79.8788,0.003721,0.00414,0.998855
79.8803,0.003721,0.00414,0.998814
79.8819,0.003721,0.00414,0.998802
79.8839,0.003721,0.00414,0.998787
79.8859,0.012865,0.00414,0.998775
79.8879,0.012865,0.00414,0.998798
79.8899,0.012865,0.00414,0.998731
79.8919,0.012865,0.00414,0.998629
79.8943,0.012865,0.00414,0.99867
79.8969,0.012865,0.00414,0.998544
79.8989,0.009084,0.00414,0.998512
79.9003,0.009084,0.00414,0.998512
79.9019,0.00861,0.00414,0.998459
79.9033,0.00861,0.00414,0.998474
79.9053,0.00861,0.00414,0.998387
79.9069,0.014957,0.00414,0.998314
79.9089,0.014957,0.00414,0.998278
79.9103,0.014957,0.00414,0.998307
79.9123,0.019733,0.00414,0.998185
79.9139,0.019733,0.00414,0.998111
79.9159,0.005501,0.00414,0.998121
79.9179,0.007521,0.00414,0.99797
79.9199,0.006323,0.00414,0.997985
79.9219,0.006323,0.00414,0.997834
79.9239,0.008804,0.00414,0.997778
79.9263,0.017922,0.00414,0.997717
79.9289,0.017922,0.00414,0.997659
79.9309,0.017922,0.00414,0.99754
79.9329,0.006197,0.00414,0.997425
79.9348,0.011531,0.00414,0.997229
79.9363,0.011531,0.00414,0.997162
79.9379,0.008058,0.00414,0.997056
79.9399,0.000655,0.00414,0.997114
79.9419,0.000655,0.00414,0.996955
79.9439,0.000655,0.00414,0.996831
79.9459,0.000655,0.00414,0.996745
79.9479,0.001845,0.00414,0.996677
79.9499,0.015193,0.00414,0.996635
79.9519,0.015193,0.00414,0.996546
79.9539,0.003707,0.00414,0.996474
79.9559,0.000576,0.00414,0.99633
79.9583,0.012507,0.00414,0.996357
79.9603,0.004969,0.00414,0.996147
79.9623,0.004969,0.00414,0.996064
79.9643,0.004969,0.00414,0.995976
79.9659,0.004969,0.00414,0.995904
79.9679,0.016038,0.00414,0.995902
79.9699,0.030548,0.00414,0.995809
79.9719,0.030548,0.00414,0.995687
79.9739,0.030548,0.00414,0.995562
79.9759,0.030548,0.00414,0.995488
79.9779,0.030548,0.00414,0.995361
79.9799,0.030548,0.00414,0.995401
79.9819,0.017196,0.00414,0.99512
79.9839,0.017196,0.00414,0.995036
79.9859,0.017196,0.00414,0.994921
79.9879,0.009312,0.00414,0.994837
79.9899,0.009312,0.00414,0.994741
79.9929,0.005479,0.00414,0.994593
79.9949,0.005479,0.00414,0.994469
79.9969,0.00495,0.00414,0.994295
79.9988,0.001823,0.00414,0.994192
80.0003,0.001827,0.00414,0.994012
80.0024,0.018803,0.00414,0.994039
80.0044,0.018803,0.00414,0.993734
80.0059,0.028692,0.00414,0.993643
80.0079,0.006953,0.00414,0.993661
80.0099,0.006953,0.00414,0.993499
80.0119,0.046952,0.00414,0.993352
80.0139,0.046952,0.00414,0.993148
80.0159,0.028495,0.00414,0.993125
80.0179,0.037054,0.00414,0.992985
80.0199,0.037054,0.00414,0.992917
80.0219,0.037054,0.00414,0.992786
80.0239,0.037054,0.00414,0.992644
80.0264,0.013536,0.00414,0.992638
80.0279,0.013536,0.00414,0.992411
80.0299,0.013536,0.00414,0.992295
80.0319,0.023388,0.00414,0.992112
80.0339,0.023388,0.00414,0.991956
80.0359,0.023388,0.00414,0.99174
80.0379,0.021368,0.00414,0.99159
80.0399,0.021368,0.00414,0.991364
80.0419,0.021368,0.00414,0.991215
80.0439,0.021368,0.00414,0.991002
80.0459,0.025355,0.00414,0.990853
80.0479,0.025355,0.00414,0.990614
80.0499,0.011457,0.00414,0.990348
80.0519,0.024463,0.00414,0.990036
80.0539,0.001903,0.00414,0.989777
80.0559,0.04932,0.00414,0.989635
80.0579,0.022791,0.00414,0.989389
80.0604,0.027529,0.00414,0.989082
80.0624,0.002138,0.00414,0.988864
80.0644,0.015858,0.00414,0.988605
80.0664,0.016289,0.00414,0.988339
80.0684,0.016289,0.00414,0.988249
80.0704,0.010037,0.00414,0.988001
80.0724,0.010257,0.00414,0.987862
80.0744,0.010257,0.00414,0.987639
80.0759,0.02028,0.00414,0.987551
80.0779,0.02028,0.00414,0.987453
80.0799,0.023078,0.00414,0.987339
80.0819,0.03057,0.00414,0.987241
80.0839,0.03057,0.00414,0.98714
80.0859,0.03057,0.00414,0.987086
80.0879,0.007753,0.00414,0.986942
80.0899,0.007866,0.00414,0.986844
80.0919,0.007866,0.00414,0.986798
80.0944,0.007866,0.00414,0.986702
80.0959,0.014053,0.00414,0.986555
80.098,0.014053,0.00414,0.986577
80.1,0.014053,0.00414,0.986445
80.102,0.00056,0.00414,0.98647
80.1039,0.00056,0.00414,0.986338
80.1059,0.00056,0.00414,0.986303
80.108,0.00056,0.00414,0.986258
80.11,0.00056,0.00414,0.986242
80.1119,0.00056,0.00414,0.986261
80.1139,0.00056,0.00414,0.986202
80.1159,0.003855,0.00414,0.98621
80.118,0.003855,0.00414,0.986133
80.12,0.003855,0.00414,0.986059
80.122,0.003855,0.00414,0.986059
80.124,0.005158,0.00414,0.986111
80.1264,0.035106,0.00414,0.986076
80.1284,0.044037,0.00414,0.986102
80.13,0.044037,0.00414,0.986159
80.132,0.044037,0.00414,0.98609
80.134,0.021894,0.00414,0.9861
80.136,0.021894,0.00414,0.986138
80.138,0.021894,0.00414,0.986126
80.14,0.021894,0.00414,0.986119
80.142,0.023171,0.00414,0.986172
80.144,0.023171,0.00414,0.986301
80.1459,0.023171,0.00414,0.986191
80.148,0.023171,0.00414,0.986291
80.15,0.011047,0.00414,0.986313
80.152,0.011047,0.00414,0.986362
80.154,0.011047,0.00414,0.986419
80.156,0.011047,0.00414,0.986599
80.158,0.009642,0.00414,0.986545
80.1604,0.009642,0.00414,0.986658
80.1624,0.006556,0.00414,0.986814
80.1644,0.020125,0.00414,0.986892
80.1664,0.027564,0.00414,0.98706
80.1684,0.006544,0.00414,0.987165
80.1704,0.006544,0.00414,0.987207
80.1724,0.001943,0.00414,0.987385
80.1744,0.021417,0.00414,0.987539
80.1764,0.004628,0.00414,0.987681
80.1784,0.004677,0.00414,0.987875
80.1804,0.01388,0.00414,0.987983
80.1824,0.044827,0.00414,0.988157
80.1844,0.044827,0.00414,0.988398
80.1864,0.044827,0.00414,0.988568
80.1884,0.001882,0.00414,0.988752
80.1904,0.004164,0.00414,0.988991
80.1924,0.020256,0.00414,0.98918
80.1944,0.020256,0.00414,0.98945
80.197,0.026457,0.00414,0.989642
80.1988,0.026457,0.00414,0.989963
80.201,0.026457,0.00414,0.990131
80.203,0.019138,0.00414,0.990428
80.205,0.02995,0.00414,0.990669
80.2068,0.02995,0.00414,0.990994
80.2084,0.01542,0.00414,0.991319
80.2104,0.01542,0.00414,0.991462
80.2124,0.01542,0.00414,0.991668
80.2144,0.008395,0.00414,0.991983
80.2164,0.025457,0.00414,0.992399
80.2184,0.025457,0.00414,0.992678
80.2204,0.005873,0.00414,0.992967
80.2224,0.025983,0.00414,0.993264
80.2244,0.025983,0.00414,0.993414
80.2264,0.001405,0.00414,0.993869
80.2284,0.010044,0.00414,0.994108
80.2308,0.022279,0.00414,0.994276
80.233,0.022279,0.00414,0.994583
80.235,0.013323,0.00414,0.994882
80.237,0.024768,0.00414,0.995151
80.2388,0.024768,0.00414,0.995411
80.2404,0.00507,0.00414,0.995582
80.2424,0.000731,0.00414,0.995838
80.2444,0.000731,0.00414,0.996063
80.2464,0.010868,0.00414,0.996282
80.2484,0.010868,0.00414,0.996535
80.2504,0.010868,0.00414,0.9967
80.2524,0.010868,0.00414,0.99689
80.2544,0.010868,0.00414,0.997184
80.2564,0.010868,0.00414,0.997305
80.2584,0.010868,0.00414,0.997512
80.2604,0.010868,0.00414,0.99759
80.2624,0.001827,0.00414,0.997756
80.2644,0.001827,0.00414,0.997911
80.267,0.001827,0.00414,0.998075
80.269,0.001251,0.00414,0.998283
80.2708,0.009232,0.00414,0.998403
80.2724,0.009232,0.00414,0.998665
80.2744,0.011787,0.00414,0.998713
80.276,0.010196,0.00414,0.998794
80.278,0.010196,0.00414,0.998963
80.28,0.002507,0.00414,0.999032
80.282,0.002507,0.00414,0.999125
80.284,0.005899,0.00414,0.999214
80.286,0.005899,0.00414,0.99937
80.288,0.006401,0.00414,0.999408
80.29,0.006401,0.00414,0.999573
80.292,0.004439,0.00414,0.999555
80.294,0.013117,0.00414,0.999711
80.296,0.013117,0.00414,0.999834
80.298,0.013117,0.00414,0.99991
80.3004,0.013117,0.00108,1.00002
80.3024,0.001211,0.00684,1.00011
80.3044,0.016365,0.01656,1.00028
80.3064,0.024955,0.02232,1.00037
80.3084,0.045022,0.02742,1.00046
80.3104,0.072916,0.02868,1.00048
80.3124,0.072954,0.0339,1.00057
80.3144,0.086189,0.02616,1.00044
80.3164,0.08259,0.024,1.0004
80.3184,0.092551,0.02364,1.00039
80.3204,0.072155,0.0228,1.00038
80.3224,0.07046,0.02742,1.00046
80.3244,0.084999,0.02802,1.00047
80.3264,0.078789,0.03132,1.00052
80.329,0.082213,0.03306,1.00055
80.331,0.08686,0.03276,1.00055
80.333,0.101995,0.02748,1.00046
80.335,0.086101,0.02154,1.00036
80.337,0.075431,0.02502,1.00042
80.339,0.083678,0.02388,1.0004
80.341,0.0651,0.0246,1.00041
80.3428,0.070807,0.01974,1.00033
80.345,0.07448,0.02046,1.00034
80.347,0.05867,0.02274,1.00038
80.349,0.060361,0.02394,1.0004
80.3508,0.068302,0.0183,1.0003
80.353,0.058614,0.01284,1.00021
80.355,0.052745,0.01218,1.0002
80.357,0.047189,0.01104,1.00018
80.3588,0.034904,0.01182,1.0002
80.361,0.03951,0.01494,1.00025
80.363,0.034913,0.0162,1.00027
80.365,0.043187,0.01956,1.00033
80.3668,0.051205,0.01314,1.00022
80.369,0.048105,0.01374,1.00023
80.3714,0.032811,0.0102,1.00017
80.3734,0.037831,0.00966,1.00016
80.3754,0.042112,0.01746,1.00029
80.378,0.045051,0.01434,1.00024
80.38,0.045063,0.01656,1.00028
80.382,0.043668,0.01356,1.00023
80.384,0.042519,0.02106,1.00035
80.386,0.050923,0.02022,1.00034
80.388,0.064604,0.02922,1.00049
80.39,0.075098,0.02718,1.00045
80.392,0.089701,0.03408,1.00057
80.394,0.09852,0.03972,1.00066
80.396,0.098176,0.0426,1.00071
80.398,0.114919,0.04608,1.00077
80.4,0.121532,0.05136,1.00086
80.402,0.135521,0.04992,1.00083
80.404,0.14709,0.05028,1.00084
80.4064,0.156324,0.05976,1.001
80.409,0.170201,0.05634,1.00094
80.411,0.179578,0.05736,1.00096
80.413,0.171014,0.06384,1.00106
80.4148,0.180451,0.06456,1.00108
80.417,0.198015,0.06744,1.00112
80.419,0.198759,0.0765,1.00128
80.421,0.21089,0.07296,1.00122
80.4228,0.219404,0.08076,1.00135
80.425,0.232909,0.07722,1.00129
80.427,0.231991,0.08214,1.00137
80.429,0.240046,0.07644,1.00127
80.4308,0.242285,0.07662,1.00128
80.433,0.227373,0.07626,1.00127
80.435,0.231133,0.07392,1.00123
80.437,0.235117,0.0738,1.00123
80.4388,0.217358,0.07134,1.00119
80.441,0.216955,0.0741,1.00124
80.4434,0.213181,0.0702,1.00117
80.4454,0.223316,0.075,1.00125
80.4474,0.213131,0.07236,1.00121
80.4494,0.21682,0.07458,1.00124
80.4514,0.219882,0.06762,1.00113
80.4534,0.216681,0.07158,1.00119
80.4554,0.212482,0.06384,1.00106
80.458,0.202982,0.0648,1.00108
80.46,0.195875,0.06036,1.00101
80.462,0.198163,0.05988,1.001
80.464,0.182046,0.05502,1.00092
80.466,0.174995,0.05328,1.00089
80.468,0.165762,0.05568,1.00093
80.47,0.172284,0.05646,1.00094
80.472,0.165982,0.05676,1.00095
80.474,0.165755,0.05418,1.0009
80.476,0.170726,0.04836,1.00081
80.4784,0.15652,0.04842,1.00081
80.4804,0.147053,0.04992,1.00083
80.4824,0.14712,0.04206,1.0007
80.4844,0.142811,0.042,1.0007
80.4864,0.138319,0.04326,1.00072
80.489,0.13532,0.04812,1.0008
80.491,0.133119,0.04428,1.00074
80.493,0.133181,0.04866,1.00081
80.4949,0.14285,0.04896,1.00082
80.497,0.147203,0.04686,1.00078
80.499,0.137856,0.05046,1.00084
80.501,0.139855,0.04764,1.00079
80.5029,0.14714,0.04536,1.00076
80.505,0.147265,0.04674,1.00078
80.507,0.137702,0.0438,1.00073
80.509,0.135461,0.04836,1.00081
80.5109,0.140518,0.05328,1.00089
80.513,0.156507,0.04992,1.00083
80.5154,0.144623,0.05124,1.00085
80.5174,0.147417,0.0504,1.00084
80.5194,0.14954,0.04962,1.00083
80.522,0.149531,0.05178,1.00086
80.524,0.1657,0.05172,1.00086
80.526,0.156536,0.04944,1.00082
80.528,0.151877,0.05136,1.00086
80.53,0.158966,0.05358,1.00089
80.532,0.163331,0.0561,1.00094
80.534,0.161185,0.05664,1.00094
80.536,0.158727,0.05928,1.00099
80.538,0.175055,0.05484,1.00091
80.54,0.168155,0.06042,1.00101
80.542,0.172783,0.05478,1.00091
80.544,0.175015,0.06216,1.00104
80.546,0.182232,0.05556,1.00093
80.548,0.170437,0.05892,1.00098
80.5504,0.17282,0.054,1.0009
80.553,0.168165,0.05784,1.00096
80.555,0.163928,0.05178,1.00086
80.557,0.168145,0.05646,1.00094
80.5589,0.174621,0.05922,1.00099
80.561,0.165777,0.06102,1.00102
80.563,0.175246,0.05904,1.00098
80.565,0.189071,0.05616,1.00094
80.5669,0.172836,0.05658,1.00094
80.569,0.172921,0.05208,1.00087
80.571,0.168186,0.05916,1.00099
80.573,0.182144,0.05586,1.00093
80.5749,0.163615,0.05592,1.00093
80.577,0.165872,0.05802,1.00097
80.579,0.170503,0.0546,1.00091
80.581,0.179918,0.0525,1.00088
80.5829,0.16579,0.05298,1.00088
80.585,0.163396,0.05022,1.00084
80.5874,0.14724,0.04824,1.0008
80.5894,0.142566,0.05088,1.00085
80.5914,0.156726,0.04776,1.0008
80.5934,0.14019,0.05232,1.00087
80.5954,0.151969,0.05394,1.0009
80.5974,0.158933,0.05274,1.00088
80.5994,0.163509,0.05214,1.00087
80.602,0.156577,0.04818,1.0008
80.604,0.156835,0.0462,1.00077
80.606,0.142652,0.0462,1.00077
80.608,0.14526,0.0462,1.00077
80.61,0.137838,0.04638,1.00077
80.612,0.147477,0.0486,1.00081
80.614,0.142011,0.04272,1.00071
80.616,0.144938,0.04008,1.00067
80.618,0.135879,0.04278,1.00071
80.62,0.130924,0.03942,1.00066
80.6224,0.125943,0.04002,1.00067
80.6244,0.129588,0.04134,1.00069
80.6264,0.111926,0.03888,1.00065
80.6284,0.118926,0.04002,1.00067
80.6304,0.120195,0.03114,1.00052
80.633,0.108278,0.0309,1.00052
80.635,0.100844,0.02676,1.00045
80.637,0.101297,0.02766,1.00046
80.6389,0.08032,0.02712,1.00045
80.641,0.077282,0.0324,1.00054
80.643,0.091815,0.03342,1.00056
80.645,0.106434,0.02898,1.00048
80.6469,0.087497,0.0276,1.00046
80.649,0.081858,0.02496,1.00042
80.651,0.082669,0.02016,1.00034
80.653,0.082622,0.02346,1.00039
80.6549,0.072255,0.01758,1.00029
80.6575,0.059704,0.02082,1.00035
80.6595,0.064469,0.0183,1.0003
80.6615,0.056493,0.02136,1.00036
80.6635,0.057269,0.01656,1.00028
80.666,0.065725,0.01188,1.0002
80.668,0.046639,0.01254,1.00021
80.67,0.034051,0.01566,1.00026
80.672,0.039334,0.00918,1.00015
80.674,0.042963,0.0081,1.00014
80.676,0.038892,0.01026,1.00017
80.678,0.033805,0.00306,1.00005
80.68,0.027636,0.00294,1.00005
80.682,0.008967,0.00486,1.00008
80.684,0.015333,0.00486,0.999974
80.686,0.010562,0.00486,0.999879
80.688,0.010562,0.00042,1.00001
80.69,0.006691,0.00042,0.999881
80.6925,0.006691,0.00042,0.999893
80.6945,0.010861,0.00042,0.999682
80.697,0.010861,0.00042,0.999713
80.699,0.010861,0.00042,0.999713
80.701,0.000822,0.00042,0.999636
80.7029,0.011863,0.00042,0.999443
80.7045,0.004651,0.00042,0.999513
80.7065,0.011773,0.00042,0.999443
80.7085,0.00079,0.00042,0.999293
80.71,0.022138,0.00042,0.999258
80.712,0.010061,0.00042,0.999191
80.714,0.010061,0.00042,0.999251
80.716,0.010061,0.00042,0.999109
80.718,0.010953,0.00042,0.998993
80.72,0.010953,0.00042,0.998935
80.722,0.010953,0.00042,0.998937
80.724,0.010953,0.00042,0.998868
80.7265,0.000931,0.00042,0.998876
80.7291,0.01171,0.00042,0.998756
80.7311,0.01171,0.00042,0.998705
80.7331,0.01171,0.00042,0.998734
80.7349,0.012916,0.00042,0.998752
80.737,0.014537,0.00042,0.99874
80.7391,0.014537,0.00042,0.998647
80.7411,0.014537,0.00042,0.998652
80.7429,0.005393,0.00042,0.998651
80.745,0.011661,0.00042,0.998589
80.747,0.011717,0.00042,0.998624
80.749,0.007247,0.00042,0.998595
80.7509,0.007247,0.00042,0.998608
80.7525,0.007247,0.00042,0.998721
80.754,0.005319,0.00042,0.998692
80.756,0.005319,0.00042,0.998653
80.7581,0.005319,0.00042,0.998706
80.7605,0.011726,0.00042,0.998728
80.7621,0.01013,0.00042,0.998684
80.7641,0.014783,0.00042,0.998702
80.7661,0.014783,0.00042,0.998696
80.7681,0.005509,0.00042,0.998756
80.7701,0.005509,0.00042,0.998781
80.772,0.003869,0.00042,0.998696
80.774,0.011154,0.00042,0.998754
80.7761,0.011154,0.00042,0.998725
80.7781,0.011154,0.00042,0.998745
80.7801,0.011154,0.00042,0.998747
80.7821,0.011154,0.00042,0.998753
80.7841,0.011154,0.00042,0.998743
80.7861,0.005484,0.00042,0.998727
80.7881,0.013149,0.00042,0.998627
80.7901,0.013149,0.00042,0.998527
80.7921,0.002664,0.00042,0.998505
80.7945,0.002664,0.00042,0.998411
80.7965,0.002664,0.00042,0.998311
80.7985,0.006067,0.00042,0.998205
80.8005,0.006067,0.00042,0.998032
80.8025,0.006067,0.00042,0.997912
80.8041,0.006067,0.00042,0.99778
80.8061,0.006653,0.00042,0.997565
80.8081,0.006653,0.00042,0.997522
80.8101,0.006653,0.00042,0.997204
80.8121,0.001821,0.00042,0.997079
80.8141,0.001821,0.00042,0.996899
80.8161,0.001821,0.00042,0.99662
80.8181,0.004779,0.00042,0.996565
80.8201,0.004779,0.00042,0.99624
80.8221,0.004779,0.00042,0.996128
80.8241,0.000831,0.00042,0.995859
80.8261,0.034604,0.00042,0.995642
80.8285,0.034604,0.00042,0.995546
80.8305,0.034604,0.00042,0.995288
80.8325,0.013372,0.00042,0.995187
80.8345,0.013372,0.00042,0.99497
80.8361,0.009353,0.00042,0.994735
80.8381,0.009353,0.00042,0.994641
80.8401,0.017843,0.00042,0.994555
80.8421,0.017843,0.00042,0.994372
80.8441,0.017688,0.00042,0.994349
80.8461,0.000729,0.00042,0.99427
80.8481,0.022948,0.00042,0.994247
80.8501,0.022948,0.00042,0.994208
80.8521,0.022318,0.00042,0.994132
80.8541,0.013905,0.00042,0.994148
80.8561,0.013905,0.00042,0.994159
80.8581,0.013905,0.00042,0.994192
80.8601,0.013905,0.00042,0.994182
80.8625,0.022476,0.00042,0.994238
80.8641,0.022124,0.00042,0.994267
80.8661,0.001096,0.00042,0.994379
80.8681,0.001096,0.00042,0.994285
80.8701,0.001096,0.00042,0.994407
80.8721,0.013877,0.00042,0.994482
80.8741,0.000818,0.00042,0.994575
80.8761,0.033638,0.00042,0.994799
80.8781,0.033638,0.00042,0.994829
80.8801,0.005358,0.00042,0.994994
80.8821,0.001275,0.00042,0.995018
80.8841,0.005569,0.00042,0.995229
80.8861,0.002401,0.00042,0.995418
80.8881,0.002401,0.00042,0.995564
80.8901,0.027184,0.00042,0.995777
80.8921,0.008751,0.00042,0.995965
80.8941,0.008751,0.00042,0.996329
80.8965,0.022271,0.00042,0.996485
80.8981,0.001901,0.00042,0.996794
80.9001,0.014805,0.00042,0.997076
80.9021,0.01857,0.00042,0.997389
80.9041,0.01857,0.00042,0.997609
80.9061,0.01857,0.00042,0.997945
80.9081,0.01857,0.00042,0.998316
80.9101,0.002412,0.00042,0.998649
80.9121,0.002412,0.00042,0.998987
80.9141,0.002555,0.00042,0.999338
80.9161,0.002555,0.00042,0.999691
80.9181,0.002555,0.00042,0.999976
80.9201,0.002555,0.0144,1.00024
80.9221,0.028614,0.0375,1.00063
80.9241,0.064276,0.05802,1.00097
80.9261,0.120916,0.07818,1.0013
80.9281,0.172739,0.08994,1.0015
80.9301,0.232035,0.09606,1.0016
80.9325,0.259937,0.09786,1.00163
80.9349,0.296042,0.0939,1.00157
80.9371,0.302279,0.09234,1.00154
80.9391,0.29348,0.0957,1.0016
80.9411,0.296158,0.10056,1.00168
80.9429,0.310346,0.10884,1.00181
80.9451,0.318275,0.11292,1.00188
80.9471,0.329412,0.12522,1.00209
80.9491,0.351597,0.13404,1.00223
80.9509,0.384251,0.1452,1.00242
80.9531,0.414091,0.15516,1.00259
80.9551,0.434425,0.15522,1.00259
80.9571,0.461222,0.15828,1.00264
80.9589,0.465029,0.15216,1.00254
80.9611,0.472267,0.14748,1.00246
80.9631,0.463685,0.14856,1.00248
80.9651,0.458095,0.1491,1.00249
80.9671,0.452798,0.14934,1.00249
80.9701,0.459996,0.15864,1.00264
80.9721,0.472184,0.1623,1.00271
80.9741,0.483654,0.16836,1.00281
80.9755,0.487889,0.16632,1.00277
80.9775,0.496469,0.16668,1.00278
80.9795,0.502251,0.16974,1.00283
80.9815,0.506277,0.16554,1.00276
80.9835,0.505455,0.16338,1.00272
80.9861,0.495845,0.15654,1.00261
80.9881,0.484988,0.15174,1.00253
80.9901,0.477032,0.15516,1.00259
80.9921,0.474541,0.14982,1.0025
80.9941,0.46553,0.1605,1.00267
80.9961,0.467533,0.15984,1.00266
80.9981,0.472829,0.1584,1.00264
80.9995,0.474114,0.16434,1.00274
81.0015,0.484568,0.15924,1.00265
81.0041,0.485239,0.15342,1.00256
81.0061,0.47518,0.1512,1.00252
81.0081,0.462143,0.14658,1.00244
81.0101,0.459015,0.14544,1.00242
81.0121,0.448315,0.14826,1.00247
81.0141,0.441767,0.15084,1.00251
81.0155,0.449276,0.14412,1.0024
81.0175,0.438044,0.14394,1.0024
81.0195,0.432264,0.14286,1.00238
81.0215,0.42929,0.13902,1.00232
81.0235,0.419694,0.1305,1.00218
81.0255,0.405994,0.126,1.0021
81.0275,0.39365,0.12018,1.002
81.0295,0.380749,0.11148,1.00186
81.0315,0.354671,0.11154,1.00186
81.0341,0.346084,0.09912,1.00165
81.0361,0.320755,0.09852,1.00164
81.0385,0.30478,0.087,1.00145
81.0405,0.286883,0.08154,1.00136
81.0431,0.264964,0.0762,1.00127
81.0451,0.237716,0.06546,1.00109
81.0469,0.216903,0.05364,1.00089
81.0491,0.193937,0.05016,1.00084
81.0511,0.175775,0.04878,1.00081
81.0531,0.156287,0.04008,1.00067
81.0549,0.142556,0.03666,1.00061
81.0571,0.128605,0.02772,1.00046
81.0591,0.095731,0.02838,1.00047
81.0611,0.090317,0.0171,1.00029
81.0629,0.073824,0.01188,1.0002
81.0651,0.043361,0.00828,1.00014
81.0671,0.024578,0.00642,1.00011
81.0691,0.02844,0.00228,1.00004
81.0709,0.024109,0.00228,0.999944
81.0735,0.024109,0.00228,0.99985
81.0751,0.000726,0.00228,0.999736
81.0771,0.00811,0.00228,0.999625
81.0789,0.00811,0.00228,0.999475
81.0811,0.00811,0.00228,0.999365
81.0831,0.00811,0.00228,0.999165
81.0851,0.003784,0.00228,0.998887
81.0869,0.011714,0.00228,0.998737
81.0885,0.011714,0.00228,0.998454
81.0901,0.011714,0.00228,0.998243
81.0921,0.008654,0.00228,0.998119
81.0941,0.008654,0.00228,0.997688
81.0961,0.012857,0.00228,0.997399
81.0981,0.012857,0.00228,0.997127
81.0995,0.012857,0.00228,0.996767
81.1011,0.012857,0.00228,0.996523
81.1025,0.008104,0.00228,0.996111
81.1051,0.031854,0.00228,0.995858
81.1065,0.031854,0.00228,0.995459
81.1081,0.012937,0.00228,0.995129
81.1095,0.012937,0.00228,0.994772
81.1109,0.000761,0.00228,0.994597
81.1131,0.02596,0.00228,0.994364
81.1145,0.02596,0.00228,0.99398
81.1161,0.004254,0.00228,0.993714
81.1175,0.004254,0.00228,0.993424
81.1189,0.004254,0.00228,0.993371
81.1205,0.031931,0.00228,0.993165
81.1221,0.031931,0.00228,0.99289
81.1235,0.03019,0.00228,0.992762
81.1251,0.03019,0.00228,0.99264
81.1265,0.004484,0.00228,0.992429
81.1291,0.009992,0.00228,0.992341
81.1305,0.009992,0.00228,0.992095
81.1321,0.009992,0.00228,0.992008
81.1335,0.014685,0.00228,0.991727
81.1349,0.014685,0.00228,0.991649
81.1365,0.011583,0.00228,0.991652
81.1381,0.011583,0.00228,0.991481
81.1395,0.011583,0.00228,0.991335
81.1411,0.020851,0.00228,0.991189
81.1429,0.020899,0.00228,0.991099
81.1451,0.020899,0.00228,0.990978
81.1465,0.004363,0.00228,0.990723
81.1481,0.025774,0.00228,0.990659
81.1495,0.025774,0.00228,0.990593
81.1509,0.007382,0.00228,0.990373
81.1525,0.026844,0.00228,0.99035
81.1541,0.026844,0.00228,0.99023
81.1561,0.002788,0.00228,0.990152
81.1585,0.045483,0.00228,0.990102
81.1611,0.045483,0.00228,0.989859
81.1631,0.045483,0.00228,0.989764
81.1651,0.024223,0.00228,0.989659
81.1669,0.024223,0.00228,0.989533
81.1685,0.021733,0.00228,0.98954
81.1701,0.00098,0.00228,0.989453
81.1721,0.00098,0.00228,0.989421
81.1741,0.007568,0.00228,0.989353
81.1761,0.007568,0.00228,0.989273
81.1781,0.038139,0.00228,0.989149
81.1801,0.038139,0.00228,0.989144
81.1821,0.038139,0.00228,0.98918
81.1835,0.061555,0.00228,0.989028
81.1855,0.014924,0.00228,0.988995
81.1871,0.014924,0.00228,0.989007
81.1891,0.014924,0.00228,0.989018
81.191,0.014924,0.00228,0.989036
81.1931,0.021839,0.00228,0.989054
81.1951,0.021767,0.00228,0.988964
81.1971,0.021767,0.00228,0.989102
81.199,0.021767,0.00228,0.989124
81.2005,0.021839,0.00228,0.989148
81.2021,0.014895,0.00228,0.989155
81.2041,0.014895,0.00228,0.98925
81.2061,0.009877,0.00228,0.989277
81.2075,0.00805,0.00228,0.989401
81.2091,0.035373,0.00228,0.989467
81.2111,0.003056,0.00228,0.98953
81.2131,0.005589,0.00228,0.989771
81.215,0.012212,0.00228,0.989873
81.2171,0.033423,0.00228,0.99003
81.2191,0.008523,0.00228,0.990273
81.2211,0.008523,0.00228,0.990456
81.223,0.008523,0.00228,0.990869
81.2251,0.008523,0.00228,0.991108
81.2271,0.020676,0.00228,0.991515
81.2291,0.024751,0.00228,0.991755
81.231,0.00903,0.00228,0.992298
81.2325,0.00903,0.00228,0.992681
81.2341,0.00903,0.00228,0.99294
81.2361,0.01552,0.00228,0.993289
81.2381,0.01552,0.00228,0.993811
81.2395,0.022352,0.00228,0.994194
81.2415,0.021662,0.00228,0.994498
81.2431,0.021662,0.00228,0.994855
81.2451,0.021662,0.00228,0.995293
81.247,0.015838,0.00228,0.995623
81.2485,0.015838,0.00228,0.996057
81.2501,0.014862,0.00228,0.996397
81.2521,0.000867,0.00228,0.996687
81.2541,0.001859,0.00228,0.997159
81.2561,0.016757,0.00228,0.997703
81.2581,0.01025,0.00228,0.998157
81.2601,0.002261,0.00228,0.99857
81.2621,0.002261,0.00228,0.999036
81.2635,0.0034,0.00228,0.999516
81.2655,0.005283,0.00228,0.999803
81.2671,0.005283,0.01674,1.00028
81.2691,0.023677,0.03294,1.00055
81.271,0.056479,0.04866,1.00081
81.2731,0.105274,0.07008,1.00117
81.2751,0.160115,0.0834,1.00139
81.2771,0.207876,0.08856,1.00148
81.279,0.230916,0.09846,1.00164
81.2811,0.269253,0.09366,1.00156
81.2831,0.288502,0.08766,1.00146
81.2851,0.290163,0.081,1.00135
81.287,0.268662,0.08076,1.00135
81.2891,0.263582,0.0882,1.00147
81.2911,0.271372,0.09792,1.00163
81.2931,0.292258,0.1092,1.00182
81.295,0.309139,0.11844,1.00197
81.2971,0.337946,0.12966,1.00216
81.2991,0.350257,0.14136,1.00236
81.3011,0.396439,0.14076,1.00235
81.303,0.411094,0.14526,1.00242
81.3051,0.420993,0.14178,1.00236
81.3071,0.432141,0.13422,1.00224
81.3091,0.421307,0.1314,1.00219
81.311,0.407747,0.12522,1.00209
81.3131,0.401559,0.11742,1.00196
81.3151,0.385212,0.12114,1.00202
81.3171,0.369165,0.12324,1.00205
81.319,0.372944,0.13122,1.00219
81.3211,0.385892,0.132,1.0022
81.3231,0.392874,0.13698,1.00228
81.3256,0.399092,0.13674,1.00228
81.3281,0.406948,0.13602,1.00227
81.3301,0.41621,0.12774,1.00213
81.3321,0.387504,0.12798,1.00213
81.3341,0.388688,0.11832,1.00197
81.3361,0.379323,0.11022,1.00184
81.3381,0.351536,0.11334,1.00189
81.3401,0.347621,0.10824,1.0018
81.3421,0.336346,0.11412,1.0019
81.3441,0.337674,0.11094,1.00185
81.3461,0.328402,0.10536,1.00176
81.3481,0.316859,0.10044,1.00167
81.3501,0.310543,0.10122,1.00169
81.3521,0.311845,0.09444,1.00157
81.3541,0.288184,0.0933,1.00156
81.3561,0.281312,0.08934,1.00149
81.3581,0.279789,0.0777,1.0013
81.3606,0.253027,0.06882,1.00115
81.3631,0.22825,0.06294,1.00105
81.3651,0.200598,0.0561,1.00094
81.367,0.179245,0.05172,1.00086
81.3691,0.161325,0.0462,1.00077
81.3711,0.159732,0.03948,1.00066
81.3731,0.121326,0.03762,1.00063
81.375,0.116561,0.03102,1.00052
81.3771,0.103577,0.02514,1.00042
81.3791,0.090536,0.01368,1.00023
81.3811,0.047467,0.00714,1.00012
81.383,0.025076,0.00714,0.999822
81.3851,0.022489,0.00714,0.999751
81.3871,0.001355,0.00714,0.999645
81.3891,0.001355,0.00714,0.99925
81.391,0.001355,0.00714,0.999159
81.3926,0.001355,0.00714,0.998861
81.3951,0.014327,0.00714,0.998637
81.3971,0.014327,0.00714,0.998223
81.399,0.014327,0.00714,0.997802
81.4011,0.014327,0.00714,0.997356
81.4031,0.014327,0.00714,0.996759
81.4051,0.012424,0.00714,0.996249
81.407,0.012424,0.00714,0.995706
81.4086,0.00516,0.00714,0.995051
81.4101,0.004733,0.00714,0.994588
81.4121,0.004733,0.00714,0.994015
81.4141,0.004733,0.00714,0.993384
81.4161,0.004733,0.00714,0.992731
81.4181,0.008879,0.00714,0.992177
81.4201,0.007288,0.00714,0.99138
81.4221,0.007288,0.00714,0.990779
81.4241,0.007288,0.00714,0.990167
81.4261,0.036011,0.00714,0.989364
81.4286,0.036011,0.00714,0.988776
81.4301,0.036011,0.00714,0.98792
81.4322,0.003962,0.00714,0.987442
81.4342,0.036422,0.00714,0.986759
81.4361,0.036422,0.00714,0.986258
81.4381,0.036422,0.00714,0.985586
81.4402,0.036422,0.00714,0.985123
81.4422,0.005535,0.00714,0.984506
81.4441,0.01345,0.00714,0.983817
81.4462,0.01345,0.00714,0.983256
81.4482,0.01345,0.00714,0.982602
81.4502,0.01345,0.00714,0.981942
81.4522,0.027017,0.00714,0.981288
81.4542,0.027017,0.00714,0.980808
81.4562,0.027017,0.00714,0.980164
81.4582,0.027017,0.00714,0.979656
81.4602,0.02451,0.00714,0.979208
81.4626,0.02451,0.00714,0.978748
81.4652,0.02451,0.00714,0.978168
81.4672,0.02451,0.00714,0.977601
81.4692,0.02451,0.00714,0.977247
81.471,0.011644,0.00714,0.97675
81.4726,0.036075,0.00714,0.976315
81.4742,0.036075,0.00714,0.975907
81.4762,0.016315,0.00714,0.975707
81.4782,0.010861,0.00714,0.97531
81.4802,0.010861,0.00714,0.974919
81.4822,0.010861,0.00714,0.974594
81.4842,0.010861,0.00714,0.974239
81.4862,0.010861,0.00714,0.973945
81.4882,0.008551,0.00714,0.973705
81.4902,0.008551,0.00714,0.973467
81.4922,0.008728,0.00714,0.973134
81.4946,0.008728,0.00714,0.97292
81.4966,0.008728,0.00714,0.972567
81.4982,0.008728,0.00714,0.972335
81.5002,0.008728,0.00714,0.972103
81.5022,0.007877,0.00714,0.971846
81.5042,0.003607,0.00714,0.971618
81.5062,0.003607,0.00714,0.971274
81.5082,0.007878,0.00714,0.971072
81.5102,0.00025,0.00714,0.970834
81.5122,0.004093,0.00714,0.97056
81.5142,0.00172,0.00714,0.970356
81.5162,0.00172,0.00714,0.970176
81.5182,0.004445,0.00714,0.969861
81.5202,0.004445,0.00714,0.969617
81.5222,0.011804,0.00714,0.969377
81.5242,0.003851,0.00714,0.969218
81.5262,0.003851,0.00714,0.969026
81.5282,0.003851,0.00714,0.968821
81.5302,0.003851,0.00714,0.968573
81.5322,0.003851,0.00714,0.968334
81.5342,0.003851,0.00714,0.968076
81.5362,0.003851,0.00714,0.967806
81.5382,0.003851,0.00714,0.967437
81.5402,0.002284,0.00714,0.967118
81.5422,0.002284,0.00714,0.966837
81.5442,0.002284,0.00714,0.966537
81.5462,0.001873,0.00714,0.966234
81.5482,0.002494,0.00714,0.965887
81.5502,0.001607,0.00714,0.965613
81.5522,0.001953,0.00714,0.965202
81.5542,0.001953,0.00714,0.964845
81.5562,0.004379,0.00714,0.964518
81.5582,0.002984,0.00714,0.964298
81.5602,0.002984,0.00714,0.963916
81.5626,0.012502,0.00714,0.963612
81.5642,0.008133,0.00714,0.963224
81.5662,0.011374,0.00714,0.963105
81.5682,0.011374,0.00714,0.962858
81.5702,0.004993,0.00714,0.962635
81.5722,0.004993,0.00714,0.962396
81.5742,0.004993,0.00714,0.96217
81.5762,0.016126,0.00714,0.961989
81.5782,0.020941,0.00714,0.96187
81.5802,0.00949,0.00714,0.961665
81.5822,0.00949,0.00714,0.961547
81.5842,0.010591,0.00714,0.961386
81.5862,0.019662,0.00714,0.961304
81.5882,0.004245,0.00714,0.961208
81.5902,0.000544,0.00714,0.961116
81.5922,0.009939,0.00714,0.960981
81.5942,0.016404,0.00714,0.960954
81.5966,0.003439,0.00714,0.960989
81.5982,0.003441,0.00714,0.960985
81.6002,0.011948,0.00714,0.960921
81.6022,0.011948,0.00714,0.960983
81.6042,0.017162,0.00714,0.960986
81.6062,0.007079,0.00714,0.961102
81.6082,0.007079,0.00714,0.96108
81.6102,0.007079,0.00714,0.961287
81.6122,0.007079,0.00714,0.961347
81.6142,0.01652,0.00714,0.961509
81.6162,0.01652,0.00714,0.961597
81.6182,0.006953,0.00714,0.961749
81.6202,0.006953,0.00714,0.961899
81.6222,0.006953,0.00714,0.962216
81.6242,0.010038,0.00714,0.962398
81.6262,0.011463,0.00714,0.962692
81.6282,0.006808,0.00714,0.963083
81.6306,0.014728,0.00714,0.963349
81.6322,0.009196,0.00714,0.963804
81.6342,0.015647,0.00714,0.964258
81.6362,0.011084,0.00714,0.964708
81.6382,0.010354,0.00714,0.965283
81.6402,0.008234,0.00714,0.965697
81.6422,0.001052,0.00714,0.966242
81.6442,0.008682,0.00714,0.966667
81.6462,0.005199,0.00714,0.967328
81.6482,0.003957,0.00714,0.967941
81.6502,0.004518,0.00714,0.968557
81.6522,0.001366,0.00714,0.96918
81.6542,0.003964,0.00714,0.969809
81.6562,0.006768,0.00714,0.970396
81.6582,0.006768,0.00714,0.971061
81.6602,0.003644,0.00714,0.971744
81.6622,0.01105,0.00714,0.972497
81.6642,0.020468,0.00714,0.973271
81.6666,0.026981,0.00714,0.974187
81.6682,0.017304,0.00714,0.975181
81.6702,0.031429,0.00714,0.97612
81.6722,0.031429,0.00714,0.977161
81.6742,0.031429,0.00714,0.978127
81.6762,0.031429,0.00714,0.979215
81.6782,0.004386,0.00714,0.98039
81.6802,0.003534,0.00714,0.9815
81.6822,0.012321,0.00714,0.982673
81.6842,0.00393,0.00714,0.983972
81.6862,0.00393,0.00714,0.985315
81.6882,0.006694,0.00714,0.986621
81.6902,0.003011,0.00714,0.987883
81.6922,0.05,0.00714,0.989347
81.6942,0.05,0.00714,0.990706
81.6962,0.010453,0.00714,0.992007
81.6982,0.010453,0.00714,0.993444
81.7006,0.01998,0.00714,0.994937
81.7026,0.01998,0.00714,0.99655
81.7046,0.01998,0.00714,0.998148
81.7066,0.01998,0.00714,0.9994
81.7086,0.01628,0.05022,1.00084
81.7106,0.07649,0.14628,1.00244
81.7132,0.286578,0.23334,1.00389
81.7152,0.471675,0.32706,1.00545
81.7172,0.717587,0.37956,1.00633
81.7191,0.900396,0.39636,1.00661
81.7212,1.06,0.387,1.00645
81.7232,1.08986,0.34626,1.00577
81.7252,1.0713,0.28614,1.00477
81.727,0.999865,0.22668,1.00378
81.7292,0.863855,0.17718,1.00295
81.7312,0.750521,0.15264,1.00254
81.7332,0.626415,0.17406,1.0029
81.735,0.56546,0.22716,1.00379
81.7372,0.64799,0.2853,1.00476
81.7392,0.781904,0.35526,1.00592
81.7412,0.902632,0.43368,1.00723
81.743,1.08489,0.49086,1.00818
81.7452,1.27322,0.5,1.00869
81.7472,1.41115,0.5,1.00882
81.7492,1.41895,0.5,1.00869
81.751,1.44256,0.48042,1.00801
81.7532,1.44695,0.42912,1.00715
81.7552,1.37533,0.3756,1.00626
81.7572,1.27568,0.32478,1.00541
81.759,1.16382,0.28776,1.0048
81.7612,1.03181,0.27624,1.0046
81.7632,0.940951,0.29394,1.0049
81.7652,0.880638,0.32514,1.00542
81.767,0.945029,0.34854,1.00581
81.7692,0.973054,0.37914,1.00632
81.7716,1.06431,0.40548,1.00676
81.7736,1.14491,0.41838,1.00697
81.7762,1.20139,0.4128,1.00688
81.7782,1.21539,0.39312,1.00655
81.7802,1.1845,0.3678,1.00613
81.7822,1.145,0.33198,1.00553
81.7836,1.09259,0.2946,1.00491
81.7856,0.998544,0.2766,1.00461
81.7882,0.915856,0.2562,1.00427
81.7902,0.859347,0.25572,1.00426
81.7922,0.805169,0.26748,1.00446
81.7942,0.80169,0.27882,1.00465
81.7962,0.821769,0.2904,1.00484
81.7982,0.828515,0.29772,1.00496
81.7996,0.856598,0.30192,1.00503
81.8016,0.872079,0.29538,1.00492
81.8042,0.874551,0.2802,1.00467
81.8066,0.866648,0.2637,1.0044
81.8086,0.81679,0.23544,1.00392
81.8112,0.750051,0.2127,1.00355
81.8132,0.701603,0.18012,1.003
81.815,0.627369,0.16182,1.0027
81.8172,0.559,0.1482,1.00247
81.8192,0.502357,0.14172,1.00236
81.8212,0.462771,0.14874,1.00248
81.8231,0.453643,0.1509,1.00252
81.8252,0.442376,0.15984,1.00266
81.8272,0.453945,0.159,1.00265
81.8292,0.451505,0.15594,1.0026
81.8311,0.458786,0.1512,1.00252
81.8332,0.444106,0.13416,1.00224
81.8352,0.41185,0.11754,1.00196
81.8372,0.380388,0.0885,1.00148
81.8391,0.335768,0.06006,1.001
81.8416,0.244157,0.0423,1.0007
81.8442,0.172215,0.02028,1.00034
81.8462,0.120262,0.01164,1.00019
81.8482,0.086057,0.00876,1.00015
81.8502,0.05506,0.01086,1.00018
81.8522,0.028561,0.02418,1.0004
81.8542,0.039693,0.02976,1.0005
81.8562,0.060892,0.03156,1.00053
81.8582,0.072893,0.02856,1.00048
81.8602,0.068833,0.01284,1.00021
81.8622,0.045021,0.01284,0.999866
81.8642,0.008806,0.01284,0.999348
81.8662,0.006821,0.01284,0.998902
81.8682,0.009927,0.01284,0.998412
81.8702,0.009927,0.01284,0.997797
81.8722,0.01064,0.01284,0.997315
81.8742,0.01064,0.01284,0.996581
81.8756,0.00762,0.01284,0.995887
81.8776,0.00762,0.01284,0.995282
81.8791,0.00762,0.01284,0.994491
81.8812,0.00762,0.01284,0.994017
81.8826,0.00762,0.01284,0.993043
81.8842,0.00762,0.01284,0.992439
81.8856,0.00762,0.01284,0.991736
81.8871,0.00762,0.01284,0.991095
81.8892,0.00762,0.01284,0.990377
81.8906,0.00762,0.01284,0.9894
81.8922,0.00762,0.01284,0.988727
81.8942,0.00952,0.01284,0.987947
81.8956,0.00952,0.01284,0.986929
81.8982,0.00952,0.01284,0.985969
81.8996,0.00952,0.01284,0.984896
81.9012,0.00952,0.01284,0.984166
81.9031,0.00952,0.01284,0.983281
81.9046,0.00952,0.01284,0.982455
81.9062,0.00952,0.01284,0.981578
81.9076,0.00952,0.01284,0.980764
81.9092,0.00952,0.01284,0.980129
81.9106,0.00952,0.01284,0.979435
81.9132,0.021113,0.01284,0.978806
81.9146,0.021113,0.01284,0.977917
81.9162,0.009029,0.01284,0.977345
81.9176,0.009473,0.01284,0.976952
81.9191,0.009473,0.01284,0.976385
81.9212,0.064797,0.01284,0.976004
81.9226,0.019743,0.01284,0.975434
81.9242,0.017898,0.01284,0.975047
81.9256,0.004723,0.01284,0.974596
81.9271,0.004723,0.01284,0.974264
81.9292,0.004723,0.01284,0.974075
81.9312,0.025557,0.01284,0.97367
81.9336,0.008384,0.01284,0.97337
81.9351,0.008384,0.01284,0.973003
81.9372,0.003868,0.01284,0.972797
81.9392,0.013448,0.01284,0.972523
81.9412,0.005521,0.01284,0.972225
81.9431,0.005521,0.01284,0.971939
81.9452,0.005521,0.01284,0.971693
81.9472,0.007884,0.01284,0.971463
81.9492,0.003478,0.01284,0.971094
81.9511,0.003478,0.01284,0.970907
81.9532,0.007702,0.01284,0.970816
81.9552,0.007702,0.01284,0.970656
81.9572,0.007702,0.01284,0.970518
81.9591,0.000108,0.01284,0.970474
81.9606,0.004578,0.01284,0.970268
81.9622,0.000432,0.01284,0.970312
81.9642,0.007,0.01284,0.970162
81.9666,0.007,0.01284,0.970314
81.9682,0.003481,0.01284,0.970303
81.9702,0.004307,0.01284,0.970415
81.9722,0.00389,0.01284,0.970467
81.9742,0.014857,0.01284,0.970577
81.9762,0.014857,0.01284,0.970654
81.9782,0.014857,0.01284,0.970859
81.9802,0.003324,0.01284,0.970996
81.9822,0.01137,0.01284,0.971279
81.9842,0.016254,0.01284,0.97159
81.9862,0.026989,0.01284,0.971976
81.9882,0.026989,0.01284,0.972231
81.9902,0.005121,0.01284,0.97267
81.9922,0.005121,0.01284,0.973139
81.9942,0.012805,0.01284,0.973674
81.9962,0.027774,0.01284,0.974211
81.9982,0.027127,0.01284,0.974792
82.0007,0.000607,0.01284,0.97542
82.0022,0.006809,0.01284,0.976245
82.0042,0.006797,0.01284,0.976822
82.0062,0.006797,0.01284,0.977444
82.0082,0.00058,0.01284,0.978226
82.0102,0.00058,0.01284,0.978874
82.0122,0.006614,0.01284,0.979756
82.0142,0.034659,0.01284,0.980604
82.0157,0.000101,0.01284,0.981624
82.0172,0.008301,0.01284,0.982245
82.0192,0.024302,0.01284,0.983056
82.0212,0.032829,0.01284,0.984024
82.0231,0.004842,0.01284,0.985089
82.0252,0.004842,0.01284,0.98594
82.0272,0.012369,0.01284,0.987296
82.0292,0.012369,0.01284,0.988459
82.0311,0.01611,0.01284,0.989658
82.0327,0.01611,0.01284,0.990785
82.0347,0.019251,0.01284,0.991883
82.0362,0.019251,0.01284,0.993223
82.0382,0.008862,0.01284,0.994129
82.0397,0.008862,0.01284,0.995459
82.0412,0.008862,0.01284,0.996397
82.0432,0.008862,0.01284,0.99734
82.0452,0.001898,0.01284,0.998638
82.0471,0.001898,0.01284,0.999754
82.0492,0.001898,0.04446,1.00074
82.0512,0.05322,0.11928,1.00199
82.0532,0.186082,0.18228,1.00304
82.0551,0.354893,0.23298,1.00388
82.0573,0.523686,0.25872,1.00431
82.0592,0.651235,0.25896,1.00432
82.0613,0.723416,0.25002,1.00417
82.0631,0.731692,0.22626,1.00377
82.0653,0.71173,0.19878,1.00331
82.0677,0.659854,0.17436,1.00291
82.0697,0.625923,0.15144,1.00252
82.0717,0.557503,0.14916,1.00249
82.0737,0.523206,0.1683,1.00281
82.0757,0.514955,0.21048,1.00351
82.0777,0.570995,0.24942,1.00416
82.0797,0.655506,0.2928,1.00488
82.0817,0.756725,0.3258,1.00543
82.0837,0.869082,0.34362,1.00573
82.0857,0.94819,0.34536,1.00576
82.0877,0.996951,0.34014,1.00567
82.0897,1.00502,0.32538,1.00542
82.0917,0.98688,0.30894,1.00515
82.0937,0.975359,0.28866,1.00481
82.0957,0.944517,0.27594,1.0046
82.0977,0.893304,0.26424,1.0044
82.0997,0.849764,0.26982,1.0045
82.1022,0.832471,0.27774,1.00463
82.1043,0.82965,0.29808,1.00497
82.1063,0.864276,0.31254,1.00521
82.1083,0.896287,0.31668,1.00528
82.1103,0.914211,0.32154,1.00536
82.1123,0.948762,0.31686,1.00528
82.1143,0.949815,0.31188,1.0052
82.1163,0.947409,0.2904,1.00484
82.1183,0.910576,0.27378,1.00456
82.1203,0.870995,0.26598,1.00443
82.1223,0.823974,0.25344,1.00422
82.1243,0.801129,0.2526,1.00421
82.1263,0.783409,0.25002,1.00417
82.1283,0.772275,0.25566,1.00426
82.1303,0.765989,0.26346,1.00439
82.1323,0.775591,0.26796,1.00447
82.1343,0.783531,0.26916,1.00449
82.1363,0.788325,0.26778,1.00446
82.1387,0.809675,0.261,1.00435
82.1407,0.795003,0.2523,1.00421
82.1427,0.783808,0.24096,1.00402
82.1447,0.746149,0.23172,1.00386
82.1467,0.732622,0.23592,1.00393
82.1487,0.720119,0.22302,1.00372
82.1507,0.699186,0.21864,1.00364
82.1533,0.677899,0.22404,1.00373
82.1553,0.672963,0.22608,1.00377
82.1573,0.682472,0.22728,1.00379
82.1591,0.674585,0.23262,1.00388
82.1613,0.699162,0.22908,1.00382
82.1633,0.685073,0.22038,1.00367
82.1653,0.66632,0.21942,1.00366
82.1671,0.664848,0.21108,1.00352
82.1693,0.645035,0.19842,1.00331
82.1713,0.620293,0.192,1.0032
82.1737,0.595794,0.18192,1.00303
82.1757,0.580062,0.17202,1.00287
82.1777,0.544108,0.17088,1.00285
82.1797,0.52741,0.17328,1.00289
82.1817,0.532311,0.1737,1.0029
82.1837,0.527017,0.17268,1.00288
82.1863,0.515007,0.17034,1.00284
82.1883,0.513925,0.16176,1.0027
82.1903,0.497783,0.1551,1.00259
82.1923,0.48251,0.14994,1.0025
82.1943,0.467129,0.13938,1.00232
82.1963,0.437717,0.12726,1.00212
82.1983,0.405108,0.1224,1.00204
82.2003,0.380693,0.10836,1.00181
82.2023,0.352308,0.09924,1.00165
82.2043,0.32403,0.08844,1.00147
82.2063,0.291159,0.08484,1.00141
82.2087,0.272643,0.0798,1.00133
82.2113,0.253867,0.07956,1.00133
82.2133,0.241694,0.06648,1.00111
82.2151,0.221351,0.06408,1.00107
82.2173,0.200466,0.05784,1.00096
82.2193,0.184326,0.0558,1.00093
82.2213,0.177416,0.0483,1.00081
82.2231,0.161082,0.03966,1.00066
82.2253,0.127839,0.02922,1.00049
82.2273,0.114069,0.0264,1.00044
82.2293,0.100607,0.01152,1.00019
82.2311,0.058278,0.0042,1.00007
82.2333,0.032151,0.0042,0.999988
82.2353,0.023982,0.0042,0.999831
82.2373,0.023982,0.0042,0.99971
82.2391,0.023982,0.0042,0.999756
82.2407,0.010967,0.0042,0.999618
82.2427,0.010967,0.0042,0.999591
82.2443,0.001101,0.0042,0.999333
82.2463,0.001101,0.0042,0.999198
82.2483,0.001101,0.0042,0.999025
82.2503,0.001101,0.0042,0.998741
82.2523,0.001101,0.0042,0.998333
82.2543,0.001101,0.0042,0.997894
82.2563,0.001101,0.0042,0.997472
82.2583,0.001101,0.0042,0.996969
82.2603,0.014307,0.0042,0.996578
82.2623,0.014307,0.0042,0.996015
82.2643,0.014307,0.0042,0.995411
82.2663,0.017206,0.0042,0.994908
82.2683,0.00152,0.0042,0.994455
82.2703,0.00152,0.0042,0.993828
82.2723,0.005959,0.0042,0.993347
82.2743,0.02302,0.0042,0.992889
82.2767,0.038154,0.0042,0.992359
82.2783,0.038154,0.0042,0.991795
82.2803,0.005342,0.0042,0.991562
82.2823,0.005342,0.0042,0.991245
82.2843,0.005342,0.0042,0.990837
82.2863,0.005342,0.0042,0.990483
82.2883,0.005342,0.0042,0.990119
82.2903,0.000765,0.0042,0.989774
82.2923,0.005369,0.0042,0.98945
82.2943,0.028685,0.0042,0.989181
82.2963,0.028685,0.0042,0.988878
82.2983,0.022191,0.0042,0.988534
82.3003,0.036292,0.0042,0.988278
82.3023,0.036292,0.0042,0.98813
82.3043,0.017349,0.0042,0.987752
82.3063,0.021997,0.0042,0.987623
82.3083,0.021997,0.0042,0.987398
82.3107,0.011162,0.0042,0.987222
82.3133,0.011162,0.0042,0.987086
82.3153,0.011162,0.0042,0.986885
82.3173,0.011162,0.0042,0.986733
82.3191,0.005197,0.0042,0.986484
82.3207,0.005197,0.0042,0.98639
82.3223,0.003906,0.0042,0.9863
82.3243,0.003906,0.0042,0.986043
82.3263,0.003906,0.0042,0.98603
82.3283,0.009661,0.0042,0.985805
82.3303,0.021945,0.0042,0.985641
82.3323,0.021945,0.0042,0.985468
82.3343,0.021945,0.0042,0.985196
82.3363,0.021945,0.0042,0.985051
82.3383,0.021945,0.0042,0.98478
82.3403,0.021945,0.0042,0.984666
82.3427,0.012922,0.0042,0.984377
82.3453,0.012922,0.0042,0.984118
82.3473,0.012922,0.0042,0.983814
82.3493,0.012922,0.0042,0.98364
82.3511,0.012922,0.0042,0.98336
82.3527,0.036919,0.0042,0.983171
82.3543,0.036919,0.0042,0.982948
82.3563,0.004634,0.0042,0.982841
82.3583,0.004634,0.0042,0.982586
82.3603,0.024502,0.0042,0.982401
82.3623,0.00106,0.0042,0.982238
82.3643,0.016327,0.0042,0.982033
82.3663,0.016327,0.0042,0.981996
82.3683,0.01245,0.0042,0.981828
82.3703,0.003848,0.0042,0.981756
82.3723,0.004988,0.0042,0.981649
82.3743,0.004988,0.0042,0.981682
82.3767,0.012445,0.0042,0.981666
82.3783,0.035904,0.0042,0.981618
82.3803,0.035904,0.0042,0.981703
82.3823,0.005154,0.0042,0.981639
82.3843,0.024402,0.0042,0.981728
82.3863,0.024954,0.0042,0.981831
82.3883,0.02868,0.0042,0.98192
82.3903,0.02868,0.0042,0.982019
82.3923,0.036912,0.0042,0.982111
82.3943,0.005008,0.0042,0.982302
82.3963,0.036814,0.0042,0.982542
82.3983,0.036814,0.0042,0.982819
82.4003,0.041228,0.0042,0.983124
82.4023,0.024761,0.0042,0.9834
82.4043,0.053653,0.0042,0.983699
82.4063,0.012537,0.0042,0.984123
82.4083,0.021104,0.0042,0.984721
82.4103,0.021104,0.0042,0.985261
82.4127,0.013195,0.0042,0.985871
82.4143,0.020759,0.0042,0.986705
82.4163,0.023205,0.0042,0.987277
82.4183,0.023205,0.0042,0.987904
82.4203,0.035765,0.0042,0.988697
82.4223,0.035765,0.0042,0.989426
82.4243,0.016584,0.0042,0.990251
82.4263,0.010127,0.0042,0.99093
82.4283,0.036471,0.0042,0.99162
82.4303,0.036471,0.0042,0.992488
82.4323,0.023211,0.0042,0.993354
82.4343,0.021497,0.0042,0.994056
82.4363,0.021497,0.0042,0.995003
82.4383,0.021497,0.0042,0.995602
82.4403,0.021497,0.0042,0.996582
82.4423,0.021497,0.0042,0.997425
82.4443,0.021497,0.0042,0.99807
82.4467,0.000961,0.0042,0.998837
82.4483,0.002301,0.0042,0.999832
82.4503,0.002301,0.02196,1.00037
82.4523,0.025957,0.07668,1.00128
82.4543,0.123423,0.11352,1.00189
82.4573,0.262357,0.14904,1.00248
82.4593,0.341679,0.1875,1.00313
82.4613,0.452882,0.19074,1.00318
82.4631,0.518284,0.1875,1.00313
82.4653,0.545045,0.1725,1.00287
82.4673,0.545046,0.15726,1.00262
82.4693,0.529408,0.14196,1.00237
82.4711,0.491889,0.13716,1.00229
82.4733,0.47015,0.144,1.0024
82.4753,0.466492,0.1671,1.00279
82.4773,0.485296,0.1908,1.00318
82.4791,0.535053,0.22392,1.00373
82.4813,0.609665,0.2457,1.00409
82.4837,0.679835,0.2724,1.00454
82.4857,0.746164,0.28554,1.00476
82.4877,0.809268,0.2865,1.00477
82.4903,0.843959,0.28494,1.00475
82.4923,0.844443,0.2706,1.00451
82.4943,0.841628,0.25782,1.0043
82.4963,0.822534,0.2406,1.00401
82.4983,0.780395,0.23922,1.00399
82.5003,0.759994,0.24768,1.00413
82.5023,0.758853,0.26358,1.00439
82.5043,0.779239,0.28266,1.00471
82.5063,0.817967,0.29502,1.00492
82.5083,0.852427,0.31416,1.00524
82.5103,0.89831,0.32556,1.00543
82.5123,0.939425,0.336,1.0056
82.5143,0.976305,0.3297,1.0055
82.5163,0.983243,0.33156,1.00553
82.5187,0.995404,0.31872,1.00531
82.5207,0.972313,0.30732,1.00512
82.5227,0.960467,0.30204,1.00503
82.5247,0.943149,0.29754,1.00496
82.5267,0.917642,0.2988,1.00498
82.5287,0.918001,0.30846,1.00514
82.5307,0.92125,0.31362,1.00523
82.5327,0.931312,0.32562,1.00543
82.5347,0.951276,0.33636,1.00561
82.5367,0.980111,0.34254,1.00571
82.5387,1.01552,0.34578,1.00576
82.5407,1.02622,0.34026,1.00567
82.5427,1.02177,0.32856,1.00548
82.5447,1.0141,0.32352,1.00539
82.5467,1.00299,0.3129,1.00522
82.5487,0.970213,0.31386,1.00523
82.5507,0.957639,0.30594,1.0051
82.5533,0.940237,0.30486,1.00508
82.5553,0.928594,0.3021,1.00504
82.5573,0.909815,0.30576,1.0051
82.5592,0.910603,0.30414,1.00507
82.5613,0.912711,0.30456,1.00508
82.5633,0.912615,0.29982,1.005
82.5653,0.905027,0.29472,1.00491
82.5672,0.888579,0.28188,1.0047
82.5693,0.872958,0.27006,1.0045
82.5713,0.83731,0.25812,1.0043
82.5733,0.808302,0.2481,1.00414
82.5752,0.780966,0.23976,1.004
82.5773,0.742234,0.23748,1.00396
82.5793,0.731368,0.22662,1.00378
82.5813,0.696662,0.22122,1.00369
82.5832,0.684096,0.21696,1.00362
82.5853,0.671933,0.20178,1.00336
82.5877,0.634308,0.19416,1.00324
82.5897,0.600587,0.18348,1.00306
82.5917,0.568668,0.1674,1.00279
82.5937,0.536424,0.16362,1.00273
82.5957,0.507795,0.15762,1.00263
82.5977,0.493013,0.1386,1.00231
82.5998,0.451417,0.13818,1.0023
82.6023,0.430813,0.12816,1.00214
82.6043,0.395954,0.1185,1.00198
82.6063,0.37658,0.11064,1.00184
82.6083,0.349352,0.10062,1.00168
82.6103,0.325473,0.09846,1.00164
82.6123,0.30375,0.0828,1.00138
82.6143,0.281323,0.07926,1.00132
82.6163,0.249355,0.06042,1.00101
82.6183,0.212305,0.0606,1.00101
82.6203,0.179313,0.05076,1.00085
82.6223,0.175794,0.04158,1.00069
82.6247,0.13488,0.03252,1.00054
82.6268,0.109966,0.0132,1.00022
82.6288,0.083385,0.00024,1
82.6307,0.013979,0.00024,0.999734
82.6327,0.005588,0.00024,0.999568
82.6343,0.005588,0.00024,0.999394
82.6363,0.00937,0.00024,0.99927
82.6383,0.00937,0.00024,0.99891
82.6403,0.004569,0.00024,0.998664
82.6423,0.004569,0.00024,0.998234
82.6443,0.004569,0.00024,0.997808
82.6463,0.004569,0.00024,0.997374
82.6483,0.008746,0.00024,0.996742
82.6503,0.008746,0.00024,0.996111
82.6518,0.008746,0.00024,0.995375
82.6533,0.008746,0.00024,0.994756
82.6552,0.008746,0.00024,0.994201
82.6568,0.041112,0.00024,0.993388
82.6583,0.00734,0.00024,0.992732
82.6598,0.00734,0.00024,0.992146
82.6613,0.00734,0.00024,0.991501
82.6627,0.002607,0.00024,0.99085
82.6653,0.002607,0.00024,0.990282
82.6668,0.002607,0.00024,0.989104
82.6683,0.002607,0.00024,0.988419
82.6698,0.012825,0.00024,0.987787
82.6712,0.003779,0.00024,0.986998
82.6728,0.003779,0.00024,0.986329
82.6743,0.005051,0.00024,0.985662
82.6758,0.005051,0.00024,0.984939
82.6773,0.020477,0.00024,0.984177
82.6788,0.020477,0.00024,0.983498
82.6803,0.024137,0.00024,0.982811
82.6828,0.004715,0.00024,0.981982
82.6843,0.004715,0.00024,0.980664
82.6863,0.017042,0.00024,0.979858
82.6883,0.017042,0.00024,0.978823
82.6898,0.017042,0.00024,0.977821
82.6913,0.009043,0.00024,0.976948
82.6933,0.009043,0.00024,0.976039
82.6948,0.01004,0.00024,0.97509
82.6963,0.01004,0.00024,0.97432
82.6983,0.002712,0.00024,0.973473
82.7003,0.002712,0.00024,0.972494
82.7023,0.003565,0.00024,0.971412
82.7043,0.006631,0.00024,0.970466
82.7063,0.011878,0.00024,0.969441
82.7083,0.000534,0.00024,0.968465
82.7103,0.00454,0.00024,0.96749
82.7123,0.00454,0.00024,0.966522
82.7148,0.00454,0.00024,0.96548
82.7163,0.000295,0.00024,0.964522
82.7183,0.011547,0.00024,0.963745
82.7203,0.013283,0.00024,0.962818
82.7223,0.013848,0.00024,0.96211
82.7243,0.020094,0.00024,0.96124
82.7263,6.9e-05,0.00024,0.960524
82.7283,0.011092,0.00024,0.959836
82.7303,0.049669,0.00024,0.959111
82.7323,0.016369,0.00024,0.958383
82.7343,0.016369,0.00024,0.957768
82.7363,0.02312,0.00024,0.957009
82.7383,0.024048,0.00024,0.956521
82.7403,0.020149,0.00024,0.95582
82.7423,0.020149,0.00024,0.955174
82.7443,0.014171,0.00024,0.954698
82.7463,0.001538,0.00024,0.954048
82.7488,0.00596,0.00024,0.953489
82.7503,0.001132,0.00024,0.952924
82.7524,0.001132,0.00024,0.952436
82.7544,0.003702,0.00024,0.951775
82.7564,0.003702,0.00024,0.951238
82.7583,0.028177,0.00024,0.950594
82.7603,0.028177,0.00024,0.95012
82.7623,0.028177,0.00024,0.949578
82.7644,0.028177,0.00024,0.94917
82.7664,0.028177,0.00024,0.948479
82.7683,0.028177,0.00024,0.947966
82.7704,0.028177,0.00024,0.947427
82.7724,0.028177,0.00024,0.946952
82.7744,0.028177,0.00024,0.946261
82.7763,0.028177,0.00024,0.945666
82.7784,0.010894,0.00024,0.945139
82.7804,0.010894,0.00024,0.944627
82.7828,0.010894,0.00024,0.944122
82.7844,0.007472,0.00024,0.943609
82.7864,0.007472,0.00024,0.943146
82.7884,0.007472,0.00024,0.942708
82.7904,0.009707,0.00024,0.942346
82.7924,0.009707,0.00024,0.941794
82.7944,0.004445,0.00024,0.94133
82.7964,0.000122,0.00024,0.940815
82.7984,0.000122,0.00024,0.940355
82.8004,0.010977,0.00024,0.939835
82.8024,0.00194,0.00024,0.939225
82.8044,0.007143,0.00024,0.938684
82.8064,0.007143,0.00024,0.938189
82.8084,0.018806,0.00024,0.93777
82.8104,0.004094,0.00024,0.937248
82.8124,0.004094,0.00024,0.936919
82.8148,0.005076,0.00024,0.936541
82.8164,0.005076,0.00024,0.936093
82.8184,0.004657,0.00024,0.935762
82.8204,0.004657,0.00024,0.935375
82.8224,0.004657,0.00024,0.93505
82.8244,0.011017,0.00024,0.934523
82.8264,0.011017,0.00024,0.93424
82.8284,0.011017,0.00024,0.93385
82.8304,0.000731,0.00024,0.93338
82.8324,0.000731,0.00024,0.932926
82.8344,0.001682,0.00024,0.932619
82.8364,0.001682,0.00024,0.932235
82.8384,0.001682,0.00024,0.93187
82.8404,0.003695,0.00024,0.931479
82.8424,0.003695,0.00024,0.931143
82.8444,0.003695,0.00024,0.930721
82.8464,0.002419,0.00024,0.930366
82.8484,0.002419,0.00024,0.929886
82.8504,0.002419,0.00024,0.929496
82.8524,0.002419,0.00024,0.929011
82.8544,0.001062,0.00024,0.928528
82.8558,0.010395,0.00024,0.927912
82.8574,0.010395,0.00024,0.927495
82.8594,0.016351,0.00024,0.927045
82.8614,0.016351,0.00024,0.926467
82.8632,0.016351,0.00024,0.925906
82.8644,0.014659,0.00024,0.925138
82.8664,0.014659,0.00024,0.924945
82.8684,0.008304,0.00024,0.924248
82.8704,0.008782,0.00024,0.923655
82.8718,0.008782,0.00024,0.922969
82.8734,0.013874,0.00024,0.922562
82.8754,0.013874,0.00024,0.92209
82.8774,0.019111,0.00024,0.921519
82.8798,0.031087,0.00024,0.920956
82.8814,0.025911,0.00024,0.920297
82.8834,0.009597,0.00024,0.919861
82.8854,0.006809,0.00024,0.919398
82.8872,0.006809,0.00024,0.918994
82.8894,0.023127,0.00024,0.918469
82.8914,0.004828,0.00024,0.917928
82.8934,0.030641,0.00024,0.917575
82.8952,0.030641,0.00024,0.917213
82.8968,0.026766,0.00024,0.916891
82.8984,0.026766,0.00024,0.91642
82.9004,0.003202,0.00024,0.916157
82.9024,0.003202,0.00024,0.915709
82.9038,0.003202,0.00024,0.915253
82.9054,0.018994,0.00024,0.915082
82.9074,0.018994,0.00024,0.914738
82.9094,0.00367,0.00024,0.914358
82.9118,0.029296,0.00024,0.914008
82.9134,0.028494,0.00024,0.913753
82.9154,0.028494,0.00024,0.91357
82.9174,0.028494,0.00024,0.913299
82.9192,0.048816,0.00024,0.913106
82.9214,0.048816,0.00024,0.912955
82.9234,0.003244,0.00024,0.912571
82.9254,0.004618,0.00024,0.912448
82.9272,0.004618,0.00024,0.912173
82.9288,0.03665,0.00024,0.911985
82.9304,0.068671,0.00024,0.911858
82.9324,0.068671,0.00024,0.91169
82.9344,0.068671,0.00024,0.91162
82.9364,0.012148,0.00024,0.911428
82.9384,0.028232,0.00024,0.911429
82.9404,0.028232,0.00024,0.911278
82.9424,0.028232,0.00024,0.911216
82.9444,0.040487,0.00024,0.911108
82.9464,0.040487,0.00024,0.911275
82.9484,0.00849,0.00024,0.911182
82.9494,0.00849,0.00024,0.911231
82.9512,0.00849,0.00024,0.911271
82.9528,0.016409,0.00024,0.911341
82.9544,0.016465,0.00024,0.911364
82.9564,0.016465,0.00024,0.911416
82.9584,0.004435,0.00024,0.911566
82.9604,0.008435,0.00024,0.911558
82.9624,0.016522,0.00024,0.911664
82.9644,0.016522,0.00024,0.911776
82.9664,0.004302,0.00024,0.911835
82.9684,0.020784,0.00024,0.91195
82.9704,0.048891,0.00024,0.912283
82.9724,0.048891,0.00024,0.912498
82.9744,0.048891,0.00024,0.912634
82.9764,0.007801,0.00024,0.912901
82.9784,0.001146,0.00024,0.913138
82.9804,0.040818,0.00024,0.913498
82.9824,0.040818,0.00024,0.913913
82.9844,0.028336,0.00024,0.914273
82.9864,0.042251,0.00024,0.914688
82.9884,0.034023,0.00024,0.915144
82.9904,0.034023,0.00024,0.915595
82.9924,0.029135,0.00024,0.916208
82.9944,0.017014,0.00024,0.916649
82.9964,0.009997,0.00024,0.91728
82.9984,0.009997,0.00024,0.917908
83.0004,0.00156,0.00024,0.918518
83.0024,0.00156,0.00024,0.919212
83.0044,0.02891,0.00024,0.920032
83.0064,0.027848,0.00024,0.920846
83.0084,0.009324,0.00024,0.921741
83.0108,0.012898,0.00024,0.922703
83.0124,0.023192,0.00024,0.924115
83.0144,0.019072,0.00024,0.924902
83.0164,0.008552,0.00024,0.926141
83.0184,0.010035,0.00024,0.927309
83.0204,0.02168,0.00024,0.928619
83.0224,0.008177,0.00024,0.929913
83.0244,0.014854,0.00024,0.931344
83.0264,0.004383,0.00024,0.932787
83.0284,0.0088,0.00024,0.93431
83.0304,0.015728,0.00024,0.935957
83.0324,0.000286,0.00024,0.937619
83.0344,0.000286,0.00024,0.939362
83.0364,0.000286,0.00024,0.941123
83.0384,0.018388,0.00024,0.942877
83.0404,0.018388,0.00024,0.944884
83.0424,0.018388,0.00024,0.94666
83.0444,0.00995,0.00024,0.948719
83.0468,0.015749,0.00024,0.950799
83.0494,0.022548,0.00024,0.953429
83.0514,0.01406,0.00024,0.956187
83.0534,0.011813,0.00024,0.958457
83.0552,0.011813,0.00024,0.960745
83.0564,0.011813,0.00024,0.962876
83.0584,0.003469,0.00024,0.964101
83.0604,0.000983,0.00024,0.966456
83.0624,0.000983,0.00024,0.968685
83.0644,0.015184,0.00024,0.971002
83.0664,0.021255,0.00024,0.973384
83.0684,0.009115,0.00024,0.975827
83.0704,0.009741,0.00024,0.978107
83.0724,0.012047,0.00024,0.980631
83.0744,0.018482,0.00024,0.983113
83.0764,0.018482,0.00024,0.985658
83.0784,0.006204,0.00024,0.988257
83.0808,0.00632,0.00024,0.991017
83.0824,0.012762,0.00024,0.994535
83.0844,0.012762,0.00024,0.996732
83.0864,0.014221,0.00024,0.999677
83.0884,0.014221,0.15252,1.00254
83.0904,0.219113,0.3504,1.00584
83.0924,0.607075,0.5,1.00864
83.0944,1.02778,0.5,1.01098
83.0964,1.25635,0.5,1.012
83.0984,1.34568,0.5,1.01224
83.1004,1.37881,0.5,1.01164
83.1024,1.45056,0.5,1.0107
83.1044,1.48075,0.5,1.00944
83.1064,1.49737,0.49068,1.00818
83.1084,1.50146,0.41868,1.00698
83.1104,1.41309,0.36054,1.00601
83.1124,1.30969,0.31116,1.00519
83.1144,1.17114,0.297,1.00495
83.1168,1.01861,0.32838,1.00547
83.1188,1.00311,0.40962,1.00683
83.1204,1.13997,0.5,1.00834
83.1224,1.33887,0.5,1.00965
83.1244,1.4124,0.5,1.01119
83.1264,1.42582,0.5,1.01222
83.1284,1.46372,0.5,1.01291
83.1304,1.48756,0.5,1.01346
83.1324,1.51887,0.5,1.01396
83.1344,1.49106,0.5,1.01457
83.1364,1.49676,0.5,1.01488
83.1384,1.50516,0.5,1.01516
83.1404,1.49976,0.5,1.01553
83.1424,1.52503,0.5,1.01603
83.1444,1.52501,0.5,1.01646
83.1464,1.50065,0.5,1.017
83.1484,1.48538,0.5,1.01748
83.1508,1.4762,0.5,1.01787
83.1524,1.52235,0.5,1.01858
83.1544,1.51921,0.5,1.01892
83.1564,1.49755,0.5,1.01928
83.1584,1.46782,0.5,1.01966
83.1604,1.4654,0.5,1.01983
83.1624,1.47938,0.5,1.02006
83.1644,1.45903,0.5,1.02017
83.1664,1.47217,0.5,1.02035
83.1684,1.47759,0.5,1.0204
83.1704,1.52522,0.5,1.02043
83.1724,1.51138,0.5,1.02043
83.1744,1.47019,0.5,1.02056
83.1764,1.465,0.5,1.02064
83.1784,1.50982,0.5,1.02062
83.1804,1.51693,0.5,1.02068
83.1824,1.44574,0.5,1.02065
83.1844,1.48588,0.5,1.02065
83.1864,1.48007,0.5,1.02069
83.1884,1.49797,0.5,1.02059
83.1904,1.50443,0.5,1.02057
83.1924,1.46915,0.5,1.0205
83.1944,1.49967,0.5,1.02042
83.1964,1.50874,0.5,1.02034
83.1984,1.46026,0.5,1.0202
83.2004,1.44795,0.5,1.02018
83.2024,1.51026,0.5,1.02004
83.2044,1.47492,0.5,1.01992
83.2064,1.51117,0.5,1.01979
83.2084,1.52596,0.5,1.01963
83.2104,1.48781,0.5,1.01957
83.2124,1.48693,0.5,1.0194
83.2144,1.51067,0.5,1.01924
83.2164,1.51839,0.5,1.01914
83.2184,1.50922,0.5,1.01907
83.2204,1.48887,0.5,1.01884
83.2224,1.46894,0.5,1.01872
83.2244,1.5336,0.5,1.01856
83.2264,1.50589,0.5,1.01839
83.2284,1.43048,0.5,1.01822
83.2304,1.5118,0.5,1.01816
83.2324,1.51721,0.5,1.01801
83.2344,1.49043,0.5,1.01789
83.2364,1.51665,0.5,1.0177
83.2384,1.47801,0.5,1.01761
83.2404,1.50313,0.5,1.01749
83.2424,1.52026,0.5,1.01739
83.2444,1.47192,0.5,1.01721
83.2464,1.50344,0.5,1.01702
83.2484,1.50568,0.5,1.01688
83.2504,1.50622,0.5,1.01672
83.2524,1.52886,0.5,1.01652
83.2548,1.50852,0.5,1.01651
83.2568,1.51598,0.5,1.0161
83.2588,1.48454,0.5,1.01594
83.2608,1.50228,0.5,1.01572
83.2628,1.51467,0.5,1.01541
83.2648,1.46653,0.5,1.01509
83.2668,1.50054,0.5,1.01487
83.2688,1.48035,0.5,1.01451
83.2708,1.50618,0.5,1.0141
83.2728,1.50563,0.5,1.0137
83.2748,1.44307,0.5,1.01342
83.2768,1.49217,0.5,1.01303
83.2788,1.50176,0.5,1.01256
83.2808,1.50326,0.5,1.01221
83.2828,1.52061,0.5,1.01182
83.2848,1.50863,0.5,1.01143
83.2868,1.50479,0.5,1.01094
83.2894,1.50848,0.5,1.01057
83.2914,1.47504,0.5,1.00998
83.2934,1.52345,0.5,1.00942
83.2953,1.49809,0.5,1.00892
83.2974,1.49346,0.49974,1.00833
83.2994,1.49243,0.4635,1.00773
83.3014,1.44628,0.42,1.007
83.3033,1.34251,0.38094,1.00635
83.3054,1.242,0.34518,1.00575
83.3074,1.13966,0.32124,1.00535
83.3094,1.0486,0.29934,1.00499
83.3113,0.969503,0.2955,1.00493
83.3134,0.919705,0.28752,1.00479
83.3154,0.892045,0.28722,1.00479
83.3174,0.860904,0.28854,1.00481
83.3193,0.870604,0.28362,1.00473
83.3214,0.847391,0.27762,1.00463
83.3238,0.837239,0.2616,1.00436
83.3258,0.811826,0.243,1.00405
83.3279,0.757103,0.22368,1.00373
83.3298,0.717958,0.20442,1.00341
83.3318,0.671911,0.18882,1.00315
83.3338,0.618692,0.18126,1.00302
83.3359,0.572987,0.1824,1.00304
83.3384,0.559092,0.1788,1.00298
83.3404,0.550128,0.17934,1.00299
83.3424,0.541983,0.18318,1.00305
83.3444,0.542458,0.19248,1.00321
83.3464,0.556308,0.1881,1.00314
83.3484,0.567095,0.177,1.00295
83.3504,0.544496,0.1713,1.00286
83.3524,0.51913,0.1623,1.00271
83.3544,0.507581,0.15228,1.00254
83.3564,0.487734,0.14136,1.00236
83.3584,0.450724,0.13638,1.00227
83.3604,0.43515,0.1266,1.00211
83.3624,0.406817,0.11724,1.00195
83.3644,0.376874,0.12012,1.002
83.3664,0.366889,0.11658,1.00194
83.3684,0.361501,0.11358,1.00189
83.3704,0.343057,0.12084,1.00201
83.3724,0.351032,0.12258,1.00204
83.3744,0.362208,0.11616,1.00194
83.3764,0.3537,0.1068,1.00178
83.3784,0.32977,0.10578,1.00176
83.3804,0.325676,0.09666,1.00161
83.3824,0.305645,0.0798,1.00133
83.3844,0.275684,0.0708,1.00118
83.3864,0.246994,0.06474,1.00108
83.3884,0.212397,0.05874,1.00098
83.3904,0.196003,0.05796,1.00097
83.3924,0.193716,0.05436,1.00091
83.3949,0.170481,0.05316,1.00089
83.3969,0.158845,0.04452,1.00074
83.3989,0.15191,0.05058,1.00084
83.4009,0.147281,0.05406,1.0009
83.4029,0.142408,0.05028,1.00084
83.4049,0.161783,0.04782,1.0008
83.4069,0.13983,0.0351,1.00059
83.4089,0.117279,0.02952,1.00049
83.4109,0.112518,0.0213,1.00036
83.4129,0.076619,0.01092,1.00018
83.4149,0.05381,0.0012,1.00002
83.4169,0.04055,0.0012,0.999952
83.4189,0.018861,0.0012,0.999877
83.4204,0.007379,0.0012,0.99988
83.4224,0.011632,0.0012,0.999836
83.4244,0.012523,0.0012,0.999863
83.4264,0.012523,0.0012,0.99991
83.4289,0.012523,0.0012,0.999811
83.4304,0.007913,0.0012,0.999826
83.4324,0.009004,0.0012,0.999776
83.4344,0.009004,0.0012,0.999679
83.4364,0.009004,0.0012,0.999535
83.4384,0.009004,0.0012,0.999467
83.4404,0.013598,0.0012,0.999321
83.4424,0.013598,0.0012,0.999195
83.4444,0.013598,0.0012,0.998921
83.4464,0.00557,0.0012,0.998736
83.4484,0.005855,0.0012,0.998605
83.4504,0.005855,0.0012,0.99834
83.4524,0.005855,0.0012,0.998077
83.4544,0.00993,0.0012,0.997907
83.4564,0.011327,0.0012,0.997718
83.4585,0.001116,0.0012,0.997346
83.4605,0.001116,0.0012,0.997168
83.4629,0.009673,0.0012,0.996687
83.4645,0.000143,0.0012,0.996383
83.4665,0.000143,0.0012,0.996083
83.4685,0.001536,0.0012,0.995738
83.4704,0.001536,0.0012,0.995356
83.4724,0.001536,0.0012,0.994913
83.4745,0.001536,0.0012,0.994478
83.4765,0.001536,0.0012,0.99393
83.4785,0.001536,0.0012,0.993644
83.4805,0.001536,0.0012,0.993066
83.4825,0.021818,0.0012,0.992559
83.4845,0.021818,0.0012,0.992086
83.4865,0.021818,0.0012,0.991555
83.4885,0.021818,0.0012,0.991139
83.4905,0.021818,0.0012,0.990495
83.4925,0.001907,0.0012,0.989949
83.4949,0.013549,0.0012,0.989413
83.4965,0.032729,0.0012,0.988714
83.4985,0.032729,0.0012,0.98816
83.5005,0.004941,0.0012,0.987539
83.5025,0.031028,0.0012,0.986855
83.5045,0.029879,0.0012,0.98633
83.5065,0.029879,0.0012,0.985683
83.5085,0.029879,0.0012,0.985134
83.5105,0.010386,0.0012,0.984468
83.5125,0.006338,0.0012,0.983786
83.5145,0.006338,0.0012,0.9832
83.5165,0.006338,0.0012,0.982465
83.5185,0.020584,0.0012,0.981588
83.5205,0.010976,0.0012,0.980843
83.5225,0.010976,0.0012,0.98014
83.5245,0.010976,0.0012,0.979289
83.5265,0.010976,0.0012,0.978538
83.5285,0.010733,0.0012,0.977648
83.5305,0.010733,0.0012,0.976882
83.5325,0.010733,0.0012,0.976
83.5345,0.005089,0.0012,0.974988
83.5365,0.004835,0.0012,0.974008
83.5385,0.004835,0.0012,0.973118
83.5405,0.004835,0.0012,0.972114
83.5425,0.002959,0.0012,0.971019
83.5445,0.002959,0.0012,0.969971
83.5465,0.002959,0.0012,0.96895
83.5485,0.002959,0.0012,0.967748
83.5505,0.002959,0.0012,0.966565
83.5525,0.002959,0.0012,0.96536
83.5545,0.00072,0.0012,0.964113
83.5565,0.008796,0.0012,0.962898
83.5585,0.002407,0.0012,0.961608
83.5605,0.002407,0.0012,0.960397
83.5629,0.002407,0.0012,0.959134
83.5645,0.012424,0.0012,0.957548
83.5665,0.012424,0.0012,0.956525
83.5685,0.012424,0.0012,0.955262
83.5705,0.012424,0.0012,0.95394
83.5725,0.012424,0.0012,0.952578
83.5745,0.003717,0.0012,0.951239
83.5765,0.003717,0.0012,0.949801
83.5785,0.003717,0.0012,0.948378
83.5805,0.00947,0.0012,0.946954
83.5825,0.00947,0.0012,0.945453
83.5845,0.005563,0.0012,0.943956
83.5865,0.005563,0.0012,0.942349
83.5885,0.005563,0.0012,0.940792
83.5905,0.002516,0.0012,0.939155
83.5925,0.005244,0.0012,0.937404
83.5945,0.005244,0.0012,0.935821
83.5965,0.008226,0.0012,0.934152
83.5985,0.003499,0.0012,0.932384
83.6005,0.008733,0.0012,0.931073
83.6025,0.015804,0.0012,0.92949
83.6045,0.015804,0.0012,0.92808
83.6065,0.00898,0.0012,0.926562
83.6085,0.002929,0.0012,0.92523
83.6105,0.001458,0.0012,0.923829
83.6125,0.000793,0.0012,0.9226
83.6145,0.007286,0.0012,0.921316
83.6165,0.030685,0.0012,0.920035
83.6185,0.030685,0.0012,0.918878
83.6205,0.030685,0.0012,0.917764
83.6225,0.030685,0.0012,0.916648
83.6245,0.022937,0.0012,0.915428
83.6265,0.022937,0.0012,0.914335
83.6289,0.022937,0.0012,0.913281
83.6305,0.013551,0.0012,0.911933
83.6325,0.029315,0.0012,0.910989
83.6345,0.007725,0.0012,0.909894
83.6365,0.008943,0.0012,0.908732
83.6385,0.016835,0.0012,0.907637
83.6405,0.008216,0.0012,0.906536
83.6425,0.008216,0.0012,0.905362
83.6445,0.011509,0.0012,0.904198
83.6465,0.005201,0.0012,0.903149
83.6485,0.005201,0.0012,0.901959
83.6505,0.009186,0.0012,0.900832
83.6525,0.004088,0.0012,0.899917
83.6545,0.004088,0.0012,0.899022
83.6565,0.006995,0.0012,0.897898
83.6585,0.003575,0.0012,0.896995
83.6605,0.003575,0.0012,0.896033
83.6629,0.012837,0.0012,0.895109
83.6645,0.015815,0.0012,0.894135
83.6665,0.006491,0.0012,0.893335
83.6685,0.008312,0.0012,0.892567
83.6705,0.009544,0.0012,0.891837
83.6725,0.009544,0.0012,0.891065
83.6745,0.009544,0.0012,0.890385
83.6765,0.020797,0.0012,0.889819
83.6785,0.014403,0.0012,0.889229
83.6805,0.010062,0.0012,0.888722
83.6825,0.018867,0.0012,0.888189
83.6845,0.006729,0.0012,0.887735
83.6865,0.006729,0.0012,0.88732
83.6885,0.019744,0.0012,0.886886
83.6905,0.01577,0.0012,0.886492
83.6925,0.02033,0.0012,0.88616
83.6945,0.02033,0.0012,0.88591
83.6969,0.035762,0.0012,0.885644
83.6985,0.017311,0.0012,0.885355
83.7005,0.037229,0.0012,0.885229
83.7025,0.041819,0.0012,0.885168
83.7045,0.015291,0.0012,0.885128
83.7065,0.006382,0.0012,0.885111
83.7085,0.015313,0.0012,0.885089
83.7105,0.010842,0.0012,0.885172
83.7125,0.010842,0.0012,0.885291
83.7145,0.010842,0.0012,0.885432
83.7165,0.011806,0.0012,0.885505
83.7185,0.007386,0.0012,0.885571
83.7205,0.007386,0.0012,0.885789
83.7225,0.007386,0.0012,0.885889
83.7245,0.044812,0.0012,0.886149
83.7265,0.016233,0.0012,0.886379
83.7285,0.016233,0.0012,0.886591
83.7305,0.016233,0.0012,0.886801
83.7325,0.019332,0.0012,0.887095
83.7345,0.014926,0.0012,0.887428
83.7365,0.014926,0.0012,0.887795
83.7385,0.014926,0.0012,0.88811
83.7405,0.011054,0.0012,0.888525
83.7425,0.026641,0.0012,0.888925
83.7445,0.014027,0.0012,0.889498
83.7465,0.002037,0.0012,0.889935
83.7485,0.002037,0.0012,0.89048
83.7505,0.002037,0.0012,0.890953
83.7525,0.019873,0.0012,0.891401
83.7545,0.006535,0.0012,0.892103
83.7565,0.006535,0.0012,0.892597
83.7585,0.006535,0.0012,0.893146
83.7605,0.004266,0.0012,0.893687
83.7625,0.011382,0.0012,0.894302
83.7645,0.013345,0.0012,0.894866
83.7665,0.013345,0.0012,0.895684
83.7685,0.01982,0.0012,0.896386
83.7705,0.01982,0.0012,0.897171
83.7725,0.011843,0.0012,0.898009
83.7745,0.019808,0.0012,0.898759
83.7765,0.016652,0.0012,0.899857
83.7785,0.014706,0.0012,0.900746
83.7805,0.005997,0.0012,0.90186
83.7825,0.039388,0.0012,0.902989
83.7845,0.030627,0.0012,0.904308
83.7865,0.006279,0.0012,0.9057
83.7885,0.006279,0.0012,0.907152
83.7905,0.013727,0.0012,0.908729
83.7925,0.013657,0.0012,0.910306
83.7945,0.041422,0.0012,0.912106
83.7965,0.011031,0.0012,0.913793
83.7985,0.00636,0.0012,0.915752
83.8005,0.009053,0.0012,0.917656
83.8025,0.000652,0.0012,0.919791
83.8045,0.03409,0.0012,0.92184
83.8065,0.009146,0.0012,0.923992
83.8085,0.004109,0.0012,0.926145
83.8105,0.007565,0.0012,0.928417
83.8125,0.003588,0.0012,0.930542
83.8145,0.003588,0.0012,0.932753
83.8165,0.003588,0.0012,0.93507
83.8185,0.00714,0.0012,0.937415
83.8205,0.004054,0.0012,0.939654
83.8225,0.004054,0.0012,0.941972
83.8245,0.009386,0.0012,0.944377
83.8265,0.022852,0.0012,0.946752
83.8285,0.022852,0.0012,0.949262
83.8305,0.022852,0.0012,0.951779
83.8325,0.022852,0.0012,0.954289
83.8345,0.02362,0.0012,0.956938
83.8369,0.011226,0.0012,0.959824
83.8385,0.009017,0.0012,0.962907
83.8405,0.020791,0.0012,0.965094
83.8425,0.020791,0.0012,0.967896
83.8445,0.020791,0.0012,0.97086
83.8465,0.020791,0.0012,0.973816
83.8485,0.049504,0.0012,0.976868
83.8505,0.049504,0.0012,0.979723
83.8525,0.049504,0.0012,0.982658
83.8545,0.015866,0.0012,0.985613
83.8565,0.015866,0.0012,0.988572
83.8585,0.015866,0.0012,0.991449
83.8605,0.015866,0.0012,0.994361
83.8625,0.015866,0.0012,0.997253
83.8645,0.015866,0.00072,1.00001
83.8665,0.015866,0.1812,1.00302
83.8685,0.221367,0.33342,1.00556
83.8709,0.58737,0.46836,1.00781
83.8729,0.969677,0.5,1.00951
83.8745,1.20324,0.5,1.01004
83.8765,1.2612,0.5,1.0095
83.8785,1.32931,0.48342,1.00806
83.8815,1.34817,0.3483,1.00581
83.8835,1.16832,0.09294,1.00155
83.8855,0.7235,0.09294,0.99793
83.8873,0.417768,0.09294,0.994746
83.8895,0.343148,0.09294,0.992952
83.8915,0.165696,0.09294,0.991934
83.8935,0.103997,0.09294,0.992
83.8954,0.149739,0.09294,0.992368
83.8975,0.130493,0.09294,0.993429
83.8995,0.105642,0.09294,0.995468
83.9015,0.066504,0.09294,0.997518
83.9034,0.043764,0.00216,1.00004
83.9055,0.006242,0.13998,1.00233
83.9075,0.197409,0.31176,1.0052
83.9095,0.492209,0.45006,1.0075
83.9114,0.833817,0.5,1.00878
83.9135,1.19305,0.5,1.00872
83.9155,1.30116,0.4584,1.00764
83.9175,1.20265,0.35274,1.00588
83.9194,1.1055,0.1581,1.00264
83.9215,0.763182,0.1581,0.999905
83.9235,0.393767,0.1581,0.995829
83.9255,0.253973,0.1581,0.993279
83.9274,0.175439,0.1581,0.99162
83.9295,0.118488,0.1581,0.990959
83.9315,0.131427,0.1581,0.990453
83.9335,0.121331,0.1581,0.990575
83.9354,0.075756,0.1581,0.991195
83.9375,0.049319,0.1581,0.992122
83.9395,0.007834,0.1581,0.993528
83.9415,0.005119,0.1581,0.994898
83.9434,0.005119,0.1581,0.99627
83.9455,0.005119,0.1581,0.997457
83.9475,0.005119,0.1581,0.998975
83.9495,0.005119,0.01422,1.00024
83.9514,0.005119,0.0903,1.00151
83.9535,0.122264,0.13026,1.00217
83.9555,0.218304,0.17688,1.00295
83.9575,0.341983,0.17982,1.003
83.9594,0.427934,0.15054,1.00251
83.9615,0.412836,0.1134,1.00189
83.9635,0.35314,0.03516,1.00059
83.9655,0.244006,0.03516,0.998979
83.9674,0.12742,0.03516,0.997703
83.9695,0.097952,0.03516,0.996917
83.9715,0.09538,0.03516,0.996355
83.9735,0.044739,0.03516,0.996238
83.9757,0.021264,0.03516,0.996289
83.9775,0.010329,0.03516,0.99646
83.9795,0.011768,0.03516,0.996573
83.9815,0.011586,0.03516,0.99686
83.9834,0.007841,0.03516,0.997117
83.9849,0.013525,0.03516,0.997432
83.9865,0.013525,0.03516,0.997698
83.9885,0.013525,0.03516,0.997828
83.9905,0.013525,0.03516,0.997999
83.9925,0.013525,0.03516,0.998142
83.9945,0.013525,0.03516,0.998218
83.9965,0.013525,0.03516,0.998339
83.9985,0.013525,0.03516,0.998301
84.0005,0.003369,0.03516,0.998383
84.0025,0.003369,0.03516,0.998303
84.0045,0.011548,0.03516,0.998218
84.0065,0.010327,0.03516,0.998112
84.0089,0.010327,0.03516,0.998028
84.0105,0.010327,0.03516,0.997774
84.0125,0.010327,0.03516,0.9977
84.0145,0.001089,0.03516,0.997556
84.0165,0.001089,0.03516,0.997434
84.0185,0.001089,0.03516,0.997311
84.0205,0.001089,0.03516,0.997346
84.0225,0.001089,0.03516,0.99718
84.0245,0.001089,0.03516,0.997123
84.0265,0.01775,0.03516,0.997169
84.0285,0.01775,0.03516,0.99721
84.0305,0.01775,0.03516,0.997259
84.0325,0.027344,0.03516,0.99719
84.0345,0.027344,0.03516,0.997167
84.0365,0.003782,0.03516,0.997202
84.0385,0.016895,0.03516,0.99727
84.0405,0.016895,0.03516,0.997195
84.043,0.016895,0.03516,0.997256
84.0445,0.016895,0.03516,0.9972
84.0465,0.016895,0.03516,0.997245
84.0485,0.002149,0.03516,0.997262
84.0505,0.003821,0.03516,0.997136
84.0525,0.016913,0.03516,0.997308
84.0545,0.013583,0.03516,0.997277
84.0565,0.009825,0.03516,0.997229
84.0585,0.002202,0.03516,0.997222
84.0605,0.003054,0.03516,0.997216
84.0625,0.009149,0.03516,0.997168
84.0645,0.009149,0.03516,0.997298
84.0665,0.009149,0.03516,0.997242
84.0685,0.001284,0.03516,0.997185
84.0705,0.001284,0.03516,0.997209
84.0725,0.001284,0.03516,0.997234
84.0745,0.021373,0.03516,0.997228
84.077,0.021373,0.03516,0.997185
84.0785,0.021373,0.03516,0.997151
84.0805,0.021373,0.03516,0.997141
84.0825,0.010099,0.03516,0.997143
84.0845,0.011354,0.03516,0.997146
84.0865,0.011354,0.03516,0.997005
84.0885,0.009303,0.03516,0.996992
84.0905,0.009303,0.03516,0.996934
84.0925,0.007724,0.03516,0.996763
84.0945,0.007724,0.03516,0.996811
84.0965,0.008029,0.03516,0.996642
84.0985,0.008029,0.03516,0.996564
84.1005,0.004452,0.03516,0.996497
84.1025,0.015531,0.03516,0.996393
84.1045,0.015531,0.03516,0.996358
84.1065,0.015531,0.03516,0.996224
84.1085,0.001457,0.03516,0.99623
84.1105,0.001478,0.03516,0.996038
84.1125,0.007448,0.03516,0.995965
84.1145,0.007448,0.03516,0.995925
84.1165,0.007448,0.03516,0.995818
84.1185,0.007448,0.03516,0.995765
84.1205,0.007448,0.03516,0.995634
84.1225,0.009647,0.03516,0.995483
84.1245,0.009647,0.03516,0.995572
84.1266,0.009647,0.03516,0.995576
84.1286,0.006016,0.03516,0.995428
84.1306,0.009443,0.03516,0.995489
84.1326,0.016692,0.03516,0.995435
84.1346,0.016692,0.03516,0.995394
84.1366,0.021063,0.03516,0.995435
84.1386,0.021063,0.03516,0.995345
84.1405,0.009433,0.03516,0.995374
84.1426,0.017332,0.03516,0.995306
84.1446,0.00156,0.03516,0.995185
84.1466,0.00156,0.03516,0.995197
84.1486,0.00154,0.03516,0.995259
84.1506,0.017444,0.03516,0.995212
84.1526,0.017444,0.03516,0.995166
84.1546,0.017444,0.03516,0.995129
84.1566,0.017444,0.03516,0.995144
84.1586,0.005752,0.03516,0.995145
84.1606,0.005752,0.03516,0.994938
84.1626,0.005752,0.03516,0.994868
84.1646,0.005752,0.03516,0.994777
84.1666,0.005752,0.03516,0.994639
84.1686,0.005752,0.03516,0.994499
84.1706,0.005752,0.03516,0.994389
84.1726,0.005752,0.03516,0.994223
84.1746,0.005752,0.03516,0.99411
84.1766,0.005752,0.03516,0.993928
84.179,0.015452,0.03516,0.993703
84.1806,0.015452,0.03516,0.993572
84.1826,0.015452,0.03516,0.993466
84.1846,0.015452,0.03516,0.993156
84.1866,0.015452,0.03516,0.993017
84.1886,0.015452,0.03516,0.992869
84.1906,0.013182,0.03516,0.992682
84.1926,0.013182,0.03516,0.9924
84.1946,0.013182,0.03516,0.992223
84.1966,0.013182,0.03516,0.991966
84.1986,0.028854,0.03516,0.991831
84.2006,0.028854,0.03516,0.991524
84.2026,0.028854,0.03516,0.991362
84.2046,0.013174,0.03516,0.991089
84.2066,0.002441,0.03516,0.990793
84.2086,0.008911,0.03516,0.990544
84.2106,0.012237,0.03516,0.990165
84.213,0.012237,0.03516,0.989736
84.2146,3.1e-05,0.03516,0.989389
84.2166,3.1e-05,0.03516,0.989108
84.2186,0.004988,0.03516,0.988761
84.2206,0.023697,0.03516,0.988333
84.2226,0.023697,0.03516,0.987996
84.2246,0.03586,0.03516,0.987539
84.2266,0.02518,0.03516,0.987165
84.2286,0.02518,0.03516,0.986768
84.2306,0.02518,0.03516,0.986343
84.2326,0.001385,0.03516,0.985843
84.2346,0.016337,0.03516,0.985384
84.2366,0.00977,0.03516,0.984937
84.2386,0.00977,0.03516,0.984361
84.2406,0.006261,0.03516,0.983793
84.2426,0.00626,0.03516,0.983205
84.245,0.00626,0.03516,0.982577
84.2466,0.00626,0.03516,0.981625
84.2486,0.005547,0.03516,0.981133
84.2506,0.004013,0.03516,0.980419
84.2526,0.004013,0.03516,0.97976
84.2546,0.004013,0.03516,0.978973
84.2566,0.009591,0.03516,0.9782
84.2586,0.009591,0.03516,0.977533
84.2606,0.005425,0.03516,0.976772
84.2626,0.005425,0.03516,0.975914
84.2646,0.017428,0.03516,0.975036
84.2666,0.006521,0.03516,0.974262
84.2686,0.018152,0.03516,0.973347
84.2706,0.018152,0.03516,0.972595
84.2726,0.008854,0.03516,0.971632
84.2746,0.008854,0.03516,0.97086
84.2766,0.008854,0.03516,0.969885
84.279,0.008854,0.03516,0.968988
84.2806,0.008854,0.03516,0.967778
84.2826,0.008854,0.03516,0.966909
84.2846,0.008854,0.03516,0.965957
84.2866,0.00752,0.03516,0.964916
84.2886,0.00752,0.03516,0.963968
84.2906,0.00752,0.03516,0.962858
84.2926,0.007649,0.03516,0.961776
84.2946,0.010647,0.03516,0.960722
84.2966,0.010647,0.03516,0.95968
84.2986,0.002932,0.03516,0.958632
84.3006,0.007927,0.03516,0.957633
84.3026,0.001257,0.03516,0.956582
84.3046,0.009,0.03516,0.955479
84.3066,0.009,0.03516,0.954371
84.3086,0.021618,0.03516,0.953398
84.3106,0.021618,0.03516,0.952309
84.3126,0.021618,0.03516,0.951263
84.3146,0.01911,0.03516,0.950151
84.3166,0.006529,0.03516,0.949304
84.3186,0.006529,0.03516,0.948246
84.3206,0.005711,0.03516,0.947344
84.3226,0.005074,0.03516,0.946245
84.3246,0.009734,0.03516,0.945316
84.3266,0.009734,0.03516,0.944475
84.3286,0.009734,0.03516,0.943623
84.3306,0.008699,0.03516,0.942651
84.3326,0.003542,0.03516,0.941826
84.3346,0.025104,0.03516,0.941091
84.3366,0.025104,0.03516,0.940236
84.3386,0.015759,0.03516,0.939539
84.3406,0.015759,0.03516,0.938719
84.3426,0.035066,0.03516,0.937969
84.3446,0.035066,0.03516,0.937205
84.347,0.021827,0.03516,0.936688
84.3486,0.007821,0.03516,0.93597
84.3506,0.011247,0.03516,0.935463
84.3526,0.005189,0.03516,0.934998
84.3546,0.005189,0.03516,0.934458
84.3566,0.002509,0.03516,0.934023
84.3586,0.003801,0.03516,0.933534
84.3606,0.007765,0.03516,0.933058
84.3626,0.014622,0.03516,0.932879
84.3646,0.003678,0.03516,0.932472
84.3666,0.005182,0.03516,0.932265
84.3686,0.003646,0.03516,0.932051
84.3706,0.003635,0.03516,0.931833
84.3726,0.007929,0.03516,0.931695
84.3746,0.005098,0.03516,0.931546
84.3766,0.003554,0.03516,0.93148
84.3786,0.00217,0.03516,0.931507
84.381,0.013703,0.03516,0.931434
84.3826,0.009683,0.03516,0.931467
84.3846,0.003609,0.03516,0.931549
84.3866,0.003309,0.03516,0.931515
84.3886,0.006953,0.03516,0.931627
84.3906,0.012249,0.03516,0.931776
84.3926,0.000953,0.03516,0.931883
84.3946,0.002426,0.03516,0.932058
84.3966,0.002877,0.03516,0.932266
84.3986,0.006728,0.03516,0.932528
84.4006,0.014187,0.03516,0.932796
84.4026,0.007518,0.03516,0.933138
84.4046,0.005549,0.03516,0.933447
84.4066,0.011555,0.03516,0.933962
84.4086,0.009438,0.03516,0.934446
84.4106,0.024392,0.03516,0.935147
84.4126,0.010776,0.03516,0.93575
84.415,0.010776,0.03516,0.936405
84.4166,0.023304,0.03516,0.937539
84.4186,0.023304,0.03516,0.938304
84.4206,0.003375,0.03516,0.939343
84.4226,0.027428,0.03516,0.940484
84.4246,0.010868,0.03516,0.941675
84.4266,0.014582,0.03516,0.942868
84.4286,0.014582,0.03516,0.944241
84.4306,0.050641,0.03516,0.945674
84.4326,0.010235,0.03516,0.947227
84.4346,0.017113,0.03516,0.948862
84.4366,0.040841,0.03516,0.95055
84.4386,0.035846,0.03516,0.952371
84.4406,0.0187,0.03516,0.954139
84.4426,0.0187,0.03516,0.955951
84.4446,0.027087,0.03516,0.957909
84.4466,0.014009,0.03516,0.959839
84.4486,0.016139,0.03516,0.961762
84.4506,0.002063,0.03516,0.963793
84.4526,0.02021,0.03516,0.965876
84.4546,0.001326,0.03516,0.967894
84.4566,0.001326,0.03516,0.969851
84.4586,0.002046,0.03516,0.971843
84.4606,0.016259,0.03516,0.973899
84.4626,0.02634,0.03516,0.975943
84.4646,0.032975,0.03516,0.978049
84.4666,0.032975,0.03516,0.980184
84.4686,0.013618,0.03516,0.982379
84.4706,0.029467,0.03516,0.984503
84.4726,0.00494,0.03516,0.986794
84.4746,0.00494,0.03516,0.98905
84.4766,0.020177,0.03516,0.991271
84.4786,0.020177,0.03516,0.993462
84.4806,0.014337,0.03516,0.995867
84.4826,0.014337,0.03516,0.998128
84.485,0.014337,0.02394,1.0004
84.4866,0.034988,0.1983,1.00331
84.4886,0.276201,0.30132,1.00502
84.4906,0.554797,0.42078,1.00701
84.4926,0.857658,0.48744,1.00812
84.4946,1.1887,0.5,1.00833
84.4966,1.30475,0.48234,1.00804
84.4986,1.32139,0.41472,1.00691
84.5006,1.25791,0.30354,1.00506
84.5026,1.08658,0.16668,1.00278
84.5046,0.798584,0.03264,1.00054
84.5066,0.541525,0.03264,0.998619
84.5086,0.333292,0.03264,0.997764
84.5106,0.197333,0.03264,0.998049
84.5126,0.125504,0.03264,0.999254
84.5146,0.11471,0.03756,1.00063
84.5166,0.158453,0.18228,1.00304
84.5186,0.342705,0.33414,1.00557
84.5206,0.639236,0.49092,1.00818
84.5226,0.936141,0.5,1.0103
84.5246,1.19171,0.5,1.01086
84.5266,1.40885,0.5,1.01026
84.5286,1.3665,0.5,1.00943
84.5306,1.35788,0.48486,1.00808
84.5326,1.3921,0.3561,1.00594
84.5346,1.23542,0.20916,1.00349
84.5366,0.93886,0.0558,1.00093
84.5386,0.611273,0.0558,0.998548
84.5406,0.40102,0.0558,0.997034
84.5426,0.226321,0.0558,0.996852
84.5446,0.104546,0.0558,0.997621
84.5466,0.084514,0.0558,0.998618
84.5486,0.109964,0.0558,0.999704
84.5506,0.074047,0.09978,1.00166
84.5526,0.157511,0.2499,1.00416
84.5546,0.423259,0.3804,1.00634
84.5566,0.701723,0.4845,1.00808
84.5586,1.00725,0.5,1.00875
84.5606,1.26377,0.4761,1.00794
84.5626,1.3466,0.39768,1.00663
84.5646,1.1888,0.29172,1.00486
84.5666,0.994075,0.14388,1.0024
84.5686,0.738109,0.14388,0.99974
84.5706,0.459687,0.14388,0.997204
84.5726,0.285314,0.14388,0.995932
84.5746,0.175494,0.14388,0.995735
84.5766,0.072825,0.14388,0.996354
84.5786,0.079431,0.14388,0.997015
84.5806,0.108563,0.14388,0.99794
84.5826,0.080636,0.14388,0.999464
84.5846,0.035867,0.07578,1.00126
84.5866,0.101354,0.20394,1.0034
84.5886,0.313624,0.31482,1.00525
84.591,0.596194,0.39846,1.00664
84.593,0.832777,0.40908,1.00682
84.595,1.06427,0.3432,1.00572
84.597,1.03271,0.26136,1.00436
84.599,0.857673,0.15372,1.00256
84.6016,0.605525,0.02136,1.00036
84.6036,0.400439,0.02136,0.99735
84.6056,0.275899,0.02136,0.996161
84.6075,0.17631,0.02136,0.99579
84.6096,0.058123,0.02136,0.996238
84.6116,0.031138,0.02136,0.996887
84.6136,0.0632,0.02136,0.997619
84.6155,0.055661,0.02136,0.998421
84.6176,0.045345,0.02136,0.999642
84.6196,0.011624,0.07788,1.0013
84.6216,0.087673,0.16494,1.00275
84.6235,0.253306,0.24258,1.00404
84.626,0.477861,0.28308,1.00472
84.628,0.640166,0.27282,1.00455
84.63,0.745167,0.21642,1.00361
84.632,0.69496,0.15264,1.00254
84.6346,0.549903,0.0546,1.00091
84.6366,0.396742,0.0546,0.999478
84.6386,0.257472,0.0546,0.998427
84.6406,0.144275,0.0546,0.998054
84.6426,0.085126,0.0546,0.998419
84.6446,0.032502,0.0546,0.999154
84.6466,0.019733,0.0546,0.999887
84.6486,0.019157,0.03708,1.00062
84.6506,0.061101,0.10014,1.00167
84.6526,0.171229,0.16224,1.0027
84.6546,0.31417,0.20778,1.00346
84.6566,0.426023,0.2271,1.00379
84.6586,0.54578,0.21714,1.00362
84.661,0.61193,0.17784,1.00296
84.6626,0.583655,0.12954,1.00216
84.6646,0.475736,0.09234,1.00154
84.6666,0.405637,0.03936,1.00066
84.6686,0.287637,0.0189,1.00032
84.6706,0.204794,0.01602,1.00027
84.6726,0.129487,0.03816,1.00064
84.6746,0.104502,0.08382,1.0014
84.6766,0.162481,0.12006,1.002
84.6786,0.256373,0.15816,1.00264
84.6806,0.347796,0.1818,1.00303
84.6826,0.433226,0.18822,1.00314
84.6846,0.496765,0.1722,1.00287
84.6866,0.520375,0.15126,1.00252
84.6886,0.49391,0.12516,1.00209
84.6906,0.454522,0.10146,1.00169
84.6926,0.380904,0.09552,1.00159
84.6946,0.345382,0.087,1.00145
84.6976,0.290792,0.09192,1.00153
84.6996,0.284469,0.11934,1.00199
84.7016,0.316778,0.12744,1.00212
84.7035,0.351049,0.14814,1.00247
84.7056,0.400074,0.15006,1.0025
84.7076,0.431018,0.14436,1.00241
84.7096,0.433542,0.13848,1.00231
84.7115,0.429457,0.13128,1.00219
84.7136,0.419672,0.11976,1.002
84.7156,0.393067,0.12672,1.00211
84.7176,0.378717,0.12318,1.00205
84.7195,0.381479,0.12216,1.00204
84.7216,0.378785,0.12966,1.00216
84.7236,0.383237,0.13068,1.00218
84.7256,0.385186,0.13368,1.00223
84.7275,0.39997,0.13524,1.00225
84.7296,0.387785,0.12936,1.00216
84.7316,0.397187,0.13392,1.00223
84.7336,0.398937,0.1308,1.00218
84.7355,0.39985,0.12972,1.00216
84.7376,0.402664,0.12792,1.00213
84.7396,0.391688,0.13104,1.00218
84.7416,0.401905,0.13164,1.00219
84.7435,0.396232,0.12984,1.00216
84.7456,0.389809,0.13518,1.00225
84.7476,0.40614,0.13806,1.0023
84.7496,0.407448,0.13206,1.0022
84.7515,0.40186,0.1356,1.00226
84.7536,0.410168,0.135,1.00225
84.7556,0.410282,0.1272,1.00212
84.7576,0.395366,0.12846,1.00214
84.7595,0.398186,0.12708,1.00212
84.7616,0.388057,0.13206,1.0022
84.7636,0.390858,0.12894,1.00215
84.7661,0.391484,0.13338,1.00222
84.7681,0.402792,0.13878,1.00231
84.7701,0.40278,0.13134,1.00219
84.7721,0.408261,0.1299,1.00217
84.7741,0.398918,0.1293,1.00216
84.7761,0.399082,0.12876,1.00215
84.7786,0.394312,0.12984,1.00216
84.7807,0.388094,0.12756,1.00213
84.7827,0.392658,0.13104,1.00218
84.7847,0.393572,0.12936,1.00216
84.7867,0.387855,0.13362,1.00223
84.7887,0.399982,0.12996,1.00217
84.7907,0.406515,0.12468,1.00208
84.7927,0.385206,0.13356,1.00223
84.7946,0.392603,0.13032,1.00217
84.7966,0.391671,0.13542,1.00226
84.7987,0.403556,0.1281,1.00213
84.8007,0.389042,0.13506,1.00225
84.8031,0.400115,0.13776,1.0023
84.8051,0.407396,0.13572,1.00226
84.8071,0.42037,0.132,1.0022
84.8091,0.400963,0.13116,1.00219
84.8111,0.395511,0.13254,1.00221
84.8131,0.398915,0.1296,1.00216
84.8151,0.404615,0.13074,1.00218
84.8171,0.397403,0.13248,1.00221
84.8191,0.39728,0.14106,1.00235
84.8211,0.414554,0.13296,1.00222
84.8231,0.412925,0.13872,1.00231
84.8251,0.402634,0.13434,1.00224
84.8271,0.408378,0.14076,1.00235
84.8291,0.424959,0.13746,1.00229
84.8311,0.422447,0.13902,1.00232
84.8331,0.417872,0.13776,1.0023
84.8351,0.413954,0.1401,1.00233
84.8377,0.428242,0.14166,1.00236
84.8395,0.427785,0.13998,1.00233
84.8417,0.427002,0.14364,1.00239
84.8437,0.428304,0.14268,1.00238
84.8457,0.430323,0.14352,1.00239
84.8475,0.427344,0.1437,1.0024
84.8497,0.433431,0.14478,1.00241
84.8517,0.440561,0.14604,1.00243
84.8537,0.439885,0.14958,1.00249
84.8555,0.444481,0.14676,1.00245
84.8577,0.44349,0.15048,1.00251
84.8597,0.454959,0.14988,1.0025
84.8617,0.445616,0.1437,1.0024
84.8635,0.442033,0.14772,1.00246
84.8657,0.445601,0.14778,1.00246
84.8677,0.457269,0.14832,1.00247
84.8697,0.444716,0.1476,1.00246
84.8715,0.450243,0.1476,1.00246
84.8741,0.449562,0.14514,1.00242
84.8761,0.446585,0.14772,1.00246
84.8781,0.443973,0.15108,1.00252
84.8801,0.451316,0.15432,1.00257
84.8821,0.45717,0.15072,1.00251
84.8841,0.461584,0.15396,1.00257
84.8861,0.45878,0.1506,1.00251
84.8881,0.463384,0.1494,1.00249
84.8907,0.462325,0.14496,1.00242
84.8927,0.447033,0.14502,1.00242
84.8947,0.43784,0.14718,1.00245
84.8967,0.442284,0.14562,1.00243
84.8987,0.436415,0.14544,1.00242
84.9007,0.436391,0.14982,1.0025
84.9027,0.439875,0.15042,1.00251
84.9047,0.455961,0.14862,1.00248
84.9067,0.449083,0.1467,1.00245
84.9087,0.44558,0.14874,1.00248
84.9107,0.449118,0.14904,1.00248
84.9127,0.447922,0.14622,1.00244
84.9147,0.443786,0.14814,1.00247
84.9167,0.455082,0.14754,1.00246
84.9187,0.436427,0.14856,1.00248
84.9207,0.441831,0.14634,1.00244
84.9227,0.445654,0.14832,1.00247
84.9247,0.447755,0.1509,1.00252
84.9267,0.450139,0.147,1.00245
84.9287,0.453702,0.15,1.0025
84.9307,0.449864,0.14628,1.00244
84.9327,0.448409,0.14802,1.00247
84.9347,0.444052,0.14268,1.00238
84.9367,0.439557,0.1422,1.00237
84.9387,0.4306,0.14808,1.00247
84.9407,0.443804,0.14664,1.00244
84.9427,0.445332,0.15306,1.00255
84.9451,0.454844,0.14706,1.00245
84.9471,0.450437,0.14634,1.00244
84.9491,0.443,0.14364,1.00239
84.9511,0.442528,0.14868,1.00248
84.9531,0.443154,0.14478,1.00241
84.9551,0.442073,0.14814,1.00247
84.9571,0.450174,0.1473,1.00246
84.9591,0.442761,0.14328,1.00239
84.9611,0.436414,0.14952,1.00249
84.9627,0.443002,0.14838,1.00247
84.9647,0.448019,0.14568,1.00243
84.9667,0.446557,0.15036,1.00251
84.9687,0.446265,0.14502,1.00242
84.9707,0.447362,0.14958,1.00249
84.9727,0.450336,0.14862,1.00248
84.9747,0.442276,0.14718,1.00245
84.9767,0.442273,0.14718,1.00245
84.9791,0.441205,0.14964,1.00249
84.9811,0.439887,0.14916,1.00249
84.9831,0.458213,0.15498,1.00258
84.9851,0.451451,0.15408,1.00257
84.9871,0.461783,0.15114,1.00252
84.9887,0.45657,0.1533,1.00256
84.9907,0.457186,0.14568,1.00243
84.9927,0.450248,0.15294,1.00255
84.9947,0.448541,0.1503,1.00251
84.9967,0.455417,0.14934,1.00249
84.9987,0.460115,0.14982,1.0025
85.0007,0.452593,0.1506,1.00251
85.0027,0.455492,0.15054,1.00251
85.0047,0.449101,0.14802,1.00247
85.0067,0.451474,0.1479,1.00247
85.0087,0.447602,0.15024,1.0025
85.0107,0.4536,0.14622,1.00244
85.0131,0.445588,0.14994,1.0025
85.0151,0.44164,0.15162,1.00253
85.0171,0.448083,0.1512,1.00252
85.0191,0.453833,0.15342,1.00256
85.0207,0.452341,0.15126,1.00252
85.0227,0.459404,0.1485,1.00248
85.0247,0.459801,0.14544,1.00242
85.0267,0.448795,0.14832,1.00247
85.0287,0.442341,0.14574,1.00243
85.0307,0.445567,0.14712,1.00245
85.0327,0.44385,0.1467,1.00245
85.0347,0.449436,0.1497,1.0025
85.0367,0.445371,0.14868,1.00248
85.0387,0.449061,0.15072,1.00251
85.0407,0.446679,0.15126,1.00252
85.0427,0.450849,0.15012,1.0025
85.0447,0.463313,0.153,1.00255
85.0467,0.46006,0.1431,1.00239
85.0497,0.436555,0.15096,1.00252
85.0517,0.444432,0.14868,1.00248
85.0537,0.450723,0.1446,1.00241
85.0555,0.442375,0.14178,1.00236
85.0577,0.431714,0.15066,1.00251
85.0597,0.446192,0.14748,1.00246
85.0617,0.448434,0.14808,1.00247
85.0635,0.445537,0.15474,1.00258
85.0657,0.455791,0.14646,1.00244
85.0677,0.448549,0.15702,1.00262
85.0697,0.45708,0.14868,1.00248
85.0715,0.452588,0.14868,1.00248
85.0737,0.460339,0.15072,1.00251
85.0757,0.452494,0.14832,1.00247
85.0777,0.450209,0.14838,1.00247
85.0795,0.456117,0.1554,1.00259
85.0817,0.457092,0.14712,1.00245
85.0841,0.450212,0.1524,1.00254
85.0861,0.456481,0.14952,1.00249
85.0881,0.453552,0.1524,1.00254
85.0901,0.450429,0.1569,1.00262
85.0921,0.458235,0.15018,1.0025
85.0941,0.469072,0.15126,1.00252
85.0961,0.453437,0.14874,1.00248
85.0987,0.447292,0.1482,1.00247
85.1007,0.453576,0.1455,1.00243
85.1027,0.446202,0.1512,1.00252
85.1047,0.453541,0.15354,1.00256
85.1067,0.460656,0.14952,1.00249
85.1087,0.458071,0.15138,1.00252
85.1107,0.454064,0.14946,1.00249
85.1127,0.451412,0.15288,1.00255
85.1147,0.465107,0.14808,1.00247
85.1167,0.447547,0.15216,1.00254
85.1187,0.452899,0.15144,1.00252
85.1211,0.462484,0.1503,1.00251
85.1231,0.454746,0.14634,1.00244
85.1251,0.439825,0.1476,1.00246
85.1271,0.449232,0.14346,1.00239
85.1297,0.4341,0.14682,1.00245
85.1317,0.436964,0.14802,1.00247
85.1337,0.447885,0.14394,1.0024
85.1355,0.432338,0.14526,1.00242
85.1377,0.439709,0.15102,1.00252
85.1397,0.450171,0.14244,1.00237
85.1417,0.436697,0.14382,1.0024
85.1435,0.438307,0.14034,1.00234
85.1457,0.430082,0.14232,1.00237
85.1477,0.430921,0.1359,1.00226
85.1497,0.418544,0.13866,1.00231
85.1515,0.416914,0.1413,1.00236
85.1537,0.418567,0.14154,1.00236
85.1561,0.425916,0.138,1.0023
85.1581,0.415703,0.13692,1.00228
85.1601,0.425972,0.14232,1.00237
85.1627,0.422219,0.13896,1.00232
85.1647,0.421315,0.13476,1.00225
85.1667,0.418281,0.13542,1.00226
85.1687,0.408461,0.13836,1.00231
85.1707,0.410148,0.13914,1.00232
85.1727,0.423071,0.13794,1.0023
85.1747,0.419324,0.14274,1.00238
85.1767,0.424785,0.13524,1.00225
85.1787,0.417451,0.13314,1.00222
85.1807,0.406476,0.13698,1.00228
85.1827,0.4107,0.13038,1.00217
85.1847,0.400966,0.13086,1.00218
85.1867,0.396236,0.13128,1.00219
85.1887,0.391664,0.13458,1.00224
85.1911,0.409194,0.13902,1.00232
85.1937,0.411112,0.13866,1.00231
85.1957,0.408591,0.13506,1.00225
85.1977,0.41205,0.12918,1.00215
85.1995,0.389896,0.12924,1.00215
85.2017,0.395266,0.12654,1.00211
85.2037,0.382431,0.12576,1.0021
85.2057,0.379676,0.12648,1.00211
85.2075,0.392359,0.12768,1.00213
85.2097,0.387217,0.12702,1.00212
85.2117,0.38072,0.12984,1.00216
85.2137,0.387826,0.12774,1.00213
85.2156,0.382409,0.12834,1.00214
85.2177,0.387581,0.1233,1.00206
85.2197,0.375088,0.1218,1.00203
85.2217,0.369558,0.11544,1.00192
85.2236,0.363792,0.11034,1.00184
85.2257,0.338567,0.1104,1.00184
85.2281,0.338143,0.11118,1.00185
85.2301,0.346006,0.11064,1.00184
85.2321,0.331231,0.11112,1.00185
85.2341,0.332874,0.1062,1.00177
85.2361,0.331942,0.10302,1.00172
85.2381,0.317238,0.10752,1.00179
85.2401,0.316375,0.09528,1.00159
85.2427,0.312337,0.09312,1.00155
85.2447,0.280774,0.09018,1.0015
85.2467,0.274909,0.0843,1.00141
85.2487,0.269031,0.08064,1.00134
85.2507,0.248546,0.07098,1.00118
85.2527,0.228406,0.07272,1.00121
85.2547,0.225718,0.0726,1.00121
85.2567,0.228038,0.06816,1.00114
85.2587,0.212068,0.06798,1.00113
85.2607,0.207538,0.06216,1.00104
85.2631,0.184505,0.0597,1.001
85.2651,0.182052,0.05316,1.00089
85.2671,0.175393,0.04512,1.00075
85.2691,0.147595,0.04176,1.0007
85.2711,0.133179,0.03756,1.00063
85.2737,0.123226,0.03018,1.0005
85.2757,0.110607,0.01488,1.00025
85.2777,0.072971,0.01044,1.00017
85.2796,0.057562,0.00498,1.00008
85.2817,0.025211,0.00498,0.999974
85.2837,0.006752,0.00498,0.999962
85.2857,0.014613,0.00498,0.999921
85.2876,0.014613,0.00498,0.9999
85.2897,0.014613,0.00498,0.999804
85.2917,0.014613,0.00498,0.99983
85.2937,0.014613,0.00498,0.999729
85.2956,0.014613,0.00498,0.999597
85.2981,0.014613,0.00498,0.999564
85.2997,0.005793,0.00498,0.999175
85.3017,0.005793,0.00498,0.999038
85.3036,0.005793,0.00498,0.998741
85.3057,0.005793,0.00498,0.99834
85.3077,0.005793,0.00498,0.99794
85.3097,0.005793,0.00498,0.997457
85.3116,0.005793,0.00498,0.996892
85.3137,0.003678,0.00498,0.996454
85.3157,0.003678,0.00498,0.99583
85.3177,0.003678,0.00498,0.99521
85.3196,0.015382,0.00498,0.99448
85.3217,0.015382,0.00498,0.993897
85.3237,0.015382,0.00498,0.993149
85.3257,0.021172,0.00498,0.992312
85.3276,0.012882,0.00498,0.991632
85.3301,0.012882,0.00498,0.990908
85.3317,0.012882,0.00498,0.989728
85.3337,0.012882,0.00498,0.989151
85.3356,0.012882,0.00498,0.988127
85.3377,0.021706,0.00498,0.987385
85.3397,0.021706,0.00498,0.986318
85.3417,0.021706,0.00498,0.985315
85.3436,0.016545,0.00498,0.984315
85.3457,0.016545,0.00498,0.983345
85.3477,0.016545,0.00498,0.982112
85.3497,0.00997,0.00498,0.980892
85.3516,0.01198,0.00498,0.979804
85.3537,0.01198,0.00498,0.978624
85.3557,0.01198,0.00498,0.977407
85.3577,0.032071,0.00498,0.976185
85.3596,0.032071,0.00498,0.974876
85.3617,0.032071,0.00498,0.973675
85.3641,0.003653,0.00498,0.972327
85.3657,0.003653,0.00498,0.970618
85.3676,0.003653,0.00498,0.969566
85.3697,0.003653,0.00498,0.968264
85.3717,0.003653,0.00498,0.966784
85.3737,0.001825,0.00498,0.965412
85.3756,0.001825,0.00498,0.963938
85.3777,0.007645,0.00498,0.962596
85.3797,0.011086,0.00498,0.961142
85.3817,0.011086,0.00498,0.959634
85.3836,0.011086,0.00498,0.958226
85.3857,0.027931,0.00498,0.956874
85.3877,0.00689,0.00498,0.955433
85.3897,0.00689,0.00498,0.954061
85.3916,0.013422,0.00498,0.952782
85.3937,0.022325,0.00498,0.951608
85.3957,0.012035,0.00498,0.950187
85.3982,0.007878,0.00498,0.948899
85.3996,0.064219,0.00498,0.947465
85.4017,0.01172,0.00498,0.946762
85.4037,0.01172,0.00498,0.945507
85.4057,0.018624,0.00498,0.944435
85.4076,0.010459,0.00498,0.943292
85.4097,0.010459,0.00498,0.942348
85.4117,0.005149,0.00498,0.941275
85.4137,0.020991,0.00498,0.940197
85.4156,0.010905,0.00498,0.939102
85.4177,0.010905,0.00498,0.938122
85.4197,0.010905,0.00498,0.93694
85.4217,0.008549,0.00498,0.9358
85.4236,0.014907,0.00498,0.934829
85.4257,0.014907,0.00498,0.933953
85.4277,3e-05,0.00498,0.932964
85.4297,3e-05,0.00498,0.93188
85.4322,0.003515,0.00498,0.931088
85.4347,0.00794,0.00498,0.929897
85.4367,0.012711,0.00498,0.928993
85.4387,0.007112,0.00498,0.928264
85.4407,0.014407,0.00498,0.927531
85.4427,0.017497,0.00498,0.926849
85.4447,0.017497,0.00498,0.926122
85.4467,0.004324,0.00498,0.925485
85.4487,0.004324,0.00498,0.925003
85.4507,0.004324,0.00498,0.924361
85.4527,0.004324,0.00498,0.92375
85.4547,0.013077,0.00498,0.923395
85.4567,0.000285,0.00498,0.922891
85.4587,0.000588,0.00498,0.922354
85.4607,0.000588,0.00498,0.921978
85.4628,0.023357,0.00498,0.921623
85.4648,0.001515,0.00498,0.921267
85.4667,0.001515,0.00498,0.920958
85.4688,0.025513,0.00498,0.920678
85.4707,0.014055,0.00498,0.920404
85.4727,0.029148,0.00498,0.920279
85.4748,0.008137,0.00498,0.920024
85.4768,0.014197,0.00498,0.919918
85.4787,0.014197,0.00498,0.919828
85.4808,0.041549,0.00498,0.919705
85.4828,0.021896,0.00498,0.919805
85.4847,0.032343,0.00498,0.919827
85.4868,0.032343,0.00498,0.919804
85.4888,0.024904,0.00498,0.919888
85.4908,0.024904,0.00498,0.920022
85.4928,0.025881,0.00498,0.920138
85.4948,0.031394,0.00498,0.92036
85.4968,0.013247,0.00498,0.920411
85.4988,0.013247,0.00498,0.920587
85.5008,0.013247,0.00498,0.920792
85.5028,0.014966,0.00498,0.921044
85.5048,0.014966,0.00498,0.92126
85.5068,0.014966,0.00498,0.921517
85.5088,0.001429,0.00498,0.921734
85.5108,0.009876,0.00498,0.922076
85.5128,0.000489,0.00498,0.922365
85.5148,0.000489,0.00498,0.922702
85.5168,0.000489,0.00498,0.923009
85.5188,0.013023,0.00498,0.923305
85.5208,0.013023,0.00498,0.923693
85.5228,0.013023,0.00498,0.924029
85.5248,0.001343,0.00498,0.924375
85.5268,0.011947,0.00498,0.924779
85.5288,0.011947,0.00498,0.925155
85.5308,0.011947,0.00498,0.92556
85.5328,0.001929,0.00498,0.925886
85.5348,0.003918,0.00498,0.926304
85.5368,0.007712,0.00498,0.926638
85.5388,0.007712,0.00498,0.926953
85.5408,0.012803,0.00498,0.927337
85.5428,0.012803,0.00498,0.927582
85.5448,0.010233,0.00498,0.92784
85.5468,0.000865,0.00498,0.928168
85.5488,0.000865,0.00498,0.928271
85.5508,0.000865,0.00498,0.928624
85.5528,0.000442,0.00498,0.928883
85.5548,0.008335,0.00498,0.929132
85.5568,0.008335,0.00498,0.929391
85.5588,0.000856,0.00498,0.929614
85.5608,0.000856,0.00498,0.929855
85.5628,0.007016,0.00498,0.930038
85.5648,0.007016,0.00498,0.930346
85.5668,0.00364,0.00498,0.930702
85.5688,0.00364,0.00498,0.93087
85.5712,0.001412,0.00498,0.931115
85.5728,0.000986,0.00498,0.931528
85.5748,0.005013,0.00498,0.93178
85.5768,0.005013,0.00498,0.932074
85.5788,0.005013,0.00498,0.932371
85.5808,0.000118,0.00498,0.932669
85.5828,0.000118,0.00498,0.93305
85.5848,0.005306,0.00498,0.933275
85.5868,0.001677,0.00498,0.933551
85.5888,0.001677,0.00498,0.933841
85.5908,0.016022,0.00498,0.934056
85.5928,0.006475,0.00498,0.934303
85.5948,0.0051,0.00498,0.934703
85.5968,0.008203,0.00498,0.934976
85.5988,0.008203,0.00498,0.935357
85.6008,0.013022,0.00498,0.935578
85.6028,0.003515,0.00498,0.93598
85.6052,0.003515,0.00498,0.936306
85.6068,0.007317,0.00498,0.936836
85.6088,0.007317,0.00498,0.937175
85.6108,0.007317,0.00498,0.937508
85.6128,0.007317,0.00498,0.937878
85.6148,0.004331,0.00498,0.938424
85.6168,0.004331,0.00498,0.938734
85.6188,0.004331,0.00498,0.939253
85.6208,0.004331,0.00498,0.939673
85.6228,0.004331,0.00498,0.940025
85.6248,0.004331,0.00498,0.940514
85.6268,0.004331,0.00498,0.940828
85.6288,0.004331,0.00498,0.941256
85.6308,0.004331,0.00498,0.94172
85.6328,0.004331,0.00498,0.942065
85.6348,0.004331,0.00498,0.942467
85.6368,0.004331,0.00498,0.942941
85.6388,0.013912,0.00498,0.943459
85.6408,0.013912,0.00498,0.944055
85.6428,0.013912,0.00498,0.944619
85.6448,0.013912,0.00498,0.945213
85.6468,0.031472,0.00498,0.945721
85.6488,0.031472,0.00498,0.946334
85.6508,0.031472,0.00498,0.946895
85.6528,0.031472,0.00498,0.947439
85.6548,0.036445,0.00498,0.948098
85.6568,0.036445,0.00498,0.948562
85.6588,0.036445,0.00498,0.94925
85.6608,0.036445,0.00498,0.949924
85.6628,0.029893,0.00498,0.950611
85.6648,0.000654,0.00498,0.951225
85.6668,0.000654,0.00498,0.952
85.6688,0.000654,0.00498,0.952776
85.6708,0.000654,0.00498,0.953356
85.6732,0.011424,0.00498,0.954049
85.6748,0.006746,0.00498,0.954869
85.6768,0.006746,0.00498,0.955508
85.6788,0.006746,0.00498,0.956125
85.6808,0.006746,0.00498,0.956909
85.6828,0.002879,0.00498,0.957708
85.6848,0.002879,0.00498,0.958462
85.6868,0.002879,0.00498,0.959319
85.6888,0.002879,0.00498,0.960039
85.6908,0.017401,0.00498,0.960973
85.6928,0.00022,0.00498,0.961754
85.6948,0.00022,0.00498,0.962746
85.6968,0.009066,0.00498,0.963583
85.6988,0.011119,0.00498,0.964427
85.7008,0.001712,0.00498,0.965407
85.7028,0.002666,0.00498,0.966405
85.7048,0.005055,0.00498,0.967388
85.7068,0.010743,0.00498,0.968287
85.7092,0.010743,0.00498,0.969368
85.7108,0.007423,0.00498,0.970651
85.7128,0.002121,0.00498,0.971484
85.7148,0.002121,0.00498,0.972596
85.7168,0.010768,0.00498,0.9737
85.7188,0.018953,0.00498,0.974878
85.7208,0.018953,0.00498,0.976046
85.7228,0.018953,0.00498,0.97728
85.7248,0.018953,0.00498,0.978539
85.7268,0.018953,0.00498,0.97985
85.7288,0.018953,0.00498,0.981272
85.7308,0.018953,0.00498,0.982469
85.7328,0.01887,0.00498,0.983872
85.7348,0.007257,0.00498,0.985384
85.7368,0.007257,0.00498,0.9868
85.7388,0.02869,0.00498,0.988387
85.7408,0.02869,0.00498,0.989844
85.7432,0.016324,0.00498,0.991273
85.7448,0.016324,0.00498,0.993115
85.7468,0.009039,0.00498,0.994445
85.7488,0.009039,0.00498,0.995912
85.7508,0.009039,0.00498,0.997279
85.7528,0.009039,0.00498,0.998699
85.7542,0.009039,0.00498,0.999977
85.7558,0.009039,0.0576,1.00096
85.7578,0.064843,0.12042,1.00201
85.7596,0.198178,0.19146,1.00319
85.7618,0.361867,0.23922,1.00399
85.7638,0.531798,0.26718,1.00445
85.7658,0.661068,0.2658,1.00443
85.7676,0.73641,0.24324,1.00405
85.7698,0.722639,0.21132,1.00352
85.7718,0.680182,0.16824,1.0028
85.7738,0.62557,0.13002,1.00217
85.7757,0.541947,0.10632,1.00177
85.7778,0.464,0.10782,1.0018
85.7798,0.406294,0.14358,1.00239
85.7818,0.406593,0.19446,1.00324
85.7836,0.506195,0.24522,1.00409
85.7858,0.619828,0.2958,1.00493
85.7878,0.724866,0.34896,1.00582
85.7898,0.88581,0.37056,1.00618
85.7916,0.990513,0.36126,1.00602
85.7938,1.05848,0.33684,1.00561
85.7958,1.05301,0.31578,1.00526
85.7978,0.997641,0.2901,1.00484
85.7996,0.931223,0.26928,1.00449
85.8018,0.8919,0.25452,1.00424
85.8038,0.838447,0.25674,1.00428
85.8058,0.818345,0.26088,1.00435
85.8076,0.785883,0.27882,1.00465
85.8098,0.807308,0.3009,1.00502
85.8122,0.872034,0.31152,1.00519
85.8142,0.89341,0.3273,1.00545
85.8162,0.943077,0.32712,1.00545
85.8188,0.981901,0.31836,1.00531
85.8208,0.980873,0.30558,1.00509
85.8228,0.963004,0.29226,1.00487
85.8248,0.910034,0.29544,1.00492
85.8268,0.902989,0.29202,1.00487
85.8288,0.887857,0.29784,1.00496
85.8308,0.891237,0.29658,1.00494
85.8328,0.897495,0.303,1.00505
85.8348,0.908726,0.30324,1.00505
85.8368,0.899727,0.29436,1.00491
85.8388,0.898623,0.30492,1.00508
85.8408,0.901506,0.30114,1.00502
85.8428,0.912807,0.30306,1.00505
85.8448,0.917351,0.30144,1.00502
85.8472,0.922455,0.2967,1.00495
85.8498,0.902999,0.29856,1.00498
85.8518,0.909172,0.29214,1.00487
85.8538,0.900924,0.29004,1.00483
85.8556,0.89097,0.30204,1.00503
85.8578,0.89301,0.29646,1.00494
85.8598,0.882476,0.30648,1.00511
85.8618,0.916467,0.29766,1.00496
85.8636,0.899402,0.29226,1.00487
85.8658,0.895229,0.2955,1.00493
85.8678,0.89501,0.28698,1.00478
85.8698,0.885114,0.2895,1.00483
85.8717,0.861765,0.2898,1.00483
85.8738,0.880374,0.29094,1.00485
85.8758,0.881532,0.29154,1.00486
85.8778,0.873896,0.28782,1.0048
85.8796,0.872411,0.2901,1.00484
85.8818,0.866299,0.28926,1.00482
85.8842,0.872674,0.28638,1.00477
85.8862,0.865298,0.27978,1.00466
85.8882,0.865838,0.2802,1.00467
85.8902,0.850187,0.2727,1.00455
85.8922,0.834953,0.2703,1.0045
85.8942,0.827388,0.27018,1.0045
85.8962,0.823338,0.27174,1.00453
85.8988,0.807939,0.2721,1.00454
85.9008,0.820125,0.26964,1.00449
85.9028,0.818737,0.27324,1.00455
85.9048,0.82356,0.26874,1.00448
85.9068,0.82549,0.26694,1.00445
85.9088,0.807779,0.2622,1.00437
85.9108,0.80877,0.27018,1.0045
85.9128,0.814387,0.26184,1.00436
85.9148,0.797399,0.2697,1.0045
85.9168,0.809741,0.258,1.0043
85.9192,0.791036,0.2673,1.00446
85.9212,0.797847,0.26238,1.00437
85.9232,0.795607,0.26592,1.00443
85.9252,0.800304,0.26346,1.00439
85.9272,0.804814,0.25494,1.00425
85.9298,0.779755,0.26148,1.00436
85.9318,0.779469,0.25128,1.00419
85.9338,0.771391,0.2538,1.00423
85.9357,0.767075,0.25536,1.00426
85.9378,0.76614,0.25146,1.00419
85.9398,0.759384,0.2526,1.00421
85.9418,0.766098,0.25248,1.00421
85.9437,0.767346,0.24642,1.00411
85.9458,0.753719,0.24768,1.00413
85.9478,0.748901,0.2409,1.00402
85.9498,0.739252,0.23886,1.00398
85.9517,0.725819,0.2421,1.00404
85.9542,0.737282,0.2343,1.00391
85.9562,0.717568,0.23208,1.00387
85.9582,0.708982,0.22812,1.0038
85.9602,0.692255,0.22194,1.0037
85.9628,0.678754,0.21294,1.00355
85.9648,0.664894,0.20868,1.00348
85.9668,0.643876,0.20418,1.0034
85.9688,0.626122,0.20106,1.00335
85.9708,0.618303,0.2013,1.00335
85.9728,0.613119,0.19566,1.00326
85.9748,0.596143,0.186,1.0031
85.9768,0.583998,0.18582,1.0031
85.9788,0.55942,0.18576,1.0031
85.9808,0.558089,0.1821,1.00304
85.9828,0.556579,0.18108,1.00302
85.9848,0.547711,0.17388,1.0029
85.9868,0.541685,0.17292,1.00288
85.9893,0.526009,0.16764,1.00279
85.9913,0.515218,0.16164,1.00269
85.9939,0.506631,0.15936,1.00266
85.9959,0.493853,0.16068,1.00268
85.9978,0.493149,0.1566,1.00261
85.9997,0.47581,0.15486,1.00258
86.0019,0.469302,0.15492,1.00258
86.0039,0.467862,0.1536,1.00256
86.0058,0.46065,0.14922,1.00249
86.0077,0.454779,0.1512,1.00252
86.0098,0.451657,0.14112,1.00235
86.0118,0.445126,0.13674,1.00228
86.0138,0.42604,0.13338,1.00222
86.0157,0.408345,0.13404,1.00223
86.0178,0.417016,0.12768,1.00213
86.0198,0.398277,0.12246,1.00204
86.0218,0.377727,0.11754,1.00196
86.0238,0.364907,0.1164,1.00194
86.0268,0.356389,0.10914,1.00182
86.0288,0.347309,0.11118,1.00185
86.0308,0.334561,0.1047,1.00175
86.0328,0.318769,0.10626,1.00177
86.0348,0.321723,0.10266,1.00171
86.0368,0.315469,0.1002,1.00167
86.0388,0.307033,0.09432,1.00157
86.0408,0.294741,0.08922,1.00149
86.0428,0.273487,0.08664,1.00144
86.0448,0.264119,0.07674,1.00128
86.0468,0.263022,0.0717,1.0012
86.0488,0.230839,0.06066,1.00101
86.0508,0.198492,0.05712,1.00095
86.0528,0.189251,0.05628,1.00094
86.0548,0.184636,0.0519,1.00087
86.0568,0.173088,0.04752,1.00079
86.0588,0.152005,0.04944,1.00082
86.0613,0.14035,0.0471,1.00079
86.0633,0.147758,0.04044,1.00067
86.0653,0.131127,0.04698,1.00078
86.0673,0.123721,0.03732,1.00062
86.0693,0.120866,0.0351,1.00059
86.0713,0.118453,0.0222,1.00037
86.0738,0.076648,0.01524,1.00025
86.0758,0.053374,0.0021,1.00004
86.0778,0.029347,0.0021,0.999915
86.0797,0.023742,0.0021,0.999808
86.0813,0.006662,0.0021,0.999753
86.0833,0.006662,0.0021,0.999674
86.0848,0.014875,0.0021,0.99961
86.0868,0.014875,0.0021,0.999463
86.0888,0.008401,0.0021,0.999577
86.0908,0.000358,0.0021,0.999372
86.0928,0.007411,0.0021,0.999308
86.0953,0.007411,0.0021,0.999251
86.0969,0.007411,0.0021,0.999009
86.0989,0.007411,0.0021,0.998806
86.1009,0.013349,0.0021,0.998562
86.1029,0.013349,0.0021,0.998337
86.1048,0.013349,0.0021,0.998131
86.1068,0.013349,0.0021,0.997826
86.1089,0.005386,0.0021,0.997412
86.1109,0.016006,0.0021,0.99719
86.1128,0.016006,0.0021,0.99686
86.1148,0.016006,0.0021,0.996491
86.1168,0.005069,0.0021,0.996075
86.1188,0.001079,0.0021,0.995699
86.1208,0.009164,0.0021,0.995394
86.1228,0.010048,0.0021,0.994925
86.1248,0.001593,0.0021,0.994462
86.1273,0.023676,0.0021,0.993984
86.1293,0.040104,0.0021,0.993462
86.1313,0.040104,0.0021,0.993116
86.1333,0.040104,0.0021,0.992568
86.1349,0.016178,0.0021,0.992266
86.1369,0.016178,0.0021,0.99193
86.1389,0.002933,0.0021,0.991511
86.1409,0.002933,0.0021,0.991026
86.1429,0.018982,0.0021,0.990652
86.1449,0.018982,0.0021,0.990112
86.1469,0.018982,0.0021,0.989689
86.1489,0.018982,0.0021,0.989226
86.1509,0.018982,0.0021,0.98861
86.1529,0.004204,0.0021,0.98813
86.1549,0.025584,0.0021,0.987631
86.1569,0.008949,0.0021,0.987093
86.1589,0.008949,0.0021,0.986625
86.1609,0.030292,0.0021,0.986182
86.1629,0.030292,0.0021,0.985553
86.1649,0.030876,0.0021,0.985156
86.1669,0.030876,0.0021,0.9846
86.1689,0.004942,0.0021,0.984076
86.1709,0.004942,0.0021,0.983405
86.1729,0.033389,0.0021,0.982841
86.1749,0.032432,0.0021,0.982199
86.1769,0.005274,0.0021,0.981508
86.1789,0.005274,0.0021,0.980889
86.1809,0.000879,0.0021,0.980301
86.1829,0.032841,0.0021,0.979632
86.1849,0.032841,0.0021,0.97904
86.1869,0.032841,0.0021,0.978341
86.1889,0.032841,0.0021,0.977788
86.1909,0.032841,0.0021,0.977092
86.1929,0.032841,0.0021,0.976433
86.1953,0.009753,0.0021,0.975697
86.1969,0.009753,0.0021,0.97472
86.1989,0.012227,0.0021,0.974226
86.2009,0.012227,0.0021,0.973435
86.2029,0.012227,0.0021,0.972744
86.2049,0.012227,0.0021,0.971977
86.2069,0.012227,0.0021,0.971246
86.2089,0.012227,0.0021,0.970519
86.2109,0.012227,0.0021,0.969534
86.2129,0.012227,0.0021,0.968654
86.2149,0.012227,0.0021,0.967904
86.2169,0.012227,0.0021,0.966938
86.2189,0.00567,0.0021,0.966033
86.2209,0.006138,0.0021,0.96505
86.2229,0.006138,0.0021,0.964128
86.2249,0.003631,0.0021,0.963151
86.2269,0.003631,0.0021,0.962232
86.2293,0.01356,0.0021,0.961343
86.2309,0.01356,0.0021,0.96021
86.2329,0.010882,0.0021,0.959448
86.2349,0.010882,0.0021,0.958436
86.2369,0.018104,0.0021,0.957505
86.2389,0.022719,0.0021,0.95651
86.2409,0.022719,0.0021,0.955547
86.2429,0.022719,0.0021,0.954518
86.2449,0.022719,0.0021,0.953547
86.2469,0.022719,0.0021,0.952492
86.2489,0.013799,0.0021,0.951435
86.2509,0.054845,0.0021,0.9503
86.2529,0.054845,0.0021,0.949283
86.2549,0.054845,0.0021,0.948139
86.2569,0.054845,0.0021,0.947131
86.2589,0.054845,0.0021,0.946039
86.2613,0.004577,0.0021,0.944972
86.2633,0.02004,0.0021,0.943529
86.2653,0.011646,0.0021,0.94242
86.2673,0.010588,0.0021,0.941437
86.2693,0.010588,0.0021,0.940282
86.2713,0.010588,0.0021,0.939173
86.2733,0.037611,0.0021,0.938153
86.2753,0.009233,0.0021,0.937058
86.2773,0.004145,0.0021,0.936066
86.2793,0.005632,0.0021,0.935154
86.2813,0.009927,0.0021,0.934341
86.2833,0.001736,0.0021,0.93349
86.2853,0.007359,0.0021,0.932529
86.2873,0.003875,0.0021,0.931787
86.2889,0.00014,0.0021,0.931091
86.2909,0.010758,0.0021,0.930449
86.2929,0.010758,0.0021,0.929764
86.2953,0.010758,0.0021,0.928894
86.2973,0.001982,0.0021,0.927962
86.2989,0.018697,0.0021,0.92728
86.3009,0.018697,0.0021,0.926698
86.3029,0.001161,0.0021,0.925931
86.3049,0.018486,0.0021,0.92528
86.3069,0.020498,0.0021,0.924553
86.3089,0.020498,0.0021,0.923924
86.3109,0.020498,0.0021,0.923168
86.3129,0.020498,0.0021,0.922587
86.3149,0.020498,0.0021,0.921839
86.3169,0.020498,0.0021,0.921282
86.3189,0.030357,0.0021,0.920669
86.3209,0.00268,0.0021,0.920166
86.3229,0.00268,0.0021,0.919605
86.3249,0.012345,0.0021,0.91911
86.3269,0.012345,0.0021,0.918689
86.3299,0.012345,0.0021,0.918042
86.3319,0.012345,0.0021,0.917396
86.3339,0.001247,0.0021,0.916919
86.3357,0.05224,0.0021,0.916347
86.3373,0.05224,0.0021,0.9159
86.3389,0.020998,0.0021,0.915587
86.3409,0.020998,0.0021,0.915158
86.3429,0.020998,0.0021,0.914653
86.3449,0.020998,0.0021,0.914322
86.3469,0.030052,0.0021,0.913896
86.3489,0.030052,0.0021,0.913508
86.3509,0.030052,0.0021,0.913149
86.3529,0.030052,0.0021,0.91279
86.3549,0.030052,0.0021,0.912513
86.3569,0.00489,0.0021,0.912208
86.3589,0.004962,0.0021,0.91181
86.3609,0.004962,0.0021,0.911518
86.3633,0.032876,0.0021,0.911218
86.3653,0.009783,0.0021,0.91089
86.3673,0.009783,0.0021,0.91065
86.3693,0.009346,0.0021,0.910332
86.3713,0.040041,0.0021,0.910095
86.3733,0.040041,0.0021,0.909937
86.3753,0.040041,0.0021,0.909754
86.3773,0.000719,0.0021,0.90957
86.3793,0.000719,0.0021,0.909504
86.3813,0.000719,0.0021,0.90939
86.3833,0.005245,0.0021,0.909374
86.3853,0.005245,0.0021,0.9094
86.3873,0.004396,0.0021,0.909401
86.3893,0.011449,0.0021,0.909483
86.3913,0.035471,0.0021,0.909531
86.3923,0.040572,0.0021,0.909527
86.3939,0.027508,0.0021,0.909611
86.3963,0.012493,0.0021,0.909712
86.3983,0.027219,0.0021,0.90982
86.4003,0.024894,0.0021,0.909953
86.4023,0.028598,0.0021,0.909988
86.4043,0.032408,0.0021,0.910188
86.4063,0.032408,0.0021,0.910376
86.4083,0.032408,0.0021,0.910541
86.4103,0.032408,0.0021,0.910833
86.4123,0.009012,0.0021,0.911014
86.4143,0.033183,0.0021,0.911285
86.4163,0.033183,0.0021,0.911554
86.4183,0.028996,0.0021,0.911817
86.4203,0.004864,0.0021,0.912184
86.4223,0.021926,0.0021,0.912606
86.4243,0.021926,0.0021,0.912957
86.4263,0.010624,0.0021,0.91345
86.4283,0.012289,0.0021,0.913839
86.4309,0.028817,0.0021,0.914308
86.4329,0.028817,0.0021,0.914933
86.4349,0.028817,0.0021,0.915494
86.4369,0.003901,0.0021,0.916047
86.4389,0.027005,0.0021,0.916558
86.4409,0.027005,0.0021,0.916982
86.4429,0.027005,0.0021,0.917511
86.4449,0.027005,0.0021,0.917903
86.4469,0.027005,0.0021,0.918548
86.4489,0.027005,0.0021,0.919098
86.4509,0.025454,0.0021,0.919627
86.4529,0.025454,0.0021,0.920306
86.4549,0.000466,0.0021,0.920975
86.4569,0.023416,0.0021,0.921669
86.4589,0.018213,0.0021,0.922357
86.4609,0.013376,0.0021,0.92308
86.4629,0.013376,0.0021,0.923854
86.4649,0.022859,0.0021,0.924559
86.4673,0.005698,0.0021,0.925382
86.4693,0.005698,0.0021,0.926375
86.4713,0.001218,0.0021,0.92713
86.4733,0.001218,0.0021,0.928011
86.4753,0.017272,0.0021,0.928887
86.4773,0.003702,0.0021,0.929759
86.4793,0.009859,0.0021,0.930635
86.4813,0.009181,0.0021,0.931613
86.4829,0.010298,0.0021,0.932582
86.4849,0.010298,0.0021,0.933363
86.4869,0.010298,0.0021,0.934433
86.4889,0.026722,0.0021,0.935577
86.4909,0.025997,0.0021,0.936844
86.4929,0.01218,0.0021,0.937937
86.4949,0.006736,0.0021,0.939249
86.4963,0.004836,0.0021,0.940401
86.4983,0.021249,0.0021,0.941434
86.5003,0.021249,0.0021,0.94284
86.5019,0.00517,0.0021,0.944281
86.5037,0.011382,0.0021,0.945343
86.5059,0.011382,0.0021,0.946877
86.5079,0.014367,0.0021,0.948455
86.5099,0.014367,0.0021,0.950017
86.5117,0.020203,0.0021,0.951662
86.5133,0.001807,0.0021,0.953163
86.5149,0.001807,0.0021,0.954364
86.5169,0.017635,0.0021,0.955728
86.5189,0.015951,0.0021,0.957347
86.5209,0.006078,0.0021,0.95911
86.5229,0.006078,0.0021,0.960776
86.5249,0.00884,0.0021,0.962418
86.5269,0.008105,0.0021,0.964164
86.5289,0.001682,0.0021,0.965865
86.5309,0.002972,0.0021,0.967644
86.5329,0.002972,0.0021,0.969431
86.5349,0.002997,0.0021,0.971035
86.5363,0.01036,0.0021,0.972726
86.5389,0.000741,0.0021,0.974461
86.5403,0.004862,0.0021,0.976164
86.5419,0.026932,0.0021,0.977554
86.5433,0.026932,0.0021,0.978862
86.5453,0.026932,0.0021,0.980248
86.5469,0.012779,0.0021,0.982031
86.5483,0.012779,0.0021,0.983382
86.5499,0.003539,0.0021,0.984705
86.5513,0.01012,0.0021,0.986087
86.5533,0.01012,0.0021,0.98751
86.5549,0.01012,0.0021,0.989364
86.5563,0.011896,0.0021,0.990744
86.5579,0.011896,0.0021,0.992232
86.5593,0.006235,0.0021,0.993589
86.5613,0.000878,0.0021,0.994932
86.5633,0.000878,0.0021,0.996836
86.5649,0.000878,0.0021,0.998661
86.5663,0.000878,0.00114,1.00002
86.5683,0.000878,0.08976,1.0015
86.5709,0.11104,0.2292,1.00382
86.5729,0.367548,0.32988,1.0055
86.5749,0.641289,0.40242,1.00671
86.5769,0.902414,0.4197,1.007
86.5789,1.0818,0.3984,1.00664
86.5809,1.09033,0.34998,1.00583
86.5829,1.03705,0.26394,1.0044
86.5849,0.929421,0.14904,1.00248
86.5869,0.690689,0.03336,1.00056
86.5889,0.414116,0.03336,0.998965
86.5909,0.288636,0.03336,0.997872
86.5929,0.184692,0.03336,0.99785
86.5949,0.089442,0.03336,0.998587
86.5973,0.076897,0.03336,0.99972
86.5989,0.100975,0.0783,1.00131
86.6009,0.171906,0.16746,1.00279
86.6029,0.329756,0.29784,1.00496
86.6049,0.556126,0.4155,1.00693
86.6069,0.820314,0.5,1.00841
86.6089,1.13351,0.5,1.00868
86.6109,1.36866,0.4869,1.00812
86.6129,1.37664,0.43488,1.00725
86.6149,1.27448,0.34566,1.00576
86.6169,1.11004,0.2217,1.0037
86.6189,0.905518,0.07536,1.00126
86.6209,0.604567,0.07536,0.999121
86.6229,0.359732,0.07536,0.997414
86.6249,0.257808,0.07536,0.996964
86.6269,0.109677,0.07536,0.997426
86.6289,0.063782,0.07536,0.998385
86.6309,0.075087,0.07536,0.999411
86.6329,0.079214,0.05508,1.00092
86.6349,0.122753,0.17646,1.00294
86.6369,0.305919,0.30456,1.00508
86.6389,0.571007,0.41556,1.00693
86.6409,0.82409,0.48186,1.00803
86.6429,1.09505,0.47916,1.00799
86.6449,1.32699,0.42318,1.00705
86.6469,1.24988,0.34854,1.00581
86.6489,1.08453,0.24582,1.0041
86.6509,0.943109,0.11316,1.00189
86.6529,0.679655,0.11316,0.999892
86.6549,0.414912,0.11316,0.998629
86.6569,0.218799,0.11316,0.998345
86.6589,0.097436,0.11316,0.998921
86.6609,0.074482,0.11316,0.999753
86.6629,0.0868,0.0393,1.00066
86.6649,0.125735,0.13554,1.00226
86.6673,0.283226,0.24462,1.00408
86.6693,0.459895,0.36762,1.00613
86.6713,0.72732,0.43554,1.00726
86.6733,1.01121,0.43338,1.00722
86.6753,1.18901,0.3816,1.00636
86.6773,1.10584,0.31656,1.00528
86.6793,0.980583,0.21534,1.00359
86.6819,0.810354,0.08946,1.00149
86.6839,0.609724,0.08946,0.999206
86.6859,0.371214,0.08946,0.998257
86.6878,0.206619,0.08946,0.998207
86.6893,0.088024,0.08946,0.998909
86.6909,0.047942,0.08946,0.999466
86.6929,0.066282,0.0105,1.00018
86.6949,0.090669,0.08946,1.00149
86.6969,0.170602,0.17478,1.00291
86.6989,0.313627,0.27042,1.00451
86.7009,0.50548,0.34638,1.00577
86.7029,0.710893,0.37062,1.00618
86.7049,0.903407,0.33474,1.00558
86.7069,0.994439,0.27624,1.0046
86.7089,0.865391,0.20994,1.0035
86.7109,0.722605,0.11574,1.00193
86.7129,0.574046,0.0153,1.00026
86.7149,0.388821,0.0153,0.999182
86.7169,0.240416,0.0153,0.998781
86.7189,0.122908,0.0153,0.999189
86.7209,0.012884,0.00342,1.00006
86.7229,0.053961,0.04086,1.00068
86.7249,0.117141,0.10272,1.00171
86.7269,0.19573,0.1758,1.00293
86.7289,0.334115,0.2511,1.00419
86.7309,0.500131,0.3081,1.00514
86.7329,0.669975,0.3141,1.00524
86.7349,0.808705,0.27924,1.00465
86.7369,0.850988,0.21894,1.00365
86.7389,0.743928,0.16824,1.0028
86.7409,0.603782,0.1023,1.00171
86.7429,0.492945,0.04086,1.00068
86.7449,0.35636,0.04086,0.999995
86.7469,0.204779,0.04086,0.999947
86.7489,0.105916,0.02322,1.00039
86.7509,0.054633,0.07332,1.00122
86.7529,0.148104,0.11172,1.00186
86.7549,0.256736,0.16482,1.00275
86.7569,0.360941,0.20958,1.00349
86.7589,0.467973,0.24648,1.00411
86.7609,0.591658,0.24936,1.00416
86.7629,0.666435,0.23058,1.00384
86.7649,0.706045,0.18936,1.00316
86.7669,0.638908,0.16128,1.00269
86.7689,0.555921,0.12438,1.00207
86.7709,0.480685,0.09102,1.00152
86.7729,0.398025,0.08178,1.00136
86.7749,0.341537,0.08862,1.00148
86.7769,0.293843,0.11148,1.00186
86.779,0.315011,0.14496,1.00242
86.7809,0.363067,0.16944,1.00282
86.783,0.436316,0.1902,1.00317
86.7849,0.494405,0.19776,1.0033
86.787,0.540106,0.18882,1.00315
86.789,0.562564,0.1785,1.00298
86.791,0.560754,0.1608,1.00268
86.7929,0.53081,0.14658,1.00244
86.795,0.499672,0.13686,1.00228
86.797,0.454941,0.1428,1.00238
86.799,0.445724,0.15102,1.00252
86.8009,0.44384,0.1623,1.00271
86.803,0.46373,0.1758,1.00293
86.805,0.489736,0.17868,1.00298
86.8074,0.527022,0.17628,1.00294
86.81,0.534318,0.16896,1.00282
86.812,0.533035,0.16104,1.00268
86.814,0.500539,0.15924,1.00265
86.8158,0.487289,0.15396,1.00257
86.818,0.484646,0.1551,1.00259
86.82,0.474629,0.1563,1.0026
86.822,0.469749,0.1617,1.0027
86.8238,0.483425,0.16452,1.00274
86.826,0.496643,0.16278,1.00271
86.828,0.48887,0.1656,1.00276
86.83,0.494312,0.1635,1.00273
86.8318,0.497609,0.16278,1.00271
86.834,0.503413,0.1578,1.00263
86.836,0.493734,0.15546,1.00259
86.838,0.479133,0.15786,1.00263
86.8398,0.470679,0.1578,1.00263
86.8424,0.475891,0.15492,1.00258
86.8444,0.468421,0.16128,1.00269
86.8464,0.482118,0.1581,1.00264
86.8484,0.483025,0.16104,1.00268
86.8504,0.479934,0.16368,1.00273
86.8524,0.487888,0.15642,1.00261
86.8544,0.484786,0.15822,1.00264
86.8564,0.477144,0.16188,1.0027
86.859,0.497565,0.1527,1.00255
86.861,0.47073,0.16008,1.00267
86.863,0.479788,0.1572,1.00262
86.865,0.477127,0.16302,1.00272
86.867,0.487866,0.15762,1.00263
86.869,0.474627,0.1617,1.0027
86.871,0.489343,0.16056,1.00268
86.873,0.474605,0.15648,1.00261
86.875,0.478071,0.1602,1.00267
86.8774,0.479211,0.15648,1.00261
86.8794,0.480396,0.1632,1.00272
86.8814,0.482565,0.1569,1.00262
86.8834,0.47918,0.16158,1.00269
86.8854,0.488925,0.1596,1.00266
86.8874,0.480023,0.16488,1.00275
86.89,0.490055,0.15912,1.00265
86.892,0.487961,0.16002,1.00267
86.894,0.482804,0.16146,1.00269
86.8958,0.490458,0.15732,1.00262
86.898,0.48255,0.159,1.00265
86.9,0.486414,0.16116,1.00269
86.902,0.48637,0.16506,1.00275
86.9038,0.49686,0.16296,1.00272
86.906,0.486506,0.16788,1.0028
86.908,0.495541,0.17268,1.00288
86.91,0.509915,0.1707,1.00285
86.9118,0.521372,0.17268,1.00288
86.9144,0.507578,0.17238,1.00287
86.9164,0.516521,0.16914,1.00282
86.9184,0.511954,0.165,1.00275
86.9204,0.50595,0.16878,1.00281
86.923,0.515009,0.16404,1.00273
86.925,0.505821,0.16686,1.00278
86.927,0.495927,0.16386,1.00273
86.929,0.495467,0.17172,1.00286
86.931,0.51221,0.17376,1.0029
86.933,0.50945,0.17508,1.00292
86.935,0.522939,0.16812,1.0028
86.937,0.513944,0.16818,1.0028
86.939,0.504417,0.165,1.00275
86.941,0.503154,0.1644,1.00274
86.943,0.504156,0.16422,1.00274
86.945,0.497567,0.16368,1.00273
86.947,0.499441,0.16002,1.00267
86.9494,0.485965,0.16332,1.00272
86.9514,0.492144,0.16386,1.00273
86.954,0.492462,0.16002,1.00267
86.956,0.489347,0.16074,1.00268
86.958,0.484928,0.16788,1.0028
86.9598,0.497544,0.16458,1.00274
86.962,0.505331,0.16356,1.00273
86.964,0.498079,0.1641,1.00274
86.966,0.499821,0.16476,1.00275
86.9678,0.509373,0.15858,1.00264
86.97,0.492621,0.16452,1.00274
86.972,0.487792,0.16368,1.00273
86.974,0.494738,0.16848,1.00281
86.9758,0.509394,0.17052,1.00284
86.978,0.510813,0.16848,1.00281
86.98,0.510524,0.1674,1.00279
86.982,0.515611,0.1716,1.00286
86.9838,0.506769,0.16596,1.00277
86.9864,0.510322,0.1638,1.00273
86.9884,0.499808,0.16434,1.00274
86.9904,0.494267,0.16392,1.00273
86.9924,0.501067,0.16602,1.00277
86.9944,0.50282,0.1662,1.00277
86.9964,0.498547,0.17022,1.00284
86.9984,0.505058,0.16374,1.00273
87.0004,0.508713,0.16878,1.00281
87.003,0.506661,0.17508,1.00292
87.005,0.523435,0.17148,1.00286
87.007,0.521502,0.16812,1.0028
87.009,0.512596,0.17076,1.00285
87.011,0.517751,0.16746,1.00279
87.013,0.509363,0.1647,1.00274
87.015,0.51076,0.16662,1.00278
87.017,0.505884,0.1641,1.00274
87.019,0.504785,0.1695,1.00283
87.0214,0.512571,0.17496,1.00292
87.0234,0.517924,0.17148,1.00286
87.0254,0.515538,0.17754,1.00296
87.0274,0.533893,0.17862,1.00298
87.0294,0.533505,0.17688,1.00295
87.0314,0.541043,0.17748,1.00296
87.0334,0.537742,0.17076,1.00285
87.0354,0.527159,0.16662,1.00278
87.0374,0.512636,0.1674,1.00279
87.0394,0.50237,0.16884,1.00281
87.0414,0.515571,0.16806,1.0028
87.0434,0.509002,0.17604,1.00293
87.0454,0.515673,0.17604,1.00293
87.0474,0.527718,0.17712,1.00295
87.0494,0.53075,0.18354,1.00306
87.0514,0.539948,0.17946,1.00299
87.0534,0.541457,0.17556,1.00293
87.0558,0.527747,0.17676,1.00295
87.058,0.532278,0.17826,1.00297
87.06,0.539804,0.17838,1.00297
87.062,0.548826,0.18132,1.00302
87.0638,0.539866,0.18726,1.00312
87.066,0.551992,0.18222,1.00304
87.068,0.558276,0.1872,1.00312
87.07,0.554985,0.18684,1.00311
87.0718,0.565723,0.18804,1.00313
87.074,0.573277,0.18588,1.0031
87.076,0.562652,0.18318,1.00305
87.078,0.559526,0.18456,1.00308
87.0798,0.561394,0.1845,1.00308
87.082,0.561181,0.1839,1.00307
87.084,0.559543,0.18228,1.00304
87.086,0.554929,0.18774,1.00313
87.0878,0.562734,0.18222,1.00304
87.0901,0.556535,0.18504,1.00308
87.0924,0.547487,0.18762,1.00313
87.0944,0.561131,0.183,1.00305
87.0964,0.559518,0.1848,1.00308
87.099,0.564168,0.17736,1.00296
87.101,0.556587,0.18372,1.00306
87.103,0.554897,0.1854,1.00309
87.105,0.553678,0.18732,1.00312
87.107,0.561194,0.18342,1.00306
87.109,0.564226,0.1884,1.00314
87.111,0.568494,0.18714,1.00312
87.113,0.564306,0.19086,1.00318
87.115,0.567018,0.19356,1.00323
87.117,0.579503,0.18612,1.0031
87.119,0.57017,0.18936,1.00316
87.121,0.570432,0.19086,1.00318
87.123,0.574917,0.1902,1.00317
87.125,0.574685,0.18822,1.00314
87.1274,0.577952,0.19128,1.00319
87.1294,0.574592,0.19134,1.00319
87.1314,0.57435,0.19158,1.00319
87.1334,0.573382,0.1962,1.00327
87.1354,0.586552,0.19344,1.00322
87.1374,0.582727,0.1965,1.00328
87.1394,0.590152,0.19458,1.00324
87.1414,0.594452,0.18456,1.00308
87.1434,0.57502,0.19254,1.00321
87.1454,0.573146,0.19164,1.00319
87.1474,0.581277,0.19152,1.00319
87.1494,0.582956,0.19416,1.00324
87.1514,0.583634,0.18684,1.00311
87.1534,0.568978,0.19014,1.00317
87.1554,0.568566,0.19188,1.0032
87.1574,0.58099,0.18894,1.00315
87.1594,0.578015,0.19194,1.0032
87.1614,0.582615,0.18918,1.00315
87.164,0.577971,0.19182,1.0032
87.166,0.574691,0.18402,1.00307
87.1678,0.567267,0.18486,1.00308
87.17,0.564178,0.18456,1.00308
87.172,0.564207,0.18738,1.00312
87.174,0.56262,0.1836,1.00306
87.1758,0.562654,0.1881,1.00314
87.178,0.564126,0.18594,1.0031
87.18,0.556621,0.1845,1.00308
87.182,0.544082,0.18894,1.00315
87.1838,0.572973,0.19056,1.00318
87.186,0.576481,0.18126,1.00302
87.188,0.559701,0.18744,1.00312
87.19,0.559263,0.18822,1.00314
87.1918,0.5721,0.1848,1.00308
87.194,0.568714,0.18564,1.00309
87.196,0.567364,0.18702,1.00312
87.1984,0.561055,0.18702,1.00312
87.2004,0.559753,0.18522,1.00309
87.2024,0.555109,0.1869,1.00312
87.2044,0.557992,0.1875,1.00313
87.2064,0.562957,0.18552,1.00309
87.2084,0.564583,0.18492,1.00308
87.211,0.562719,0.18606,1.0031
87.213,0.561173,0.18684,1.00311
87.215,0.565828,0.18198,1.00303
87.217,0.553353,0.1842,1.00307
87.219,0.556469,0.18402,1.00307
87.221,0.553488,0.18606,1.0031
87.223,0.556576,0.18204,1.00303
87.2244,0.551915,0.18966,1.00316
87.2264,0.561179,0.18876,1.00315
87.2284,0.562639,0.18576,1.0031
87.2304,0.561102,0.18336,1.00306
87.2324,0.562803,0.18282,1.00305
87.235,0.561122,0.17904,1.00298
87.237,0.545978,0.18324,1.00305
87.239,0.558124,0.1845,1.00308
87.241,0.556598,0.18666,1.00311
87.243,0.563962,0.1821,1.00304
87.245,0.564349,0.18222,1.00304
87.247,0.552041,0.17712,1.00295
87.249,0.545842,0.18552,1.00309
87.251,0.564191,0.18174,1.00303
87.253,0.549016,0.1806,1.00301
87.255,0.549012,0.1782,1.00297
87.2564,0.539885,0.18432,1.00307
87.2584,0.544168,0.1797,1.003
87.2604,0.545993,0.1809,1.00301
87.2624,0.549031,0.18096,1.00302
87.2644,0.554818,0.18072,1.00301
87.2664,0.542957,0.17706,1.00295
87.269,0.547473,0.18306,1.00305
87.271,0.546029,0.17862,1.00298
87.273,0.543896,0.18552,1.00309
87.275,0.55812,0.18336,1.00306
87.277,0.555145,0.18096,1.00302
87.279,0.535556,0.18642,1.00311
87.281,0.557989,0.18186,1.00303
87.283,0.56131,0.17778,1.00296
87.285,0.550406,0.18222,1.00304
87.287,0.548908,0.18156,1.00303
87.289,0.548982,0.18396,1.00307
87.291,0.555135,0.18228,1.00304
87.293,0.555094,0.1836,1.00306
87.295,0.55175,0.18786,1.00313
87.297,0.565571,0.18642,1.00311
87.299,0.561101,0.19224,1.0032
87.301,0.57652,0.186,1.0031
87.3034,0.573365,0.18612,1.0031
87.3054,0.565711,0.19062,1.00318
87.3074,0.570217,0.19152,1.00319
87.3094,0.579809,0.18792,1.00313
87.3114,0.568635,0.18726,1.00312
87.3134,0.571178,0.1914,1.00319
87.3154,0.568885,0.19086,1.00318
87.3174,0.570366,0.19374,1.00323
87.3194,0.582106,0.19632,1.00327
87.3214,0.593563,0.19608,1.00327
87.3234,0.588927,0.19572,1.00326
87.3254,0.591376,0.19686,1.00328
87.3274,0.592896,0.19932,1.00332
87.3294,0.599748,0.19818,1.0033
87.3314,0.594319,0.1968,1.00328
87.3334,0.597407,0.19728,1.00329
87.3354,0.595355,0.19176,1.0032
87.3374,0.585158,0.19692,1.00328
87.34,0.594657,0.19944,1.00332
87.342,0.598889,0.19734,1.00329
87.3439,0.60733,0.20166,1.00336
87.346,0.605794,0.20052,1.00334
87.348,0.609594,0.19332,1.00322
87.35,0.597643,0.19692,1.00328
87.3519,0.588706,0.18942,1.00316
87.354,0.587048,0.19446,1.00324
87.356,0.589795,0.1908,1.00318
87.358,0.586109,0.19182,1.0032
87.3599,0.58248,0.19296,1.00322
87.362,0.582374,0.18708,1.00312
87.364,0.581727,0.1887,1.00314
87.366,0.571987,0.18912,1.00315
87.3679,0.57473,0.18936,1.00316
87.37,0.571985,0.19374,1.00323
87.372,0.579561,0.18996,1.00317
87.3745,0.582445,0.18684,1.00311
87.3765,0.574887,0.18636,1.00311
87.3785,0.562735,0.18588,1.0031
87.3805,0.562633,0.18738,1.00312
87.3825,0.565906,0.18186,1.00303
87.3845,0.557663,0.17772,1.00296
87.387,0.544257,0.17772,1.00296
87.389,0.541339,0.1791,1.00299
87.391,0.538511,0.17658,1.00294
87.393,0.536692,0.17406,1.0029
87.395,0.536683,0.18618,1.0031
87.397,0.550516,0.17334,1.00289
87.399,0.54061,0.17532,1.00292
87.401,0.53199,0.17742,1.00296
87.403,0.538103,0.17424,1.0029
87.405,0.536784,0.1761,1.00294
87.407,0.532054,0.1668,1.00278
87.409,0.525416,0.1671,1.00279
87.4115,0.509672,0.16716,1.00279
87.4135,0.506958,0.1701,1.00284
87.4155,0.512045,0.17154,1.00286
87.4175,0.510875,0.16992,1.00283
87.4195,0.521056,0.16722,1.00279
87.4215,0.513068,0.16584,1.00276
87.4235,0.501645,0.16434,1.00274
87.426,0.502942,0.1665,1.00278
87.428,0.515097,0.16656,1.00278
87.43,0.5033,0.16206,1.0027
87.4319,0.500327,0.16566,1.00276
87.434,0.497351,0.16476,1.00275
87.436,0.505239,0.16566,1.00276
87.438,0.496799,0.16254,1.00271
87.4399,0.496993,0.1629,1.00272
87.442,0.499633,0.16014,1.00267
87.444,0.495738,0.16092,1.00268
87.4465,0.482407,0.15816,1.00264
87.4485,0.48364,0.15978,1.00266
87.4511,0.485545,0.16008,1.00267
87.453,0.48199,0.1659,1.00277
87.4551,0.48942,0.16656,1.00278
87.4571,0.504178,0.1623,1.00271
87.4591,0.494974,0.15978,1.00266
87.4611,0.489409,0.16008,1.00267
87.4631,0.48237,0.16038,1.00267
87.4651,0.49154,0.1599,1.00267
87.4671,0.478934,0.15018,1.0025
87.4691,0.473693,0.15204,1.00253
87.4711,0.470934,0.15522,1.00259
87.4731,0.473059,0.1536,1.00256
87.4751,0.463151,0.15516,1.00259
87.4771,0.465241,0.15888,1.00265
87.4791,0.470768,0.15648,1.00261
87.4815,0.477804,0.15144,1.00252
87.4835,0.463544,0.15534,1.00259
87.4855,0.46319,0.14718,1.00245
87.4875,0.46535,0.1449,1.00242
87.4895,0.444424,0.14778,1.00246
87.4915,0.447329,0.14292,1.00238
87.4935,0.441516,0.15432,1.00257
87.4955,0.451187,0.14976,1.0025
87.4975,0.451306,0.1494,1.00249
87.4995,0.449495,0.14706,1.00245
87.5015,0.453797,0.1476,1.00246
87.5039,0.452906,0.14562,1.00243
87.5061,0.442034,0.14964,1.00249
87.5081,0.447254,0.14028,1.00234
87.5101,0.445965,0.14424,1.0024
87.5119,0.443446,0.14622,1.00244
87.5141,0.43458,0.1461,1.00244
87.5161,0.44886,0.1407,1.00235
87.5185,0.427781,0.14178,1.00236
87.5205,0.427056,0.14538,1.00242
87.5225,0.43417,0.14292,1.00238
87.5245,0.437079,0.13794,1.0023
87.5265,0.424463,0.13878,1.00231
87.5285,0.417689,0.14106,1.00235
87.5311,0.421306,0.14178,1.00236
87.5331,0.432166,0.14148,1.00236
87.5351,0.431913,0.14112,1.00235
87.5371,0.4271,0.14064,1.00234
87.5391,0.428573,0.1362,1.00227
87.5411,0.417669,0.13896,1.00232
87.5431,0.419307,0.13068,1.00218
87.5451,0.41385,0.135,1.00225
87.5471,0.406444,0.13338,1.00222
87.5491,0.410204,0.13242,1.00221
87.5511,0.399079,0.1302,1.00217
87.5531,0.389922,0.13008,1.00217
87.5551,0.399183,0.12828,1.00214
87.5571,0.385986,0.13008,1.00217
87.5591,0.390736,0.12408,1.00207
87.5611,0.382397,0.12972,1.00216
87.5631,0.388673,0.1245,1.00208
87.5651,0.375023,0.12606,1.0021
87.5671,0.387705,0.12582,1.0021
87.5691,0.377756,0.12264,1.00204
87.5711,0.37228,0.12378,1.00206
87.5731,0.375358,0.12216,1.00204
87.5751,0.366139,0.11598,1.00193
87.5771,0.364861,0.11376,1.0019
87.5791,0.355671,0.114,1.0019
87.5811,0.351878,0.11088,1.00185
87.5831,0.335924,0.1113,1.00186
87.5851,0.339157,0.10914,1.00182
87.5875,0.340038,0.10728,1.00179
87.5901,0.334944,0.10392,1.00173
87.5919,0.315928,0.10212,1.0017
87.5941,0.314886,0.09618,1.0016
87.5961,0.304464,0.09246,1.00154
87.5981,0.287293,0.08142,1.00136
87.5999,0.265465,0.08112,1.00135
87.6021,0.258918,0.07692,1.00128
87.6041,0.2381,0.0726,1.00121
87.6061,0.228771,0.07296,1.00122
87.6079,0.232875,0.07134,1.00119
87.6101,0.212534,0.07002,1.00117
87.6121,0.212113,0.06918,1.00115
87.6141,0.211508,0.06738,1.00112
87.6159,0.191816,0.06846,1.00114
87.6181,0.203488,0.06462,1.00108
87.6201,0.20292,0.06066,1.00101
87.6225,0.191595,0.05742,1.00096
87.6251,0.189434,0.05034,1.00084
87.6271,0.163214,0.04896,1.00082
87.6291,0.154482,0.04506,1.00075
87.6311,0.15467,0.0405,1.00068
87.6331,0.135648,0.03888,1.00065
87.6351,0.118842,0.03708,1.00062
87.6371,0.119346,0.0396,1.00066
87.6391,0.126761,0.04452,1.00074
87.6411,0.123849,0.04356,1.00073
87.6431,0.12867,0.04314,1.00072
87.6451,0.133362,0.03936,1.00066
87.6471,0.126778,0.03636,1.00061
87.6491,0.119591,0.03912,1.00065
87.6511,0.108772,0.03012,1.0005
87.6531,0.11896,0.02544,1.00042
87.6551,0.084724,0.01434,1.00024
87.6581,0.053387,0.01806,1.0003
87.6605,0.058972,0.0189,1.00032
87.6625,0.062127,0.01656,1.00028
87.6645,0.04432,0.02016,1.00034
87.6665,0.049674,0.01662,1.00028
87.6685,0.065323,0.0195,1.00033
87.6705,0.04873,0.01554,1.00026
87.6725,0.044098,0.0168,1.00028
87.6751,0.053977,0.0102,1.00017
87.6771,0.037313,0.00696,1.00012
87.6791,0.024093,0.00672,1.00011
87.6811,0.025295,0.00672,0.999965
87.6831,0.006678,0.00672,0.999948
87.6845,0.00301,0.00672,0.999941
87.6861,0.00301,0.00672,0.999902
87.6879,0.00301,0.00672,0.999946
87.6901,0.009579,0.00672,0.999976
87.6921,0.003345,0.00672,0.999998
87.6941,0.003345,0.00672,0.999927
87.6959,0.003345,0.00672,0.999934
87.6981,0.009133,0.00672,0.999933
87.7001,0.000691,0.00672,0.999891
87.7021,0.000691,0.00672,0.99988
87.7039,0.000691,0.00672,0.999787
87.7061,0.010912,0.00672,0.999903
87.7081,0.010912,0.00672,0.999735
87.7101,0.010912,0.00672,0.99973
87.7119,0.010912,0.00672,0.999766
87.7141,0.011799,0.00672,0.999714
87.7161,0.002545,0.00672,0.999556
87.7181,0.002545,0.00672,0.99962
87.7199,0.002545,0.00672,0.999492
87.7221,0.002545,0.00672,0.999528
87.7241,0.020082,0.00672,0.999459
87.7261,0.020082,0.00672,0.99937
87.7285,0.006479,0.00672,0.999311
87.7301,0.006479,0.00672,0.999224
87.7321,0.013189,0.00672,0.999295
87.7341,0.003647,0.00672,0.999274
87.7359,0.003647,0.00672,0.999103
87.7381,0.003647,0.00672,0.99918
87.7401,0.017612,0.00672,0.999134
87.7421,0.010723,0.00672,0.999109
87.7439,0.010723,0.00672,0.999097
87.7455,0.000737,0.00672,0.999182
87.7471,0.009012,0.00672,0.999129
87.7491,0.009012,0.00672,0.999114
87.7511,0.009012,0.00672,0.998999
87.7531,0.009012,0.00672,0.999053
87.7551,0.009754,0.00672,0.999
87.7571,0.002377,0.00672,0.998917
87.7591,0.002377,0.00672,0.99892
87.7621,0.002377,0.00672,0.998887
87.7641,0.002377,0.00672,0.998829
87.7661,0.002377,0.00672,0.99874
87.7679,0.006831,0.00672,0.998787
87.7701,0.008951,0.00672,0.998702
87.7721,0.008951,0.00672,0.998654
87.7741,0.008951,0.00672,0.998637
87.776,0.002298,0.00672,0.998549
87.7775,0.001225,0.00672,0.99848
87.7791,0.001225,0.00672,0.998421
87.7811,0.014246,0.00672,0.998382
87.7831,0.005845,0.00672,0.998206
87.7851,0.007337,0.00672,0.998073
87.7871,0.007337,0.00672,0.99797
87.7891,0.007337,0.00672,0.997932
87.7911,0.007655,0.00672,0.997789
87.7931,0.003177,0.00672,0.997723
87.7955,0.010127,0.00672,0.997591
87.7971,0.004949,0.00672,0.997417
87.7991,0.001977,0.00672,0.997476
87.8011,0.00384,0.00672,0.997323
87.8031,0.001083,0.00672,0.997165
87.8051,0.017149,0.00672,0.997063
87.8071,0.017149,0.00672,0.996845
87.8091,0.014928,0.00672,0.996791
87.8111,0.006407,0.00672,0.996654
87.8131,0.021333,0.00672,0.996503
87.8151,0.021333,0.00672,0.996392
87.8171,0.015461,0.00672,0.996168
87.8191,0.015461,0.00672,0.996006
87.8211,0.023085,0.00672,0.995816
87.8231,0.001674,0.00672,0.995833
87.8251,0.002299,0.00672,0.995541
87.8271,0.002299,0.00672,0.995467
87.8295,0.002299,0.00672,0.995276
87.8311,0.002299,0.00672,0.995105
87.8331,0.017532,0.00672,0.994939
87.8351,0.017532,0.00672,0.994818
87.8371,0.043715,0.00672,0.994651
87.8391,0.043715,0.00672,0.994572
87.8411,0.022628,0.00672,0.994293
87.8431,0.022628,0.00672,0.994131
87.8451,0.009748,0.00672,0.994007
87.8471,0.009748,0.00672,0.993883
87.8491,0.019262,0.00672,0.993688
87.8511,0.019262,0.00672,0.993538
87.8531,0.02138,0.00672,0.993334
87.8551,0.024927,0.00672,0.993144
87.8571,0.024927,0.00672,0.992968
87.8591,0.024927,0.00672,0.992916
87.8615,0.006322,0.00672,0.99276
87.8631,0.031672,0.00672,0.992564
87.8651,0.031672,0.00672,0.992345
87.8671,0.031672,0.00672,0.992224
87.8691,0.014604,0.00672,0.992058
87.8711,0.015596,0.00672,0.991803
87.8731,0.015596,0.00672,0.991687
87.8751,0.015596,0.00672,0.991416
87.8771,0.011337,0.00672,0.991254
87.8791,0.034541,0.00672,0.990943
87.8811,0.000495,0.00672,0.990841
87.8831,0.005689,0.00672,0.990605
87.8851,0.019774,0.00672,0.990365
87.8871,0.0042,0.00672,0.990156
87.8891,0.013511,0.00672,0.989895
87.8911,0.00436,0.00672,0.989713
87.8931,0.023044,0.00672,0.989602
87.8955,0.023044,0.00672,0.989359
87.8975,0.023044,0.00672,0.989112
87.8995,0.023044,0.00672,0.988872
87.9015,0.023044,0.00672,0.988683
87.9035,0.004859,0.00672,0.988362
87.9055,0.035446,0.00672,0.988051
87.9075,0.035446,0.00672,0.987788
87.9095,0.035446,0.00672,0.987572
87.9115,0.023541,0.00672,0.987285
87.9135,0.006809,0.00672,0.987018
87.9155,0.006809,0.00672,0.986714
87.9175,0.003521,0.00672,0.986395
87.9195,0.001118,0.00672,0.986169
87.9215,0.001118,0.00672,0.985869
87.9235,0.013633,0.00672,0.985489
87.9255,0.026819,0.00672,0.985083
87.9275,0.026819,0.00672,0.984818
87.9301,0.026674,0.00672,0.984463
87.9321,0.026674,0.00672,0.984017
87.9341,0.002104,0.00672,0.983518
87.936,0.010066,0.00672,0.983133
87.9375,0.005939,0.00672,0.982606
87.9395,0.005939,0.00672,0.982329
87.9415,0.005939,0.00672,0.981917
87.9435,0.009833,0.00672,0.98149
87.9455,0.012268,0.00672,0.980977
87.9475,0.012268,0.00672,0.98059
87.9495,0.012268,0.00672,0.980151
87.9515,0.004836,0.00672,0.979676
87.9535,0.003107,0.00672,0.979406
87.9555,0.003107,0.00672,0.978874
87.9575,0.003107,0.00672,0.978504
87.9595,0.023393,0.00672,0.978083
87.9615,0.005993,0.00672,0.977503
87.9641,0.017193,0.00672,0.977078
87.9661,0.026804,0.00672,0.976446
87.968,0.026804,0.00672,0.975763
87.9701,0.000994,0.00672,0.975387
87.9721,0.000994,0.00672,0.974675
87.9741,0.005286,0.00672,0.974152
87.976,0.005286,0.00672,0.973689
87.9781,0.001326,0.00672,0.973131
87.9801,0.001326,0.00672,0.972528
87.9821,0.004674,0.00672,0.971864
87.984,0.004674,0.00672,0.97124
87.9861,0.004674,0.00672,0.970667
87.9881,0.004674,0.00672,0.969909
87.9901,0.000824,0.00672,0.96916
87.992,0.003014,0.00672,0.968365
87.9941,0.003014,0.00672,0.967821
87.9961,0.003014,0.00672,0.966943
87.9985,0.004013,0.00672,0.966247
88.0006,0.004013,0.00672,0.965278
88.0025,0.010587,0.00672,0.964714
88.0045,0.006581,0.00672,0.963862
88.0065,0.006581,0.00672,0.963186
88.0085,0.006581,0.00672,0.962453
88.0105,0.013899,0.00672,0.961768
88.0125,0.010527,0.00672,0.961132
88.0145,0.005578,0.00672,0.960372
88.0166,0.005578,0.00672,0.9597
88.0185,0.005578,0.00672,0.958991
88.0205,0.024506,0.00672,0.958342
88.0225,0.016931,0.00672,0.957691
88.0245,0.016931,0.00672,0.957087
88.0265,0.016931,0.00672,0.956567
88.0285,0.022763,0.00672,0.955957
88.0305,0.035473,0.00672,0.955315
88.0325,0.000419,0.00672,0.954746
88.0341,0.009808,0.00672,0.954331
88.0361,0.009808,0.00672,0.953833
88.0381,0.009808,0.00672,0.95342
88.04,0.028827,0.00672,0.952951
88.0421,0.019668,0.00672,0.952669
88.0441,0.019668,0.00672,0.952234
88.0461,0.019668,0.00672,0.951835
88.048,0.034762,0.00672,0.951609
88.0495,0.039503,0.00672,0.951309
88.0511,0.019804,0.00672,0.951206
88.0531,0.015278,0.00672,0.951026
88.0551,0.004513,0.00672,0.950849
88.0566,0.05698,0.00672,0.950751
88.0581,0.033822,0.00672,0.950781
88.0601,0.033822,0.00672,0.950713
88.0626,0.006256,0.00672,0.950753
88.064,0.035223,0.00672,0.950741
88.0656,0.075012,0.00672,0.950724
88.0671,0.010701,0.00672,0.95081
88.0691,0.026159,0.00672,0.950862
88.0711,0.013667,0.00672,0.950828
88.0726,0.022974,0.00672,0.951032
88.0741,0.007734,0.00672,0.951075
88.0761,0.007734,0.00672,0.951169
88.0781,0.007734,0.00672,0.951249
88.08,0.007692,0.00672,0.951394
88.0816,0.000235,0.00672,0.951483
88.0831,0.000235,0.00672,0.951611
88.0846,0.000235,0.00672,0.951781
88.0861,0.000235,0.00672,0.951922
88.0876,0.000235,0.00672,0.95206
88.0901,0.02432,0.00672,0.952264
88.0916,0.03359,0.00672,0.952471
88.0936,0.024265,0.00672,0.952663
88.0951,0.012486,0.00672,0.953015
88.0966,0.019459,0.00672,0.953149
88.0981,0.01009,0.00672,0.953401
88.0996,0.023949,0.00672,0.953502
88.1011,0.017124,0.00672,0.953857
88.1026,0.023689,0.00672,0.954071
88.104,0.023541,0.00672,0.954425
88.1061,0.021538,0.00672,0.954668
88.1076,0.021538,0.00672,0.955109
88.1091,0.034912,0.00672,0.955374
88.1106,0.009135,0.00672,0.955699
88.112,0.012153,0.00672,0.956046
88.1136,0.001977,0.00672,0.956201
88.1151,0.012828,0.00672,0.956664
88.1166,0.006562,0.00672,0.957052
88.1181,0.030968,0.00672,0.957331
88.12,0.025126,0.00672,0.957682
88.1221,0.025126,0.00672,0.958076
88.1236,0.025126,0.00672,0.958582
88.1251,0.025126,0.00672,0.958993
88.1271,0.025126,0.00672,0.959227
88.1286,0.025126,0.00672,0.959753
88.1301,0.025126,0.00672,0.96007
88.1321,0.008502,0.00672,0.960438
88.1342,0.005946,0.00672,0.96086
88.1356,0.005772,0.00672,0.961509
88.1382,0.006419,0.00672,0.96187
88.1396,0.006419,0.00672,0.962403
88.1411,0.006419,0.00672,0.962898
88.1431,0.006584,0.00672,0.963245
88.1451,0.006584,0.00672,0.963689
88.1472,0.006584,0.00672,0.964307
88.1492,0.004196,0.00672,0.964815
88.1512,0.004196,0.00672,0.965161
88.1532,0.000924,0.00672,0.965736
88.1552,0.000924,0.00672,0.966117
88.1572,0.004583,0.00672,0.966694
88.1592,0.004291,0.00672,0.96719
88.1606,0.004291,0.00672,0.967559
88.1622,0.005561,0.00672,0.967976
88.1642,0.008234,0.00672,0.968405
88.1662,0.000352,0.00672,0.96894
88.168,0.000352,0.00672,0.969297
88.1696,0.000352,0.00672,0.969826
88.1712,0.000352,0.00672,0.970166
88.1732,0.000348,0.00672,0.970627
88.1752,0.013016,0.00672,0.971144
88.1766,0.013016,0.00672,0.971608
88.1782,0.004967,0.00672,0.971989
88.1802,0.021915,0.00672,0.97234
88.1822,0.004974,0.00672,0.973072
88.1846,0.016409,0.00672,0.973499
88.1872,0.016409,0.00672,0.974396
88.1892,0.016409,0.00672,0.975142
88.1912,0.009447,0.00672,0.975675
88.1932,0.009447,0.00672,0.976389
88.1952,0.009447,0.00672,0.977031
88.1972,0.009447,0.00672,0.977668
88.1992,0.009447,0.00672,0.978211
88.2012,0.009447,0.00672,0.978938
88.2032,0.020268,0.00672,0.979637
88.2052,0.020268,0.00672,0.980294
88.2072,0.006616,0.00672,0.981088
88.2092,0.006616,0.00672,0.981814
88.2112,0.006616,0.00672,0.982512
88.2132,0.006616,0.00672,0.983143
88.2152,0.005575,0.00672,0.983985
88.2166,0.005575,0.00672,0.984526
88.2186,0.005575,0.00672,0.985002
88.2202,0.020655,0.00672,0.9858
88.2222,0.020655,0.00672,0.986321
88.224,0.021253,0.00672,0.987116
88.2256,0.015709,0.00672,0.987713
88.2272,0.03457,0.00672,0.988384
88.2292,0.03128,0.00672,0.988888
88.2312,0.032362,0.00672,0.989598
88.2326,0.032362,0.00672,0.990323
88.2342,0.032362,0.00672,0.990806
88.2362,0.032362,0.00672,0.991386
88.2382,0.032362,0.00672,0.992042
88.24,0.015922,0.00672,0.992727
88.2416,0.014285,0.00672,0.993282
88.2432,0.023549,0.00672,0.993927
88.2452,0.018289,0.00672,0.994182
88.2472,0.018289,0.00672,0.99489
88.2486,0.00096,0.00672,0.995579
88.2506,0.00096,0.00672,0.995986
88.2522,0.00096,0.00672,0.996639
88.2542,0.00096,0.00672,0.997076
88.256,0.002287,0.00672,0.997564
88.2576,0.002287,0.00672,0.99812
88.2592,0.003976,0.00672,0.998689
88.2612,0.003976,0.00672,0.999041
88.2632,0.007446,0.00672,0.999668
88.2652,0.007446,0.01542,1.00026
88.2672,0.012995,0.05712,1.00095
88.2692,0.089432,0.0867,1.00145
88.2712,0.166992,0.11244,1.00187
88.2732,0.247468,0.12678,1.00211
88.2752,0.315558,0.1338,1.00223
88.2772,0.355619,0.13572,1.00226
88.2792,0.384942,0.12906,1.00215
88.2812,0.408511,0.12204,1.00203
88.2836,0.38526,0.12018,1.002
88.2856,0.382406,0.1251,1.00209
88.2876,0.382307,0.12534,1.00209
88.2896,0.383906,0.144,1.0024
88.2916,0.402831,0.15492,1.00258
88.2936,0.445211,0.17592,1.00293
88.2956,0.475779,0.18474,1.00308
88.2982,0.540105,0.1935,1.00323
88.3002,0.55343,0.19908,1.00332
88.3022,0.57977,0.19518,1.00325
88.304,0.588375,0.20148,1.00336
88.3062,0.600284,0.19686,1.00328
88.3082,0.606138,0.19974,1.00333
88.3102,0.602302,0.20316,1.00339
88.312,0.609654,0.19998,1.00333
88.3142,0.611015,0.20178,1.00336
88.3162,0.612682,0.20496,1.00342
88.3182,0.607442,0.21204,1.00353
88.3206,0.627404,0.21288,1.00355
88.3226,0.635238,0.21636,1.00361
88.3246,0.646851,0.22038,1.00367
88.3266,0.659533,0.22464,1.00374
88.3286,0.671943,0.22254,1.00371
88.3312,0.677382,0.22284,1.00371
88.3332,0.677208,0.22776,1.0038
88.3352,0.678719,0.22896,1.00382
88.3372,0.6933,0.2352,1.00392
88.3392,0.70888,0.24576,1.0041
88.3412,0.721834,0.2529,1.00422
88.3432,0.744136,0.26124,1.00435
88.3452,0.761864,0.26904,1.00448
88.3472,0.791561,0.27432,1.00457
88.3492,0.807452,0.27654,1.00461
88.3512,0.819676,0.28278,1.00471
88.3532,0.841781,0.27834,1.00464
88.3556,0.844283,0.27714,1.00462
88.3576,0.833678,0.27324,1.00455
88.3596,0.832619,0.26868,1.00448
88.3622,0.825068,0.27012,1.0045
88.3642,0.818089,0.27414,1.00457
88.3662,0.833866,0.2733,1.00456
88.368,0.83312,0.27612,1.0046
88.3702,0.830381,0.28086,1.00468
88.3722,0.837451,0.29028,1.00484
88.3742,0.851209,0.28806,1.0048
88.376,0.870162,0.28962,1.00483
88.3782,0.869161,0.2883,1.00481
88.3802,0.860273,0.28062,1.00468
88.3822,0.8585,0.27762,1.00463
88.384,0.849353,0.2739,1.00457
88.3862,0.838189,0.26928,1.00449
88.3882,0.823889,0.26598,1.00443
88.3902,0.812711,0.26706,1.00445
88.3926,0.814195,0.2745,1.00457
88.3952,0.809626,0.27696,1.00462
88.3972,0.828829,0.27156,1.00453
88.3992,0.830013,0.2682,1.00447
88.4012,0.810995,0.25986,1.00433
88.4032,0.792794,0.25602,1.00427
88.4052,0.781436,0.252,1.0042
88.4072,0.767036,0.24378,1.00406
88.4092,0.752495,0.2445,1.00408
88.4112,0.741617,0.24336,1.00406
88.4132,0.738272,0.24102,1.00402
88.4152,0.739033,0.22668,1.00378
88.4172,0.69917,0.23208,1.00387
88.4192,0.696684,0.22536,1.00376
88.4212,0.688882,0.22428,1.00374
88.4232,0.681012,0.21414,1.00357
88.4252,0.652068,0.2103,1.00351
88.4276,0.633948,0.2019,1.00337
88.4296,0.627482,0.1962,1.00327
88.4316,0.606593,0.19356,1.00323
88.4336,0.596054,0.18702,1.00312
88.4356,0.577804,0.18528,1.00309
88.4376,0.56768,0.17124,1.00285
88.4396,0.543143,0.16968,1.00283
88.4422,0.515618,0.15804,1.00263
88.4442,0.493808,0.15384,1.00256
88.4462,0.476558,0.14514,1.00242
88.448,0.453675,0.1314,1.00219
88.4502,0.422549,0.12432,1.00207
88.4522,0.392071,0.11508,1.00192
88.4542,0.358935,0.1071,1.00179
88.456,0.343071,0.0978,1.00163
88.4582,0.32328,0.08994,1.0015
88.4602,0.283179,0.08226,1.00137
88.4626,0.261975,0.08082,1.00135
88.4646,0.249269,0.06648,1.00111
88.4666,0.221443,0.05562,1.00093
88.4686,0.183459,0.04242,1.00071
88.4706,0.159795,0.03144,1.00052
88.4726,0.113302,0.01722,1.00029
88.4746,0.074098,0.00642,1.00011
88.4766,0.056625,0.00642,0.999837
88.4786,0.009731,0.00642,0.999699
88.48,0.015443,0.00642,0.999482
88.4816,0.015443,0.00642,0.999337
88.4832,0.004432,0.00642,0.999261
88.4852,0.004432,0.00642,0.999094
88.4872,0.004432,0.00642,0.99878
88.4892,0.004432,0.00642,0.998472
88.4912,0.004432,0.00642,0.997961
88.4932,0.004432,0.00642,0.997575
88.4956,0.004432,0.00642,0.996973
88.4972,0.004432,0.00642,0.996071
88.4992,0.004313,0.00642,0.995603
88.5012,0.004313,0.00642,0.994697
88.5032,0.004313,0.00642,0.993998
88.5052,0.004313,0.00642,0.993051
88.5072,0.004313,0.00642,0.992247
88.5092,0.004313,0.00642,0.991362
88.5112,0.000571,0.00642,0.990434
88.5132,0.000571,0.00642,0.989524
88.5152,0.000571,0.00642,0.988665
88.5172,0.024782,0.00642,0.987744
88.5192,0.004957,0.00642,0.98675
88.5212,0.016177,0.00642,0.985808
88.5232,0.00837,0.00642,0.984898
88.5252,0.008559,0.00642,0.983865
88.5276,0.008559,0.00642,0.982901
88.5292,0.008559,0.00642,0.981665
88.5312,0.017976,0.00642,0.980816
88.5332,0.00903,0.00642,0.979746
88.5352,0.00903,0.00642,0.97864
88.5372,0.00903,0.00642,0.9776
88.5392,0.00903,0.00642,0.97642
88.5412,0.00903,0.00642,0.975385
88.5432,0.00903,0.00642,0.974235
88.5452,0.00903,0.00642,0.973066
88.5472,0.003607,0.00642,0.971788
88.5492,0.003607,0.00642,0.970728
88.5512,0.003607,0.00642,0.969496
88.5532,0.003607,0.00642,0.968247
88.5552,0.00598,0.00642,0.967071
88.5572,0.001699,0.00642,0.965953
88.5592,0.001699,0.00642,0.964743
88.5612,0.008531,0.00642,0.963516
88.5632,0.011589,0.00642,0.962315
88.5652,0.011589,0.00642,0.961312
88.5672,0.007274,0.00642,0.960236
88.5692,0.007274,0.00642,0.959086
88.5712,0.00282,0.00642,0.958103
88.5732,0.036848,0.00642,0.957133
88.5752,0.001996,0.00642,0.956163
88.5772,0.015838,0.00642,0.955205
88.5792,0.013125,0.00642,0.954335
88.5812,0.013125,0.00642,0.953481
88.5832,0.044517,0.00642,0.952424
88.5852,0.044517,0.00642,0.951594
88.5872,0.044517,0.00642,0.950798
88.5892,0.020449,0.00642,0.95
88.5912,0.031225,0.00642,0.949345
88.5932,0.01957,0.00642,0.948501
88.5956,0.051737,0.00642,0.947906
88.5972,0.051737,0.00642,0.947052
88.5992,0.051737,0.00642,0.946648
88.6012,0.051737,0.00642,0.945985
88.6032,0.051737,0.00642,0.945402
88.6052,0.051737,0.00642,0.944885
88.6072,0.026174,0.00642,0.944398
88.6092,0.004303,0.00642,0.943957
88.6112,0.010625,0.00642,0.943456
88.6132,0.032385,0.00642,0.943149
88.6152,0.032385,0.00642,0.942758
88.6172,0.00054,0.00642,0.942408
88.6192,0.019288,0.00642,0.942072
88.6212,0.014174,0.00642,0.941715
88.6232,0.014174,0.00642,0.941457
88.6252,0.01616,0.00642,0.941103
88.6272,0.01616,0.00642,0.940855
88.6296,0.017374,0.00642,0.940505
88.6312,0.026362,0.00642,0.940193
88.6332,0.026362,0.00642,0.940259
88.6352,0.026362,0.00642,0.940024
88.6372,0.027741,0.00642,0.93993
88.6392,0.017562,0.00642,0.939886
88.6412,0.012996,0.00642,0.939778
88.6432,0.005596,0.00642,0.939826
88.6452,0.005596,0.00642,0.939934
88.6472,0.005596,0.00642,0.939817
88.6492,0.034576,0.00642,0.939941
88.6512,0.002206,0.00642,0.940084
88.6532,0.004933,0.00642,0.940188
88.6552,0.004933,0.00642,0.940322
88.6572,0.004933,0.00642,0.940459
88.6592,0.027462,0.00642,0.940701
88.6612,0.027462,0.00642,0.940831
88.6636,0.018967,0.00642,0.941295
88.6662,0.021844,0.00642,0.941708
88.6682,0.021844,0.00642,0.942261
88.6702,0.023132,0.00642,0.942794
88.6721,0.013724,0.00642,0.943414
88.6736,0.005716,0.00642,0.944096
88.6752,0.005716,0.00642,0.944688
88.6772,0.019649,0.00642,0.945216
88.6792,0.019649,0.00642,0.946168
88.6812,0.028158,0.00642,0.947049
88.6832,0.03613,0.00642,0.947907
88.6852,0.007633,0.00642,0.949037
88.6872,0.007633,0.00642,0.950101
88.6892,0.002413,0.00642,0.951291
88.6912,0.002413,0.00642,0.95251
88.6932,0.002413,0.00642,0.953914
88.6952,0.032106,0.00642,0.955271
88.6976,0.032106,0.00642,0.956784
88.6992,0.02319,0.00642,0.958726
88.7012,0.032014,0.00642,0.959874
88.7032,0.015249,0.00642,0.96136
88.7052,0.014781,0.00642,0.963073
88.7072,0.01539,0.00642,0.964777
88.7092,0.009995,0.00642,0.966473
88.7112,0.006489,0.00642,0.968212
88.7132,0.007738,0.00642,0.970034
88.7152,0.011571,0.00642,0.971789
88.7172,0.025273,0.00642,0.973618
88.7192,0.023284,0.00642,0.975429
88.7212,0.034751,0.00642,0.977323
88.7232,0.026307,0.00642,0.979172
88.7252,0.026307,0.00642,0.981112
88.7272,0.026307,0.00642,0.983049
88.7292,0.025485,0.00642,0.985038
88.7312,0.036646,0.00642,0.986924
88.7337,0.036646,0.00642,0.988866
88.7352,0.036646,0.00642,0.991443
88.7372,0.010715,0.00642,0.992893
88.7392,0.014672,0.00642,0.994943
88.7412,0.002081,0.00642,0.996735
88.7432,0.002081,0.00642,0.99876
88.7452,0.003741,0.03486,1.00058
88.7472,0.04348,0.16026,1.00267
88.7492,0.224717,0.26718,1.00445
88.7512,0.482412,0.35496,1.00592
88.7532,0.709449,0.39912,1.00665
88.7552,0.937159,0.396,1.0066
88.7572,1.05934,0.34668,1.00578
88.7592,0.988567,0.27432,1.00457
88.7612,0.874884,0.15846,1.00264
88.7632,0.680949,0.01854,1.00031
88.7652,0.371657,0.01854,0.9979
88.7677,0.252255,0.01854,0.996138
88.7692,0.208512,0.01854,0.995352
88.7712,0.144917,0.01854,0.995437
88.7732,0.050543,0.01854,0.995913
88.7752,0.08643,0.01854,0.996638
88.7772,0.112611,0.01854,0.997807
88.7792,0.084567,0.01854,0.999657
88.7812,0.055076,0.10476,1.00175
88.7832,0.174373,0.27036,1.00451
88.7853,0.441403,0.4083,1.00681
88.7873,0.782733,0.5,1.00866
88.7893,1.1017,0.5,1.0093
88.7913,1.30949,0.5,1.00878
88.7927,1.35414,0.46242,1.00771
88.7943,1.30102,0.38298,1.00638
88.7963,1.13903,0.2937,1.0049
88.7982,0.992142,0.09576,1.0016
88.8001,0.600329,0.09576,0.99838
88.8027,0.215346,0.09576,0.995432
88.8043,0.20584,0.09576,0.991877
88.8062,0.172628,0.09576,0.990489
88.8081,0.12148,0.09576,0.989283
88.8103,0.064349,0.09576,0.98876
88.8123,0.106617,0.09576,0.988329
88.8142,0.103016,0.09576,0.988391
88.8161,0.08349,0.09576,0.989159
88.8177,0.032545,0.09576,0.990307
88.8193,0.033019,0.09576,0.991282
88.8213,0.011638,0.09576,0.992305
88.8233,0.029363,0.09576,0.993842
88.8253,0.002666,0.09576,0.995463
88.8273,0.012548,0.09576,0.997097
88.8293,0.012548,0.09576,0.998808
88.8313,0.012548,0.01512,1.00025
88.8333,0.012548,0.12384,1.00206
88.8357,0.191572,0.20418,1.0034
88.8377,0.349028,0.27342,1.00456
88.8397,0.527252,0.27756,1.00463
88.8417,0.646102,0.23532,1.00392
88.8437,0.696281,0.15132,1.00252
88.8457,0.521966,0.04632,1.00077
88.8477,0.308068,0.04632,0.998808
88.8497,0.17615,0.04632,0.996895
88.8513,0.129551,0.04632,0.995307
88.8533,0.141677,0.04632,0.994386
88.8553,0.053102,0.04632,0.993841
88.8573,0.072522,0.04632,0.993595
88.8593,0.05285,0.04632,0.993484
88.8613,0.047666,0.04632,0.993503
88.8633,0.017334,0.04632,0.993765
88.8647,0.008895,0.04632,0.99395
88.8663,0.034413,0.04632,0.994194
88.8683,0.034413,0.04632,0.994481
88.8703,0.034413,0.04632,0.994831
88.8717,0.034413,0.04632,0.995232
88.8743,0.034413,0.04632,0.995323
88.8757,0.034413,0.04632,0.995605
88.8773,0.034413,0.04632,0.995717
88.8787,0.014588,0.04632,0.995812
88.8801,0.014588,0.04632,0.995927
88.8817,0.014588,0.04632,0.995973
88.8833,0.014588,0.04632,0.995909
88.8847,0.014588,0.04632,0.995701
88.8863,0.00054,0.04632,0.995664
88.8881,0.00054,0.04632,0.995628
88.8903,0.00054,0.04632,0.995525
88.8923,0.000812,0.04632,0.995331
88.8937,0.000812,0.04632,0.995009
88.8953,0.000812,0.04632,0.994738
88.8977,0.000812,0.04632,0.994376
88.8993,0.00102,0.04632,0.993901
88.9013,0.00102,0.04632,0.99356
88.9033,0.00102,0.04632,0.993155
88.9053,0.00102,0.04632,0.992515
88.9073,0.00102,0.04632,0.992063
88.9093,0.00102,0.04632,0.991551
88.9113,0.007399,0.04632,0.990915
88.9133,0.007399,0.04632,0.990284
88.9153,0.007399,0.04632,0.9896
88.9173,0.006035,0.04632,0.988906
88.9193,0.037077,0.04632,0.988071
88.9213,0.000926,0.04632,0.987371
88.9233,0.004191,0.04632,0.986533
88.9253,0.021061,0.04632,0.985686
88.9273,0.021061,0.04632,0.98476
88.9293,0.025133,0.04632,0.983939
88.9317,0.025133,0.04632,0.983016
88.9333,0.025133,0.04632,0.981788
88.9353,0.011792,0.04632,0.981071
88.9373,0.002336,0.04632,0.98004
88.9393,0.002336,0.04632,0.978991
88.9413,0.000378,0.04632,0.977908
88.9433,0.000437,0.04632,0.976919
88.9453,0.000437,0.04632,0.975989
88.9473,0.000437,0.04632,0.974883
88.9493,0.012481,0.04632,0.973976
88.9513,0.012481,0.04632,0.972821
88.9533,0.012481,0.04632,0.971929
88.9553,0.010999,0.04632,0.971041
88.9573,0.007195,0.04632,0.970079
88.9593,0.006338,0.04632,0.969162
88.9613,0.002857,0.04632,0.968326
88.9633,0.011158,0.04632,0.967504
88.9657,0.010131,0.04632,0.966735
88.9673,0.01769,0.04632,0.965766
88.9693,0.011003,0.04632,0.965349
88.9713,7.5e-05,0.04632,0.964626
88.9733,0.012428,0.04632,0.964079
88.9753,0.009478,0.04632,0.963563
88.9773,0.021043,0.04632,0.963049
88.9793,0.008961,0.04632,0.96262
88.9813,0.015993,0.04632,0.962173
88.9833,0.015993,0.04632,0.961887
88.9853,0.003749,0.04632,0.961628
88.9873,0.01417,0.04632,0.961356
88.9893,0.01417,0.04632,0.961159
88.9913,0.014401,0.04632,0.960987
88.9933,0.004396,0.04632,0.960841
88.9953,0.004396,0.04632,0.960739
88.9973,0.004396,0.04632,0.960585
88.9997,0.013914,0.04632,0.960473
89.0013,0.004726,0.04632,0.960268
89.0033,0.004726,0.04632,0.960218
89.0053,0.007943,0.04632,0.960027
89.0073,0.003107,0.04632,0.959947
89.0093,0.003107,0.04632,0.959923
89.0113,0.00729,0.04632,0.959711
89.0133,0.00731,0.04632,0.95956
89.0153,0.015001,0.04632,0.959423
89.0173,0.003323,0.04632,0.959353
89.0193,0.003323,0.04632,0.959256
89.0213,0.00734,0.04632,0.959136
89.0233,0.019626,0.04632,0.959025
89.0253,0.019626,0.04632,0.958989
89.0273,0.019626,0.04632,0.958822
89.0293,0.019626,0.04632,0.958753
89.0313,0.019626,0.04632,0.958665
89.0333,0.003582,0.04632,0.958557
89.0353,0.016745,0.04632,0.958339
89.0373,0.016745,0.04632,0.958159
89.0393,0.016745,0.04632,0.958078
89.0413,0.013971,0.04632,0.957833
89.0433,0.013971,0.04632,0.95768
89.0453,0.008227,0.04632,0.957465
89.0473,0.002307,0.04632,0.957163
89.0493,0.00399,0.04632,0.957124
89.0513,0.00399,0.04632,0.956938
89.0533,0.027173,0.04632,0.956754
89.0553,0.024096,0.04632,0.956747
89.0573,0.019527,0.04632,0.956578
89.0593,0.019527,0.04632,0.956522
89.0613,0.023262,0.04632,0.956291
89.0633,0.008591,0.04632,0.956205
89.0647,0.008574,0.04632,0.956079
89.0667,0.002765,0.04632,0.956057
89.0683,0.030733,0.04632,0.95587
89.0693,0.030733,0.04632,0.955937
89.0713,0.005957,0.04632,0.955896
89.0727,0.00732,0.04632,0.955686
89.0743,0.020779,0.04632,0.955744
89.0763,0.007314,0.04632,0.955648
89.0783,0.007314,0.04632,0.955614
89.0801,0.007314,0.04632,0.95548
89.0823,0.002705,0.04632,0.955412
89.0843,0.019541,0.04632,0.955355
89.0863,0.002648,0.04632,0.955315
89.0881,0.002648,0.04632,0.955161
89.0893,0.003049,0.04632,0.955068
89.0913,0.00261,0.04632,0.95502
89.0933,0.00261,0.04632,0.954984
89.0957,0.010586,0.04632,0.95484
89.0983,0.024665,0.04632,0.954673
89.1003,0.002435,0.04632,0.954485
89.1023,0.002435,0.04632,0.954398
89.1041,0.002435,0.04632,0.954242
89.1057,0.002435,0.04632,0.954123
89.1073,0.024743,0.04632,0.953919
89.1093,0.025049,0.04632,0.953768
89.1113,0.001939,0.04632,0.953643
89.1127,0.001939,0.04632,0.953438
89.1143,0.001939,0.04632,0.953291
89.1163,0.001939,0.04632,0.953197
89.1183,0.001939,0.04632,0.952938
89.1201,0.027991,0.04632,0.952836
89.1217,0.027991,0.04632,0.952768
89.1233,0.004396,0.04632,0.952642
89.1253,0.016284,0.04632,0.952469
89.1277,0.016284,0.04632,0.952409
89.1293,0.009595,0.04632,0.952445
89.1313,0.037369,0.04632,0.952354
89.1333,0.013544,0.04632,0.95248
89.1353,0.008931,0.04632,0.952519
89.1373,0.006363,0.04632,0.952668
89.1393,0.016002,0.04632,0.952821
89.1413,0.015927,0.04632,0.953194
89.1433,0.025163,0.04632,0.953291
89.1453,0.025163,0.04632,0.953605
89.1473,0.010987,0.04632,0.953973
89.1493,0.04016,0.04632,0.954292
89.1513,0.014712,0.04632,0.954858
89.1533,0.014712,0.04632,0.955357
89.1553,0.014712,0.04632,0.955917
89.1573,0.045181,0.04632,0.956671
89.1593,0.015462,0.04632,0.957401
89.1613,0.007439,0.04632,0.958256
89.1637,0.018797,0.04632,0.95922
89.1653,0.019619,0.04632,0.960323
89.1673,0.011629,0.04632,0.961038
89.1693,0.011629,0.04632,0.96214
89.1713,0.011629,0.04632,0.963188
89.1733,0.006419,0.04632,0.964205
89.1753,0.005508,0.04632,0.965289
89.1773,0.005508,0.04632,0.966429
89.1793,0.000477,0.04632,0.967621
89.1813,0.001041,0.04632,0.968555
89.1833,0.000193,0.04632,0.969713
89.1853,0.000193,0.04632,0.970926
89.1873,0.009292,0.04632,0.972101
89.1893,0.009292,0.04632,0.973143
89.1913,0.001528,0.04632,0.974294
89.1933,0.001528,0.04632,0.975487
89.1953,0.005004,0.04632,0.976608
89.1977,0.005004,0.04632,0.977777
89.1993,0.009599,0.04632,0.979265
89.2013,0.0016,0.04632,0.98015
89.2033,0.0016,0.04632,0.981279
89.2053,0.004699,0.04632,0.982483
89.2073,0.051712,0.04632,0.98382
89.2093,0.051712,0.04632,0.984879
89.2113,0.002226,0.04632,0.986095
89.2133,0.014844,0.04632,0.987348
89.2153,0.033487,0.04632,0.988632
89.2173,0.033487,0.04632,0.989835
89.2193,0.033487,0.04632,0.991177
89.2213,0.033487,0.04632,0.992471
89.2233,0.017125,0.04632,0.993896
89.2253,0.000527,0.04632,0.995306
89.2273,0.000527,0.04632,0.996458
89.2293,0.000527,0.04632,0.997857
89.2313,0.007943,0.04632,0.999094
89.2333,0.007943,0.02892,1.00048
89.2353,0.048192,0.12576,1.0021
89.2373,0.200523,0.20694,1.00345
89.2393,0.387511,0.27798,1.00463
89.2413,0.551517,0.32022,1.00534
89.2433,0.73909,0.31668,1.00528
89.2453,0.832377,0.27294,1.00455
89.2473,0.760206,0.20076,1.00335
89.2493,0.630055,0.09306,1.00155
89.2513,0.421865,0.09306,0.999015
89.2533,0.169972,0.09306,0.996435
89.2553,0.105185,0.09306,0.994317
89.2573,0.130549,0.09306,0.9922
89.2593,0.121087,0.09306,0.990838
89.2613,0.049176,0.09306,0.989963
89.2633,0.063204,0.09306,0.989386
89.2653,0.079368,0.09306,0.989118
89.2677,0.037841,0.09306,0.989222
89.2693,0.033939,0.09306,0.989782
89.2713,0.054131,0.09306,0.990324
89.2733,0.062415,0.09306,0.99135
89.2753,0.032848,0.09306,0.992587
89.2773,0.040741,0.09306,0.994149
89.2793,0.042298,0.09306,0.995809
89.2813,0.029806,0.09306,0.997599
89.2833,0.026611,0.09306,0.999468
89.2853,0.012193,0.0867,1.00145
89.2873,0.114828,0.22902,1.00382
89.2893,0.349999,0.33678,1.00561
89.2913,0.65968,0.42756,1.00713
89.2933,0.891844,0.45444,1.00757
89.2953,1.06902,0.41064,1.00684
89.2973,1.12761,0.30798,1.00513
89.2993,0.940205,0.16104,1.00268
89.3017,0.586885,0.16104,0.999422
89.3037,0.277952,0.16104,0.994659
89.3063,0.115363,0.16104,0.99082
89.3083,0.113053,0.16104,0.986413
89.3103,0.123244,0.16104,0.983641
89.3122,0.07363,0.16104,0.981131
89.3133,0.108257,0.16104,0.979317
89.3153,0.092546,0.16104,0.978357
89.3173,0.088786,0.16104,0.97712
89.3193,0.064292,0.16104,0.976435
89.3213,0.087927,0.16104,0.975923
89.3233,0.043827,0.16104,0.975865
89.3253,0.072241,0.16104,0.976075
89.3273,0.046594,0.16104,0.97673
89.3293,0.02484,0.16104,0.977415
89.3313,0.05458,0.16104,0.978223
89.3333,0.029426,0.16104,0.979243
89.3353,0.006384,0.16104,0.98032
89.3373,0.006384,0.16104,0.981453
89.3393,0.006384,0.16104,0.98268
89.3413,0.006384,0.16104,0.98379
89.3433,0.012972,0.16104,0.985069
89.3453,0.023372,0.16104,0.986354
89.3473,0.023372,0.16104,0.987606
89.3493,0.023372,0.16104,0.988789
89.3513,0.023372,0.16104,0.990112
89.3533,0.022859,0.16104,0.991191
89.3553,0.022859,0.16104,0.992116
89.3573,0.022859,0.16104,0.993214
89.3593,0.000986,0.16104,0.994217
89.3613,0.003209,0.16104,0.995053
89.3633,0.003209,0.16104,0.995871
89.3653,0.003209,0.16104,0.996641
89.3673,0.003209,0.16104,0.997309
89.3693,0.003209,0.16104,0.997949
89.3713,0.003209,0.16104,0.998462
89.3733,0.003209,0.16104,0.998979
89.3753,0.003209,0.16104,0.9995
89.3773,0.003209,0.16104,0.999893
89.3793,0.003209,0.00858,1.00014
89.3813,0.003699,0.02892,1.00048
89.3833,0.042689,0.03888,1.00065
89.3853,0.065252,0.0405,1.00068
89.3873,0.081625,0.03702,1.00062
89.3893,0.095408,0.0258,1.00043
89.3913,0.07883,0.01164,1.00019
89.3933,0.056112,0.01164,0.9997
89.3953,0.027267,0.01164,0.99936
89.3973,0.020057,0.01164,0.999039
89.3993,0.002045,0.01164,0.998819
89.4013,0.006631,0.01164,0.998573
89.4033,0.024959,0.01164,0.998364
89.4058,0.024959,0.01164,0.998283
89.4073,0.002015,0.01164,0.998144
89.4093,0.007458,0.01164,0.998271
89.4113,0.007458,0.01164,0.998143
89.4133,0.007458,0.01164,0.998061
89.4153,0.007875,0.01164,0.998045
89.4173,0.009716,0.01164,0.998096
89.4193,0.009716,0.01164,0.998069
89.4213,0.009716,0.01164,0.998047
89.4233,0.009076,0.01164,0.998016
89.4253,0.009158,0.01164,0.998086
89.4273,0.009158,0.01164,0.99805
89.4293,0.009158,0.01164,0.998072
89.4313,0.009158,0.01164,0.998066
89.4333,0.009158,0.01164,0.997959
89.4353,0.017773,0.01164,0.998
89.4373,0.007617,0.01164,0.998024
89.4398,0.007617,0.01164,0.998024
89.4413,0.007617,0.01164,0.998032
89.4433,0.007617,0.01164,0.99805
89.4453,0.010474,0.01164,0.998032
89.4473,0.011264,0.01164,0.998012
89.4493,0.011264,0.01164,0.998002
89.4513,0.011264,0.01164,0.99805
89.4533,0.008303,0.01164,0.997964
89.4553,0.008303,0.01164,0.998139
89.4573,0.008303,0.01164,0.998203
89.4593,0.008303,0.01164,0.998175
89.4613,0.013947,0.01164,0.998197
89.4633,0.013947,0.01164,0.998254
89.4653,0.013947,0.01164,0.998267
89.4673,0.013947,0.01164,0.998296
89.4693,0.001989,0.01164,0.998306
89.4713,0.011775,0.01164,0.99836
89.4733,0.011775,0.01164,0.998289
89.4754,0.011775,0.01164,0.998422
89.4774,0.002375,0.01164,0.998423
89.4794,0.010276,0.01164,0.998414
89.4814,0.010041,0.01164,0.998431
89.4834,0.010041,0.01164,0.998443
89.4854,0.002669,0.01164,0.998488
89.4874,0.005354,0.01164,0.998392
89.4893,0.005354,0.01164,0.998393
89.4914,0.005354,0.01164,0.998457
89.4934,0.01023,0.01164,0.998464
89.4954,0.005378,0.01164,0.998444
89.4974,0.005378,0.01164,0.998481
89.4994,0.005378,0.01164,0.998501
89.5014,0.003741,0.01164,0.998504
89.5034,0.008236,0.01164,0.998525
89.5054,0.00993,0.01164,0.998543
89.5078,0.00993,0.01164,0.998529
89.5094,0.002315,0.01164,0.998609
89.5114,0.0117,0.01164,0.998588
89.5134,0.014627,0.01164,0.998663
89.5154,0.014627,0.01164,0.998546
89.5174,0.014627,0.01164,0.998503
89.5194,0.014627,0.01164,0.998459
89.5214,0.004006,0.01164,0.998538
89.5234,0.008793,0.01164,0.998625
89.5254,0.008793,0.01164,0.998545
89.5274,0.008793,0.01164,0.998641
89.5294,0.008793,0.01164,0.998616
89.5314,0.012985,0.01164,0.998623
89.5334,0.012985,0.01164,0.99851
89.5354,0.012985,0.01164,0.998623
89.5374,0.012985,0.01164,0.998588
89.5394,0.002126,0.01164,0.998514
89.5418,0.010235,0.01164,0.998562
89.5434,0.010235,0.01164,0.99852
89.5454,0.010235,0.01164,0.998505
89.5474,0.010235,0.01164,0.998506
89.5494,0.010235,0.01164,0.998527
89.5514,0.005416,0.01164,0.998528
89.5534,0.005416,0.01164,0.998547
89.5554,0.005416,0.01164,0.998632
89.5574,0.005416,0.01164,0.998562
89.5594,0.005416,0.01164,0.99851
89.5614,0.005416,0.01164,0.998489
89.5634,0.005416,0.01164,0.998529
89.5654,0.005416,0.01164,0.998446
89.5674,0.010322,0.01164,0.998511
89.5694,0.010322,0.01164,0.998446
89.5714,0.000693,0.01164,0.99854
89.5734,0.011695,0.01164,0.99844
89.5758,0.010506,0.01164,0.998551
89.5784,0.011403,0.01164,0.998513
89.5804,0.01338,0.01164,0.998461
89.5824,0.01338,0.01164,0.998532
89.5842,0.01338,0.01164,0.998513
89.5858,0.01338,0.01164,0.99858
89.5874,0.01338,0.01164,0.998502
89.5894,0.01338,0.01164,0.998595
89.5914,0.01338,0.01164,0.998562
89.5934,0.01338,0.01164,0.998566
89.5954,0.0054,0.01164,0.998536
89.5974,0.0054,0.01164,0.998498
89.5994,0.0054,0.01164,0.99851
89.6014,0.0054,0.01164,0.998551
89.6034,0.008515,0.01164,0.998544
89.6054,0.008515,0.01164,0.998631
89.6074,0.008515,0.01164,0.998447
89.6098,0.008515,0.01164,0.998457
89.6114,0.008986,0.01164,0.998584
89.6134,0.008986,0.01164,0.998541
89.6154,0.008986,0.01164,0.998439
89.6174,0.008986,0.01164,0.998479
89.6194,0.005838,0.01164,0.998556
89.6214,0.001008,0.01164,0.998583
89.6234,0.001008,0.01164,0.998536
89.6254,0.001008,0.01164,0.998521
89.6274,0.000931,0.01164,0.998484
89.6294,0.01138,0.01164,0.998558
89.6314,0.007574,0.01164,0.998558
89.6334,0.007574,0.01164,0.998445
89.6354,0.007574,0.01164,0.998512
89.6374,0.002397,0.01164,0.998541
89.6394,0.010318,0.01164,0.998627
89.6414,0.010002,0.01164,0.998585
89.6434,0.010002,0.01164,0.998492
89.6454,0.010002,0.01164,0.998595
89.6468,0.00324,0.01164,0.998546
89.6482,0.00324,0.01164,0.998614
89.6498,0.00324,0.01164,0.99854
89.6514,0.002535,0.01164,0.998536
89.6528,0.002535,0.01164,0.998534
89.6544,0.010007,0.01164,0.998557
89.6562,0.010007,0.01164,0.998529
89.6584,0.010007,0.01164,0.998496
89.6604,0.010007,0.01164,0.998612
89.6624,0.002425,0.01164,0.998559
89.6642,0.011526,0.01164,0.998582
89.6664,0.011526,0.01164,0.998597
89.6684,0.011526,0.01164,0.998567
89.6704,0.011526,0.01164,0.99859
89.6722,0.01173,0.01164,0.99856
89.6744,0.011551,0.01164,0.998565
89.6768,0.00698,0.01164,0.998459
89.6784,0.00698,0.01164,0.998536
89.6802,0.00698,0.01164,0.998569
89.6818,0.011749,0.01164,0.99849
89.6834,0.011749,0.01164,0.998517
89.6854,0.004077,0.01164,0.998495
89.6874,0.008216,0.01164,0.998464
89.6894,0.018419,0.01164,0.998543
89.6914,0.018419,0.01164,0.998552
89.6934,0.018419,0.01164,0.998561
89.6954,0.018419,0.01164,0.998513
89.6974,0.005594,0.01164,0.99854
89.6994,0.008738,0.01164,0.99853
89.7014,0.008738,0.01164,0.998501
89.7034,0.00215,0.01164,0.998504
89.7054,0.00215,0.01164,0.998526
89.7074,0.019997,0.01164,0.998457
89.7098,0.017665,0.01164,0.998472
89.7114,0.017665,0.01164,0.998451
89.7134,0.017665,0.01164,0.99847
89.7154,0.002157,0.01164,0.998524
89.7174,0.011886,0.01164,0.998456
89.7194,0.011886,0.01164,0.998485
89.7214,0.011886,0.01164,0.998474
89.7234,0.00563,0.01164,0.998444
89.7254,0.012281,0.01164,0.998517
89.7274,0.012281,0.01164,0.998536
89.7294,0.012281,0.01164,0.998468
89.7314,0.015501,0.01164,0.998545
89.7334,0.002441,0.01164,0.998468
89.7354,0.002441,0.01164,0.998549
89.7374,0.002441,0.01164,0.998477
89.7394,0.002911,0.01164,0.998523
89.7414,0.010255,0.01164,0.998453
89.7438,0.010255,0.01164,0.998444
89.7454,0.015341,0.01164,0.998575
89.7474,0.001313,0.01164,0.99856
89.7494,0.014774,0.01164,0.998529
89.7514,0.014774,0.01164,0.998451
89.7534,0.014774,0.01164,0.998424
89.7554,0.001048,0.01164,0.998469
89.7574,0.013359,0.01164,0.998409
89.7594,0.013359,0.01164,0.998454
89.7614,0.013359,0.01164,0.998471
89.7634,0.013359,0.01164,0.998444
89.7654,0.013487,0.01164,0.998448
89.7674,0.002251,0.01164,0.998453
89.7694,0.002251,0.01164,0.998443
89.7714,0.002251,0.01164,0.998444
89.7734,0.009968,0.01164,0.998409
89.7754,0.008802,0.01164,0.998414
89.7774,0.008802,0.01164,0.998515
89.7794,0.002212,0.01164,0.99852
89.7814,0.002212,0.01164,0.998407
89.7834,0.01021,0.01164,0.998453
89.7854,0.009249,0.01164,0.998448
89.7874,0.009249,0.01164,0.998449
89.7894,0.009249,0.01164,0.998465
89.7914,0.009249,0.01164,0.998365
89.7934,0.009249,0.01164,0.99839
89.7954,0.008476,0.01164,0.998425
89.7974,0.003622,0.01164,0.998462
89.7994,0.003622,0.01164,0.998487
89.8014,0.003622,0.01164,0.998385
89.8034,0.001111,0.01164,0.998475
89.8054,0.013705,0.01164,0.998386
89.8074,0.000842,0.01164,0.99842
89.8094,0.000842,0.01164,0.998407
89.8114,0.000842,0.01164,0.998391
89.8134,0.007132,0.01164,0.998472
89.8154,0.011938,0.01164,0.998472
89.8174,0.00704,0.01164,0.99846
89.8194,0.00704,0.01164,0.998554
89.8214,0.00704,0.01164,0.998456
89.8234,0.015459,0.01164,0.998481
89.8254,0.013642,0.01164,0.99844
89.8274,0.013642,0.01164,0.998386
89.8294,0.013642,0.01164,0.998451
89.8314,0.005784,0.01164,0.998466
89.8334,0.005118,0.01164,0.998418
89.8354,0.005118,0.01164,0.998423
89.8374,0.005118,0.01164,0.998406
89.8394,0.002522,0.01164,0.998423
89.8414,0.003893,0.01164,0.998423
89.8434,0.003893,0.01164,0.998532
89.8458,0.003893,0.01164,0.998405
89.8474,0.003893,0.01164,0.998516
89.8494,0.003913,0.01164,0.998529
89.8514,0.003913,0.01164,0.998487
89.8534,0.003913,0.01164,0.998516
89.8554,0.003913,0.01164,0.998545
89.8574,0.011793,0.01164,0.998556
89.8594,0.011793,0.01164,0.998541
89.8614,0.011793,0.01164,0.998446
89.8634,0.018417,0.01164,0.998461
89.8654,0.015222,0.01164,0.998506
89.8674,0.015222,0.01164,0.998481
89.8694,0.003889,0.01164,0.998567
89.8714,0.003889,0.01164,0.998588
89.8734,0.003889,0.01164,0.998538
89.8754,0.003889,0.01164,0.998522
89.8774,0.003889,0.01164,0.99859
89.8798,0.008902,0.01164,0.998608
89.8824,0.008902,0.01164,0.998536
89.8844,0.008902,0.01164,0.998562
89.8864,0.008902,0.01164,0.998528
89.8882,0.008902,0.01164,0.998544
89.8894,0.008902,0.01164,0.998557
89.8914,0.008902,0.01164,0.998494
89.8934,0.005585,0.01164,0.998513
89.8954,0.011716,0.01164,0.998553
89.8974,0.011716,0.01164,0.998459
89.8994,0.011716,0.01164,0.998445
89.9014,0.0052,0.01164,0.998454
89.9034,0.002439,0.01164,0.998611
89.9054,0.002439,0.01164,0.998539
89.9074,0.000972,0.01164,0.998455
89.9094,0.022401,0.01164,0.998514
89.9114,0.005568,0.01164,0.998498
89.9138,0.005568,0.01164,0.998505
89.9154,0.005568,0.01164,0.998581
89.9174,0.009353,0.01164,0.998575
89.9194,0.003874,0.01164,0.998453
89.9214,0.003874,0.01164,0.998566
89.9234,0.003874,0.01164,0.99856
89.9254,0.012191,0.01164,0.998588
89.9274,0.012191,0.01164,0.998546
89.9294,0.002254,0.01164,0.998579
89.9314,0.002254,0.01164,0.998518
89.9334,0.013454,0.01164,0.998549
89.9354,0.013454,0.01164,0.998578
89.9374,0.003598,0.01164,0.998506
89.9394,0.005476,0.01164,0.998546
89.9414,0.013607,0.01164,0.998487
89.9434,0.013607,0.01164,0.99856
89.9454,0.003892,0.01164,0.998612
89.9474,0.000773,0.01164,0.998582
89.9498,0.011472,0.01164,0.998577
89.9514,0.000767,0.01164,0.998644
89.9534,0.000767,0.01164,0.998597
89.9554,0.000767,0.01164,0.998702
89.9574,0.006837,0.01164,0.998615
89.9594,0.019964,0.01164,0.998709
89.9614,0.019964,0.01164,0.998835
89.9634,0.019964,0.01164,0.998857
89.9654,0.011157,0.01164,0.999014
89.9674,0.004875,0.01164,0.999078
89.9694,0.004875,0.01164,0.999288
89.9714,0.004476,0.01164,0.999444
89.9734,0.019789,0.01164,0.999769
89.9754,0.00671,0.01164,0.999925
89.9774,0.014648,0.0207,1.00035
89.9794,0.044764,0.05082,1.00085
89.9814,0.111157,0.08376,1.0014
89.9838,0.179783,0.10836,1.00181
89.9858,0.244647,0.13914,1.00232
89.9878,0.322517,0.1452,1.00242
89.9898,0.361237,0.14214,1.00237
89.9918,0.369475,0.11544,1.00192
89.9944,0.341812,0.07536,1.00126
89.9964,0.272582,0.07536,0.999941
89.9984,0.131718,0.07536,0.999082
90.0003,0.084871,0.07536,0.998339
90.0024,0.065492,0.07536,0.99776
90.0044,0.066699,0.07536,0.997485
90.0064,0.067245,0.07536,0.997669
90.0083,0.069756,0.07536,0.998186
90.0104,0.049736,0.07536,0.99886
90.0124,0.039562,0.00042,1.00001
90.0144,0.040387,0.07824,1.0013
90.0163,0.150754,0.16878,1.00281
90.0189,0.357153,0.25272,1.00421
90.0209,0.544082,0.36156,1.00603
90.0229,0.783108,0.4182,1.00697
90.0249,0.963534,0.43428,1.00724
90.0274,1.10801,0.38478,1.00641
90.0294,1.04829,0.26172,1.00436
90.0314,0.861415,0.10098,1.00168
90.0334,0.537045,0.10098,0.998255
90.0354,0.261342,0.10098,0.994718
90.0374,0.137931,0.10098,0.991534
90.0394,0.133309,0.10098,0.988792
90.0414,0.168529,0.10098,0.986746
90.0434,0.090312,0.10098,0.985363
90.0454,0.08724,0.10098,0.984836
90.0474,0.14124,0.10098,0.984778
90.0494,0.101535,0.10098,0.985147
90.0514,0.094141,0.10098,0.986236
90.0534,0.095359,0.10098,0.987894
90.0554,0.101026,0.10098,0.990055
90.0574,0.069553,0.10098,0.992678
90.0594,0.076075,0.10098,0.995585
90.0614,0.078957,0.10098,0.999114
90.0634,0.035025,0.15666,1.00261
90.0654,0.249233,0.4053,1.00676
90.0674,0.730813,0.5,1.01075
90.0694,1.05773,0.5,1.0144
90.0714,1.16572,0.5,1.01659
90.0744,1.31715,0.5,1.01737
90.0764,1.26788,0.5,1.0168
90.0784,1.23798,0.5,1.01494
90.0803,1.29074,0.5,1.01178
90.0824,1.29747,0.5,1.00838
90.0844,1.35222,0.14994,1.0025
90.0865,0.897139,0.14994,0.996267
90.0883,0.413678,0.14994,0.990174
90.0904,0.208329,0.14994,0.985496
90.0924,0.163325,0.14994,0.979626
90.0944,0.173081,0.14994,0.975319
90.0963,0.141979,0.14994,0.971804
90.0984,0.141731,0.14994,0.969243
90.1004,0.151019,0.14994,0.966962
90.1024,0.158415,0.14994,0.965648
90.1043,0.136392,0.14994,0.965342
90.1064,0.112665,0.14994,0.965516
90.1084,0.107542,0.14994,0.966356
90.1104,0.097703,0.14994,0.967772
90.1123,0.084296,0.14994,0.969653
90.1144,0.080021,0.14994,0.971531
90.1164,0.065013,0.14994,0.974378
90.1184,0.08106,0.14994,0.97727
90.1203,0.056687,0.14994,0.980435
90.1225,0.066767,0.14994,0.983279
90.1249,0.072491,0.14994,0.987289
90.1265,0.021182,0.14994,0.991457
90.1283,0.010469,0.14994,0.994728
90.1305,0.029045,0.14994,0.998222
90.1325,0.002175,0.16944,1.00282
90.1345,0.25036,0.44148,1.00736
90.1363,0.732486,0.5,1.01149
90.1385,1.01771,0.5,1.01438
90.1405,1.13042,0.5,1.01665
90.1425,1.23796,0.5,1.01648
90.1443,1.20394,0.5,1.01563
90.1465,1.24176,0.5,1.01347
90.1485,1.27401,0.5,1.00896
90.1505,1.25513,0.2397,1.004
90.1523,0.941484,0.2397,0.997499
90.1545,0.348311,0.2397,0.991656
90.1565,0.116773,0.2397,0.98358
90.1585,0.116203,0.2397,0.976583
90.1604,0.054358,0.2397,0.970213
90.1625,0.101973,0.2397,0.963622
90.1645,0.097474,0.2397,0.958773
90.1665,0.087889,0.2397,0.953874
90.1683,0.046228,0.2397,0.949217
90.1705,0.058852,0.2397,0.945251
90.1725,0.073404,0.2397,0.940774
90.1745,0.055048,0.2397,0.937107
90.1763,0.05261,0.2397,0.933688
90.1785,0.040136,0.2397,0.930979
90.1805,0.075137,0.2397,0.928008
90.1825,0.080229,0.2397,0.925559
90.1843,0.039761,0.2397,0.92351
90.1865,0.043267,0.2397,0.921856
90.1885,0.075625,0.2397,0.920167
90.1905,0.00849,0.2397,0.918908
90.1923,0.049235,0.2397,0.917934
90.1945,0.040232,0.2397,0.917283
90.1965,0.012462,0.2397,0.916649
90.1985,0.036621,0.2397,0.916229
90.2003,0.053403,0.2397,0.915975
90.2025,0.03332,0.2397,0.915916
90.2045,0.012572,0.2397,0.916111
90.2065,0.021798,0.2397,0.916178
90.2083,0.014495,0.2397,0.916355
90.2099,0.014495,0.2397,0.916658
90.2115,0.036447,0.2397,0.91676
90.2135,0.036447,0.2397,0.91694
90.2155,0.036447,0.2397,0.917169
90.2175,0.036447,0.2397,0.917397
90.2195,0.024038,0.2397,0.917399
90.2215,0.007677,0.2397,0.917466
90.2235,0.007677,0.2397,0.917755
90.2255,0.023725,0.2397,0.917866
90.2279,0.023636,0.2397,0.918055
90.2295,0.014674,0.2397,0.918227
90.2315,0.014674,0.2397,0.918439
90.2335,0.041251,0.2397,0.918564
90.2355,0.022972,0.2397,0.918777
90.2375,0.026939,0.2397,0.919064
90.2395,0.026939,0.2397,0.919331
90.2415,0.029459,0.2397,0.919637
90.2435,0.015498,0.2397,0.919987
90.2455,0.007289,0.2397,0.920446
90.2475,0.009519,0.2397,0.92095
90.2495,0.012902,0.2397,0.921415
90.2515,0.012902,0.2397,0.921961
90.2535,0.012902,0.2397,0.922443
90.2555,0.016692,0.2397,0.923061
90.2575,0.000433,0.2397,0.923677
90.2595,0.000433,0.2397,0.924217
90.2615,0.013091,0.2397,0.924754
90.2639,0.009051,0.2397,0.925361
90.2665,0.002541,0.2397,0.92615
90.2685,0.005145,0.2397,0.927033
90.2705,0.01281,0.2397,0.927683
90.2723,0.01281,0.2397,0.928377
90.2745,0.01281,0.2397,0.928969
90.2765,0.01281,0.2397,0.929737
90.2785,0.008794,0.2397,0.930482
90.2803,0.003614,0.2397,0.931056
90.2825,0.003614,0.2397,0.931559
90.2845,0.000643,0.2397,0.932479
90.2865,0.000643,0.2397,0.933115
90.2883,0.000643,0.2397,0.933817
90.2905,0.000643,0.2397,0.934407
90.2925,0.000643,0.2397,0.935142
90.2945,0.000643,0.2397,0.935833
90.2963,0.000643,0.2397,0.936417
90.2985,0.00303,0.2397,0.936913
90.3005,0.008139,0.2397,0.937534
90.3025,0.008139,0.2397,0.938117
90.3043,0.008139,0.2397,0.938716
90.3065,0.008139,0.2397,0.939078
90.3085,0.008139,0.2397,0.939699
90.3105,0.008139,0.2397,0.94018
90.3123,0.004392,0.2397,0.940576
90.3145,0.000454,0.2397,0.940843
90.3165,0.000454,0.2397,0.941182
90.3185,0.000454,0.2397,0.941533
90.3203,0.015407,0.2397,0.941854
90.3219,0.019752,0.2397,0.942108
90.3235,0.020738,0.2397,0.942428
90.3255,0.018306,0.2397,0.942648
90.3275,0.018306,0.2397,0.942953
90.3295,0.0143,0.2397,0.943383
90.3319,0.033277,0.2397,0.943902
90.3335,0.023887,0.2397,0.944319
90.3355,0.023887,0.2397,0.944833
90.3375,0.020131,0.2397,0.945562
90.3395,0.028045,0.2397,0.94633
90.3415,0.044574,0.2397,0.947079
90.3435,0.024213,0.2397,0.94782
90.3455,0.029121,0.2397,0.948904
90.3475,0.007759,0.2397,0.949894
90.3495,0.047049,0.2397,0.950995
90.3515,0.034697,0.2397,0.952417
90.3535,0.003269,0.2397,0.953687
90.3555,0.02528,0.2397,0.955272
90.3575,0.015942,0.2397,0.956909
90.3595,0.004277,0.2397,0.958654
90.3615,0.034314,0.2397,0.96053
90.3635,0.030736,0.2397,0.962493
90.3655,0.033699,0.2397,0.964722
90.3679,0.02211,0.2397,0.966991
90.3695,0.007726,0.2397,0.969836
90.3715,0.036,0.2397,0.971878
90.3735,0.029842,0.2397,0.974519
90.3755,0.029504,0.2397,0.977305
90.3775,0.000932,0.2397,0.980158
90.3795,0.018496,0.2397,0.983143
90.3815,0.027353,0.2397,0.986272
90.3835,0.029949,0.2397,0.989581
90.3855,0.033146,0.2397,0.992901
90.3875,0.017571,0.2397,0.99645
90.3895,0.03844,0.012,1.0002
90.3915,0.021021,0.25602,1.00427
90.3935,0.339767,0.48438,1.00807
90.3955,0.880076,0.5,1.01177
90.3975,1.08053,0.5,1.0145
90.3995,1.25162,0.5,1.0153
90.4015,1.25735,0.5,1.01498
90.4039,1.2155,0.5,1.0136
90.4059,1.25453,0.5,1.00968
90.4079,1.24126,0.3237,1.0054
90.4099,1.02764,0.3237,0.999718
90.4119,0.468322,0.3237,0.992915
90.4135,0.17954,0.3237,0.986109
90.4155,0.127157,0.3237,0.980759
90.4175,0.112252,0.3237,0.975169
90.4195,0.094034,0.3237,0.969723
90.4215,0.142952,0.3237,0.965051
90.4235,0.128975,0.3237,0.961105
90.4255,0.062887,0.3237,0.957656
90.4275,0.11979,0.3237,0.954906
90.4295,0.115178,0.3237,0.952666
90.4315,0.127354,0.3237,0.951156
90.4335,0.078257,0.3237,0.950502
90.4355,0.083694,0.3237,0.950198
90.4379,0.100847,0.3237,0.95044
90.4395,0.055449,0.3237,0.951476
90.4415,0.075908,0.3237,0.9524
90.4435,0.089588,0.3237,0.953808
90.4455,0.057954,0.3237,0.955681
90.4475,0.047529,0.3237,0.957654
90.4495,0.04128,0.3237,0.959913
90.4515,0.03171,0.3237,0.962461
90.4535,0.031341,0.3237,0.965068
90.4555,0.013028,0.3237,0.967876
90.4575,0.031142,0.3237,0.97094
90.4595,0.025737,0.3237,0.973923
90.4615,0.046517,0.3237,0.9771
90.4635,0.036976,0.3237,0.980168
90.4655,0.001934,0.3237,0.983454
90.4675,0.001934,0.3237,0.986741
90.4695,0.004577,0.3237,0.990067
90.4719,0.00193,0.3237,0.993465
90.4735,0.00193,0.3237,0.997901
90.4755,0.02381,0.03846,1.00064
90.4775,0.047354,0.27732,1.00462
90.4795,0.417903,0.48888,1.00815
90.4815,0.816756,0.5,1.01134
90.4835,1.06179,0.5,1.01331
90.4855,1.27847,0.5,1.01308
90.4875,1.17918,0.5,1.01233
90.4895,1.2117,0.5,1.01001
90.4915,1.22204,0.37374,1.00623
90.4935,1.06535,0.07236,1.00121
90.4955,0.547849,0.07236,0.994695
90.4975,0.208147,0.07236,0.987332
90.4995,0.062102,0.07236,0.98082
90.5015,0.098749,0.07236,0.973938
90.5035,0.074508,0.07236,0.967392
90.5055,0.093456,0.07236,0.961209
90.5079,0.068887,0.07236,0.955615
90.5095,0.099309,0.07236,0.949512
90.5115,0.088059,0.07236,0.945702
90.5135,0.071853,0.07236,0.941222
90.5155,0.063248,0.07236,0.937155
90.5175,0.058372,0.07236,0.93343
90.5195,0.066372,0.07236,0.930056
90.5215,0.068686,0.07236,0.927135
90.5235,0.081806,0.07236,0.924606
90.5255,0.060694,0.07236,0.92246
90.5275,0.108273,0.07236,0.920722
90.5295,0.090443,0.07236,0.919471
90.5315,0.0586,0.07236,0.918552
90.5335,0.077448,0.07236,0.917979
90.5355,0.068229,0.07236,0.917701
90.5375,0.07956,0.07236,0.917776
90.5395,0.042703,0.07236,0.918038
90.5415,0.020599,0.07236,0.918572
90.5435,0.036238,0.07236,0.919505
90.5455,0.014787,0.07236,0.92043
90.5475,0.036975,0.07236,0.921626
90.5495,0.018077,0.07236,0.922981
90.5515,0.009017,0.07236,0.92449
90.5535,0.028471,0.07236,0.926043
90.5555,0.016131,0.07236,0.927824
90.5575,0.024072,0.07236,0.929605
90.5595,0.021711,0.07236,0.931449
90.5615,0.011581,0.07236,0.933469
90.5635,0.050496,0.07236,0.935417
90.5655,0.018312,0.07236,0.937524
90.5675,0.041618,0.07236,0.93981
90.5695,0.025745,0.07236,0.942048
90.5715,0.01864,0.07236,0.944347
90.5735,0.03165,0.07236,0.946836
90.5759,0.042337,0.07236,0.949412
90.5775,0.042337,0.07236,0.952473
90.5795,0.042337,0.07236,0.954657
90.5815,0.023239,0.07236,0.957489
90.5835,0.019944,0.07236,0.960197
90.5855,0.011597,0.07236,0.963192
90.5875,0.0167,0.07236,0.966156
90.5895,0.0167,0.07236,0.969092
90.5915,0.016175,0.07236,0.972121
90.5935,0.004981,0.07236,0.975277
90.5955,0.008497,0.07236,0.97836
90.5975,0.008497,0.07236,0.981459
90.5995,0.007688,0.07236,0.984564
90.6015,0.031164,0.07236,0.987776
90.6035,0.031164,0.07236,0.990862
90.6055,0.012217,0.07236,0.994099
90.6075,0.013297,0.07236,0.997456
90.6095,0.009392,0.0489,1.00082
90.6115,0.065033,0.26652,1.00444
90.6135,0.40181,0.47544,1.00792
90.6155,0.834949,0.5,1.01077
90.6175,1.14584,0.5,1.01261
90.6195,1.20287,0.5,1.01295
90.6215,1.18627,0.5,1.01186
90.6235,1.22319,0.5,1.00908
90.6255,1.22569,0.30048,1.00501
90.6275,0.956279,0.30048,0.999593
90.6295,0.41284,0.30048,0.992465
90.6315,0.159236,0.30048,0.986507
90.6335,0.126114,0.30048,0.979311
90.6355,0.070388,0.30048,0.972584
90.6375,0.081225,0.30048,0.966428
90.6395,0.070049,0.30048,0.960622
90.6415,0.074841,0.30048,0.955398
90.6435,0.102096,0.30048,0.95058
90.6459,0.070472,0.30048,0.946184
90.6475,0.095202,0.30048,0.941615
90.6495,0.084409,0.30048,0.93868
90.6515,0.089055,0.30048,0.935688
90.6535,0.07519,0.30048,0.933083
90.6555,0.077395,0.30048,0.930895
90.6575,0.071815,0.30048,0.929192
90.6595,0.087388,0.30048,0.927942
90.6615,0.076602,0.30048,0.927055
90.6635,0.084193,0.30048,0.926618
90.6655,0.065511,0.30048,0.926633
90.6675,0.057506,0.30048,0.926974
90.6695,0.061921,0.30048,0.927657
90.6715,0.051922,0.30048,0.928692
90.6735,0.046129,0.30048,0.929946
90.6755,0.03807,0.30048,0.931524
90.6775,0.035547,0.30048,0.9332
90.6799,0.010255,0.30048,0.935073
90.6825,0.035886,0.30048,0.937551
90.6845,0.058816,0.30048,0.940654
90.6865,0.031889,0.30048,0.943108
90.6884,0.031889,0.30048,0.945927
90.6895,0.017876,0.30048,0.948234
90.6915,0.022307,0.30048,0.95001
90.6935,0.015722,0.30048,0.953038
90.6955,0.028709,0.30048,0.956077
90.6975,0.028709,0.30048,0.959169
90.6995,0.019597,0.30048,0.962423
90.7015,0.013683,0.30048,0.965591
90.7035,0.013683,0.30048,0.968835
90.7055,0.015952,0.30048,0.972061
90.7075,0.015952,0.30048,0.975412
90.7095,0.037029,0.30048,0.978889
90.7115,0.020181,0.30048,0.982316
90.7135,0.006865,0.30048,0.985821
90.7155,0.006865,0.30048,0.989381
90.7175,0.00919,0.30048,0.992996
90.7195,0.013114,0.30048,0.996591
90.7215,0.027636,0.01674,1.00028
90.7235,0.011063,0.26406,1.0044
90.7255,0.356644,0.48708,1.00812
90.7275,0.857821,0.5,1.01166
90.7295,1.0945,0.5,1.01403
90.7315,1.18617,0.5,1.01482
90.7335,1.20031,0.5,1.01411
90.7355,1.21617,0.5,1.01184
90.7375,1.2276,0.47592,1.00793
90.7395,1.23554,0.17196,1.00287
90.7415,0.799362,0.17196,0.996358
90.7435,0.315213,0.17196,0.988716
90.7455,0.097268,0.17196,0.981826
90.7475,0.109181,0.17196,0.974504
90.75,0.07795,0.17196,0.967659
90.7515,0.080553,0.17196,0.960037
90.7535,0.096853,0.17196,0.955366
90.7555,0.100137,0.17196,0.950037
90.7575,0.061293,0.17196,0.945187
90.7595,0.129753,0.17196,0.940835
90.7615,0.095985,0.17196,0.937277
90.7635,0.089647,0.17196,0.934219
90.7655,0.093479,0.17196,0.931641
90.7675,0.09316,0.17196,0.929635
90.7695,0.090357,0.17196,0.928042
90.7715,0.099836,0.17196,0.927063
90.7735,0.07923,0.17196,0.926347
90.7755,0.074713,0.17196,0.926179
90.7775,0.064275,0.17196,0.926374
90.7795,0.060943,0.17196,0.92689
90.7815,0.054554,0.17196,0.927903
90.784,0.054878,0.17196,0.929105
90.7855,0.049445,0.17196,0.930905
90.7875,0.034689,0.17196,0.932241
90.7895,0.052477,0.17196,0.93415
90.7916,0.036269,0.17196,0.936179
90.7936,0.018926,0.17196,0.938435
90.7956,0.04138,0.17196,0.940799
90.7976,0.003165,0.17196,0.943512
90.7995,0.003191,0.17196,0.94625
90.8015,0.034136,0.17196,0.949457
90.8036,0.082915,0.17196,0.952548
90.8056,0.029743,0.17196,0.955758
90.8075,0.038699,0.17196,0.959153
90.8095,0.026069,0.17196,0.962541
90.8116,0.019841,0.17196,0.966072
90.8136,0.019841,0.17196,0.96963
90.8156,0.019841,0.17196,0.973259
90.8176,0.010337,0.17196,0.976985
90.8195,0.010337,0.17196,0.980586
90.8216,0.003386,0.17196,0.984118
90.8236,0.003386,0.17196,0.987912
90.8256,0.01779,0.17196,0.991948
90.8276,0.003623,0.17196,0.99584
90.8296,0.024391,0.17196,0.999846
90.8316,0.024391,0.2349,1.00392
90.8336,0.332233,0.48702,1.00812
90.8356,0.863168,0.5,1.01204
90.8376,1.13297,0.5,1.01506
90.8396,1.18094,0.5,1.01644
90.8416,1.20043,0.5,1.01624
90.8436,1.20311,0.5,1.01454
90.8456,1.22579,0.5,1.01133
90.8476,1.20208,0.40308,1.00672
90.8496,1.13155,0.04668,1.00078
90.8516,0.602491,0.04668,0.993224
90.854,0.196158,0.04668,0.985698
90.8556,0.129307,0.04668,0.977423
90.8576,0.082497,0.04668,0.971167
90.8596,0.109843,0.04668,0.964554
90.8616,0.110192,0.04668,0.95832
90.8636,0.087265,0.04668,0.952742
90.8656,0.138172,0.04668,0.947709
90.8676,0.107044,0.04668,0.943203
90.8696,0.10616,0.04668,0.939456
90.8716,0.113397,0.04668,0.93625
90.8736,0.083638,0.04668,0.933561
90.8756,0.105287,0.04668,0.931333
90.8776,0.093949,0.04668,0.929752
90.8796,0.087853,0.04668,0.928614
90.8816,0.10768,0.04668,0.927955
90.8836,0.086777,0.04668,0.927659
90.8856,0.076925,0.04668,0.927934
90.888,0.063625,0.04668,0.928535
90.8906,0.058123,0.04668,0.929614
90.8926,0.035801,0.04668,0.931268
90.8946,0.046695,0.04668,0.932904
90.8964,0.044273,0.04668,0.934761
90.8986,0.027829,0.04668,0.936539
90.9006,0.05432,0.04668,0.938986
90.9026,0.047104,0.04668,0.941462
90.9044,0.044582,0.04668,0.943957
90.9066,0.003001,0.04668,0.94623
90.9086,0.060257,0.04668,0.94947
90.9106,0.052712,0.04668,0.952481
90.9124,0.019233,0.04668,0.955688
90.9146,0.009905,0.04668,0.95866
90.9166,0.019681,0.04668,0.962599
90.9186,0.019222,0.04668,0.966082
90.9204,0.01203,0.04668,0.969803
90.9226,0.039712,0.04668,0.973011
90.925,0.062949,0.04668,0.977319
90.9266,0.062949,0.04668,0.98178
90.9284,0.006448,0.04668,0.985025
90.93,0.062839,0.04668,0.988455
90.9316,0.062839,0.04668,0.991682
90.9336,0.001192,0.04668,0.994968
90.9356,0.020404,0.04668,0.999043
90.9376,0.020404,0.18774,1.00313
90.9396,0.237504,0.45096,1.00752
90.9416,0.74396,0.5,1.0116
90.9436,1.01944,0.5,1.01476
90.9456,1.23986,0.5,1.01628
90.9476,1.23922,0.5,1.01669
90.9496,1.20199,0.5,1.01551
90.9516,1.25226,0.5,1.01282
90.9536,1.1988,0.5,1.00876
90.9556,1.2526,0.20142,1.00336
90.9576,0.856739,0.20142,0.996705
90.9596,0.343522,0.20142,0.989104
90.9616,0.124374,0.20142,0.981455
90.9636,0.11875,0.20142,0.973611
90.9656,0.117969,0.20142,0.96652
90.9676,0.100565,0.20142,0.960025
90.9696,0.087574,0.20142,0.953905
90.9716,0.153701,0.20142,0.948332
90.9736,0.094592,0.20142,0.943353
90.9756,0.104615,0.20142,0.938908
90.9776,0.11542,0.20142,0.934968
90.9796,0.092256,0.20142,0.931672
90.9816,0.10747,0.20142,0.928959
90.9836,0.12455,0.20142,0.926638
90.9856,0.086171,0.20142,0.92502
90.9876,0.097605,0.20142,0.923796
90.9896,0.114687,0.20142,0.923261
90.9916,0.064982,0.20142,0.922924
90.9936,0.057644,0.20142,0.923209
90.9956,0.065287,0.20142,0.923683
90.9976,0.065313,0.20142,0.924723
90.9996,0.066082,0.20142,0.925989
91.0016,0.056209,0.20142,0.927424
91.0036,0.046856,0.20142,0.929118
91.0056,0.037082,0.20142,0.931012
91.0076,0.042663,0.20142,0.9331
91.0096,0.032016,0.20142,0.935448
91.0116,0.011064,0.20142,0.937962
91.0136,0.036826,0.20142,0.940575
91.0156,0.036826,0.20142,0.943359
91.0176,0.047528,0.20142,0.946355
91.0196,0.016423,0.20142,0.949407
91.0216,0.022371,0.20142,0.952619
91.0236,0.022371,0.20142,0.955904
91.0256,0.027892,0.20142,0.959337
91.0276,0.026984,0.20142,0.962989
91.0296,0.023338,0.20142,0.966548
91.0316,0.010353,0.20142,0.970348
91.0336,0.000793,0.20142,0.97396
91.0356,0.00806,0.20142,0.97772
91.0376,0.00806,0.20142,0.98149
91.0396,0.075758,0.20142,0.985219
91.0416,0.00565,0.20142,0.989155
91.0436,0.00565,0.20142,0.993028
91.0456,0.00565,0.20142,0.996926
91.0476,0.022207,0.05268,1.00088
91.0496,0.069368,0.30714,1.00512
91.0516,0.463078,0.5,1.00908
91.0536,0.919268,0.5,1.01258
91.0556,1.1748,0.5,1.01497
91.0576,1.16453,0.5,1.01575
91.0596,1.22614,0.5,1.01521
91.0616,1.25636,0.5,1.01332
91.064,1.22191,0.5,1.0098
91.066,1.25242,0.23004,1.00383
91.068,0.896307,0.23004,0.997325
91.07,0.398627,0.23004,0.989732
91.0716,0.093349,0.23004,0.982111
91.0736,0.089523,0.23004,0.975798
91.0756,0.096136,0.23004,0.968347
91.0776,0.140224,0.23004,0.961499
91.0796,0.102598,0.23004,0.955304
91.0816,0.106498,0.23004,0.949484
91.0836,0.069087,0.23004,0.944076
91.0856,0.102457,0.23004,0.939209
91.0876,0.110824,0.23004,0.934896
91.0896,0.089313,0.23004,0.93125
91.0916,0.117906,0.23004,0.92804
91.0936,0.120296,0.23004,0.925462
91.0956,0.08237,0.23004,0.923396
91.098,0.096904,0.23004,0.921863
91.0996,0.111747,0.23004,0.920613
91.1016,0.062153,0.23004,0.92028
91.1036,0.076927,0.23004,0.920309
91.1056,0.055828,0.23004,0.920518
91.1076,0.070346,0.23004,0.921363
91.1096,0.070152,0.23004,0.92243
91.1116,0.067168,0.23004,0.923798
91.1136,0.050961,0.23004,0.925301
91.1156,0.045311,0.23004,0.927266
91.1176,0.038425,0.23004,0.929151
91.1196,0.028711,0.23004,0.931318
91.1216,0.028541,0.23004,0.933678
91.1236,0.04705,0.23004,0.936199
91.1256,0.015628,0.23004,0.938811
91.1276,0.066922,0.23004,0.941716
91.1296,0.043721,0.23004,0.944595
91.132,0.057568,0.23004,0.947718
91.1336,0.067348,0.23004,0.951622
91.1356,0.036184,0.23004,0.954275
91.1376,0.036184,0.23004,0.957771
91.1396,0.022511,0.23004,0.961327
91.1416,0.03081,0.23004,0.965065
91.1436,0.002965,0.23004,0.968759
91.1456,0.010223,0.23004,0.972515
91.1476,0.000452,0.23004,0.976277
91.1496,0.000452,0.23004,0.980203
91.1516,0.04421,0.23004,0.98396
91.1536,0.030935,0.23004,0.987932
91.1556,0.01828,0.23004,0.991774
91.1576,0.01828,0.23004,0.995871
91.1596,0.01842,0.23004,0.999964
91.1616,0.01842,0.23766,1.00396
91.1636,0.313565,0.4938,1.00823
91.1656,0.829762,0.5,1.01215
91.168,1.19064,0.5,1.01502
91.17,1.21756,0.5,1.01642
91.172,1.18874,0.5,1.01604
91.174,1.25674,0.5,1.01418
91.176,1.21187,0.5,1.01067
91.178,1.21854,0.3585,1.00598
91.18,1.07217,0.3585,0.999899
91.182,0.491042,0.3585,0.992551
91.1836,0.189677,0.3585,0.985031
91.1856,0.078135,0.3585,0.978548
91.1876,0.065164,0.3585,0.971124
91.1896,0.105732,0.3585,0.964227
91.1916,0.075838,0.3585,0.95763
91.1936,0.13457,0.3585,0.951671
91.1956,0.100988,0.3585,0.946137
91.1976,0.116314,0.3585,0.941251
91.1996,0.116268,0.3585,0.936992
91.2016,0.098559,0.3585,0.933154
91.2036,0.114284,0.3585,0.929933
91.2056,0.121979,0.3585,0.927457
91.2076,0.123973,0.3585,0.925448
91.2096,0.117292,0.3585,0.924163
91.2116,0.098139,0.3585,0.923317
91.2136,0.114869,0.3585,0.922987
91.2156,0.069657,0.3585,0.923152
91.2176,0.089079,0.3585,0.923832
91.2196,0.063498,0.3585,0.924897
91.2216,0.062001,0.3585,0.926192
91.2236,0.065283,0.3585,0.927824
91.2256,0.046203,0.3585,0.929691
91.2276,0.029821,0.3585,0.931781
91.2296,0.045171,0.3585,0.934183
91.2316,0.028738,0.3585,0.936771
91.2336,0.05134,0.3585,0.93954
91.236,0.047965,0.3585,0.942487
91.2376,0.047965,0.3585,0.946175
91.2396,0.040543,0.3585,0.948753
91.2416,0.066865,0.3585,0.952289
91.2436,0.066865,0.3585,0.955918
91.2456,0.021244,0.3585,0.959688
91.2476,0.038209,0.3585,0.963361
91.2496,0.007244,0.3585,0.967297
91.2516,0.010494,0.3585,0.971216
91.2536,0.020853,0.3585,0.975231
91.2556,0.020853,0.3585,0.979235
91.2576,0.016991,0.3585,0.983242
91.2596,0.005805,0.3585,0.987376
91.2616,0.005805,0.3585,0.991492
91.2636,0.005805,0.3585,0.995722
91.2656,0.019505,0.3585,0.999931
91.2676,0.002474,0.25308,1.00422
91.2696,0.36069,0.5,1.00867
91.272,0.923691,0.5,1.01305
91.2746,1.20608,0.5,1.01624
91.2766,1.22027,0.5,1.01757
91.2786,1.18913,0.5,1.0168
91.2805,1.23664,0.5,1.01447
91.2826,1.22292,0.5,1.01114
91.2846,1.20479,0.35268,1.00588
91.2866,1.05532,0.35268,0.999358
91.2885,0.44168,0.35268,0.992339
91.2906,0.122825,0.35268,0.985232
91.2926,0.106762,0.35268,0.976637
91.2946,0.060011,0.35268,0.969173
91.2965,0.100929,0.35268,0.962133
91.298,0.046536,0.35268,0.956072
91.2996,0.114227,0.35268,0.951506
91.3016,0.089991,0.35268,0.94669
91.3036,0.119376,0.35268,0.941429
91.3056,0.112936,0.35268,0.937009
91.3076,0.116483,0.35268,0.932862
91.3096,0.119482,0.35268,0.929625
91.3116,0.1135,0.35268,0.926955
91.3136,0.101467,0.35268,0.924894
91.3156,0.10287,0.35268,0.923382
91.3176,0.093851,0.35268,0.922376
91.3196,0.113861,0.35268,0.922012
91.3216,0.099461,0.35268,0.922208
91.3236,0.07764,0.35268,0.92268
91.3256,0.065727,0.35268,0.923811
91.3276,0.069746,0.35268,0.925085
91.3296,0.048633,0.35268,0.926644
91.3316,0.043478,0.35268,0.92834
91.3336,0.043879,0.35268,0.930452
91.3356,0.036117,0.35268,0.932674
91.3376,0.02414,0.35268,0.93513
91.34,0.034216,0.35268,0.937808
91.3416,0.024483,0.35268,0.941123
91.3436,0.021541,0.35268,0.943619
91.3456,0.002866,0.35268,0.946862
91.3476,0.020618,0.35268,0.950176
91.3496,0.012714,0.35268,0.953596
91.3516,0.015171,0.35268,0.957145
91.3536,0.006304,0.35268,0.960914
91.3556,0.031803,0.35268,0.964582
91.3576,0.00557,0.35268,0.968367
91.3596,0.00557,0.35268,0.972141
91.3616,0.050776,0.35268,0.976009
91.3636,0.011621,0.35268,0.980068
91.3656,0.001778,0.35268,0.983821
91.3676,0.014827,0.35268,0.987927
91.3696,0.014827,0.35268,0.991864
91.3716,0.01535,0.35268,0.995887
91.3736,0.015856,0.35268,0.999971
91.3761,0.015856,0.2469,1.00412
91.3781,0.34142,0.5,1.00941
91.3801,0.865299,0.5,1.01327
91.3821,1.14727,0.5,1.01607
91.3841,1.16886,0.5,1.01745
91.3866,1.19488,0.5,1.01723
91.3886,1.19079,0.5,1.01467
91.3906,1.22759,0.5,1.01094
91.3925,1.20536,0.3543,1.00591
91.3946,1.06855,0.3543,0.999876
91.3966,0.466898,0.3543,0.992015
91.3986,0.130978,0.3543,0.984753
91.4005,0.094809,0.3543,0.976674
91.4026,0.047869,0.3543,0.969548
91.4046,0.092905,0.3543,0.962108
91.4066,0.063325,0.3543,0.955419
91.4085,0.133544,0.3543,0.949419
91.4111,0.138254,0.3543,0.944234
91.4126,0.112266,0.3543,0.937839
91.4146,0.10446,0.3543,0.934564
91.4165,0.101121,0.3543,0.930946
91.4186,0.116032,0.3543,0.927961
91.4206,0.114084,0.3543,0.925287
91.4226,0.129297,0.3543,0.923373
91.4245,0.096554,0.3543,0.921981
91.4266,0.102188,0.3543,0.921266
91.4286,0.112976,0.3543,0.920977
91.4306,0.106891,0.3543,0.921213
91.4325,0.104532,0.3543,0.921952
91.4346,0.084825,0.3543,0.922914
91.4366,0.069707,0.3543,0.924431
91.4386,0.057638,0.3543,0.926211
91.4405,0.047593,0.3543,0.928272
91.4421,0.038586,0.3543,0.930156
91.4441,0.02562,0.3543,0.932197
91.4456,0.020834,0.3543,0.934769
91.4476,0.013092,0.3543,0.936708
91.4496,0.051515,0.3543,0.939421
91.4516,0.014155,0.3543,0.942376
91.4536,0.044337,0.3543,0.945422
91.4556,0.0414,0.3543,0.948719
91.4576,0.036098,0.3543,0.952082
91.4596,0.034486,0.3543,0.955655
91.4616,0.036659,0.3543,0.959124
91.4636,0.029135,0.3543,0.962878
91.4656,0.001631,0.3543,0.96661
91.4676,0.014727,0.3543,0.970443
91.4696,0.014727,0.3543,0.974297
91.4716,0.014727,0.3543,0.978159
91.4737,0.028719,0.3543,0.982064
91.4757,0.008402,0.3543,0.986014
91.4776,0.032866,0.3543,0.989918
91.4801,0.032866,0.3543,0.993929
91.4827,0.010464,0.3543,0.998845
91.4847,0.010464,0.23244,1.00387
91.4867,0.33065,0.5,1.00835
91.4885,0.9127,0.5,1.01195
91.4907,1.16183,0.5,1.01473
91.4927,1.18461,0.5,1.01616
91.4947,1.20703,0.5,1.01586
91.4965,1.19931,0.5,1.0139
91.4987,1.21576,0.5,1.01073
91.5007,1.1963,0.35778,1.00596
91.5027,1.05012,0.35778,0.999475
91.5045,0.424091,0.35778,0.992048
91.5067,0.145418,0.35778,0.985555
91.5087,0.121695,0.35778,0.977158
91.5107,0.050216,0.35778,0.969784
91.5125,0.109128,0.35778,0.962738
91.5151,0.096702,0.35778,0.956681
91.5167,0.089421,0.35778,0.948971
91.5187,0.080776,0.35778,0.944919
91.5205,0.113191,0.35778,0.940143
91.5227,0.104133,0.35778,0.93614
91.5247,0.104278,0.35778,0.932264
91.5267,0.117673,0.35778,0.929157
91.5285,0.095088,0.35778,0.926645
91.5307,0.105054,0.35778,0.924825
91.5327,0.133137,0.35778,0.923259
91.5347,0.07635,0.35778,0.922295
91.5365,0.082557,0.35778,0.921775
91.5387,0.078846,0.35778,0.921912
91.5407,0.100305,0.35778,0.922419
91.5427,0.069258,0.35778,0.923304
91.5445,0.067455,0.35778,0.924359
91.5467,0.062369,0.35778,0.925689
91.5487,0.050531,0.35778,0.927527
91.5511,0.039514,0.35778,0.929471
91.5525,0.033472,0.35778,0.932271
91.5547,0.02051,0.35778,0.9338
91.5567,0.014035,0.35778,0.936347
91.5587,0.039672,0.35778,0.939044
91.5605,0.056668,0.35778,0.941767
91.5627,0.011912,0.35778,0.944532
91.5647,0.049239,0.35778,0.947862
91.5667,0.015651,0.35778,0.951046
91.5685,0.001373,0.35778,0.954502
91.5707,0.014526,0.35778,0.957841
91.5727,0.015486,0.35778,0.961615
91.5747,0.029361,0.35778,0.965341
91.5765,0.007664,0.35778,0.969153
91.5787,0.019821,0.35778,0.972741
91.5807,0.045606,0.35778,0.976759
91.5827,0.045606,0.35778,0.980622
91.5845,0.045606,0.35778,0.984573
91.5867,0.016282,0.35778,0.988322
91.5887,0.017201,0.35778,0.992524
91.5907,0.007026,0.35778,0.996523
91.5925,0.014793,0.03492,1.00058
91.5947,0.045528,0.28806,1.0048
91.5967,0.403812,0.5,1.00932
91.5987,0.884657,0.5,1.01287
91.6005,1.11047,0.5,1.0155
91.6027,1.16238,0.5,1.01624
91.6047,1.19468,0.5,1.01586
91.6067,1.23007,0.5,1.01367
91.6085,1.22932,0.5,1.01004
91.6107,1.21817,0.32442,1.00541
91.6127,1.04424,0.32442,0.998697
91.6147,0.449327,0.32442,0.991281
91.6165,0.145157,0.32442,0.984057
91.6187,0.099868,0.32442,0.97675
91.6211,0.087,0.32442,0.968752
91.6227,0.08692,0.32442,0.960132
91.6245,0.102481,0.32442,0.955363
91.6267,0.111457,0.32442,0.949727
91.6287,0.098899,0.32442,0.943932
91.6307,0.121783,0.32442,0.939275
91.6325,0.118235,0.32442,0.935097
91.6347,0.10932,0.32442,0.931647
91.6367,0.121218,0.32442,0.928602
91.6387,0.124537,0.32442,0.926069
91.6405,0.12529,0.32442,0.924331
91.6427,0.106891,0.32442,0.923225
91.6447,0.09851,0.32442,0.922329
91.6467,0.100895,0.32442,0.922287
91.6485,0.098546,0.32442,0.922662
91.6507,0.096757,0.32442,0.923242
91.6527,0.082745,0.32442,0.924511
91.6551,0.065066,0.32442,0.925957
91.6565,0.05472,0.32442,0.92807
91.6587,0.049129,0.32442,0.929327
91.6607,0.030589,0.32442,0.931789
91.6627,0.020961,0.32442,0.934135
91.6645,0.014188,0.32442,0.936677
91.6667,0.028633,0.32442,0.938953
91.6687,0.028633,0.32442,0.942117
91.6707,0.01956,0.32442,0.945003
91.6725,0.027551,0.32442,0.948068
91.6747,0.036519,0.32442,0.950888
91.6767,0.025743,0.32442,0.954654
91.6787,0.025743,0.32442,0.957994
91.6805,0.009797,0.32442,0.961634
91.6821,0.027301,0.32442,0.964779
91.6837,0.005995,0.32442,0.967723
91.6857,0.009872,0.32442,0.970586
91.6881,0.009872,0.32442,0.974316
91.6907,0.009872,0.32442,0.978674
91.6927,0.00032,0.32442,0.983536
91.6947,0.026454,0.32442,0.987216
91.6965,0.024312,0.32442,0.991053
91.6981,0.024312,0.32442,0.994339
91.6997,0.005047,0.32442,0.997482
91.7017,0.015097,0.03498,1.00058
91.7037,0.028315,0.27702,1.00462
91.7057,0.352208,0.5,1.00836
91.7077,0.894026,0.5,1.01178
91.7097,1.12423,0.5,1.0143
91.7117,1.1871,0.5,1.01502
91.7137,1.21118,0.5,1.01423
91.7157,1.20292,0.5,1.01175
91.7177,1.20973,0.4575,1.00762
91.7197,1.20229,0.15774,1.00263
91.7217,0.782475,0.15774,0.996075
91.7237,0.216736,0.15774,0.988388
91.7257,0.079111,0.15774,0.981014
91.7277,0.093534,0.15774,0.973368
91.7297,0.073252,0.15774,0.966239
91.7317,0.046757,0.15774,0.959637
91.7337,0.104282,0.15774,0.953304
91.7357,0.117475,0.15774,0.947463
91.7377,0.081491,0.15774,0.94211
91.7397,0.099394,0.15774,0.937329
91.7417,0.08666,0.15774,0.933029
91.7437,0.113084,0.15774,0.929184
91.7457,0.097719,0.15774,0.92598
91.7477,0.105802,0.15774,0.923318
91.7497,0.103656,0.15774,0.921092
91.7517,0.130358,0.15774,0.919433
91.7537,0.104636,0.15774,0.918287
91.7557,0.09169,0.15774,0.917452
91.7581,0.105787,0.15774,0.917202
91.7597,0.072861,0.15774,0.917364
91.7617,0.070453,0.15774,0.917902
91.7637,0.054314,0.15774,0.918775
91.7657,0.055833,0.15774,0.919863
91.7677,0.058095,0.15774,0.92133
91.7697,0.030335,0.15774,0.923055
91.7717,0.065747,0.15774,0.924963
91.7737,0.040855,0.15774,0.927133
91.7757,0.035563,0.15774,0.929453
91.7777,0.015131,0.15774,0.931923
91.7797,0.008857,0.15774,0.934429
91.7817,0.008857,0.15774,0.937033
91.7837,0.005011,0.15774,0.939739
91.7857,0.023935,0.15774,0.942742
91.7877,0.027862,0.15774,0.945468
91.7897,0.027862,0.15774,0.948512
91.7921,0.027862,0.15774,0.951719
91.7937,0.042811,0.15774,0.955521
91.7957,0.029096,0.15774,0.958216
91.7977,0.012661,0.15774,0.961535
91.7997,0.016079,0.15774,0.96501
91.8017,0.016079,0.15774,0.968453
91.8037,0.016079,0.15774,0.971765
91.8057,0.009206,0.15774,0.97525
91.8077,0.022494,0.15774,0.978649
91.8097,0.004079,0.15774,0.982196
91.8117,0.004079,0.15774,0.985626
91.8137,0.013353,0.15774,0.98903
91.8157,0.005502,0.15774,0.992561
91.8177,0.005502,0.15774,0.99608
91.8197,0.010776,0.15774,0.999573
91.8217,0.010776,0.18402,1.00307
91.8237,0.242495,0.39906,1.00665
91.8257,0.695733,0.5,1.0101
91.8281,1.0678,0.5,1.01283
91.8301,1.1753,0.5,1.01375
91.8321,1.19605,0.5,1.01315
91.8341,1.17657,0.5,1.01067
91.8361,1.18746,0.40542,1.00676
91.8381,1.11673,0.09144,1.00152
91.8401,0.560268,0.09144,0.994045
91.8421,0.234661,0.09144,0.987418
91.8437,0.030745,0.09144,0.98029
91.8457,0.080312,0.09144,0.974181
91.8477,0.069856,0.09144,0.967222
91.8497,0.09365,0.09144,0.960748
91.8517,0.142152,0.09144,0.954505
91.8537,0.121462,0.09144,0.948741
91.8557,0.083477,0.09144,0.943532
91.8577,0.100962,0.09144,0.938872
91.8597,0.103482,0.09144,0.93461
91.8621,0.093842,0.09144,0.930973
91.8637,0.121282,0.09144,0.927317
91.8657,0.085602,0.09144,0.92533
91.8677,0.103158,0.09144,0.923218
91.8697,0.117512,0.09144,0.921646
91.8717,0.093677,0.09144,0.920666
91.8737,0.109417,0.09144,0.920152
91.8757,0.087172,0.09144,0.920099
91.8777,0.092161,0.09144,0.920568
91.8797,0.1009,0.09144,0.921496
91.8817,0.045088,0.09144,0.922646
91.8837,0.049557,0.09144,0.924127
91.8857,0.035295,0.09144,0.925863
91.8877,0.040448,0.09144,0.927875
91.8897,0.031574,0.09144,0.929987
91.8917,0.01405,0.09144,0.932271
91.8937,0.022431,0.09144,0.934623
91.8961,0.023406,0.09144,0.937255
91.8987,0.031667,0.09144,0.940467
91.9007,0.012449,0.09144,0.944181
91.9027,0.012449,0.09144,0.94721
91.9046,0.028186,0.09144,0.950384
91.9061,0.084433,0.09144,0.953422
91.9077,0.026336,0.09144,0.955949
91.9097,0.019256,0.09144,0.958739
91.9117,0.009988,0.09144,0.962143
91.9137,0.015612,0.09144,0.965522
91.9157,0.015612,0.09144,0.969098
91.9177,0.015612,0.09144,0.972608
91.9197,0.022838,0.09144,0.976096
91.9217,0.022838,0.09144,0.979708
91.9237,0.022838,0.09144,0.983102
91.9257,0.022838,0.09144,0.986704
91.9277,0.038846,0.09144,0.990238
91.9297,0.038846,0.09144,0.99389
91.9321,0.038846,0.09144,0.997456
91.9337,0.010376,0.09852,1.00164
91.9357,0.105874,0.29268,1.00488
91.9377,0.445289,0.4929,1.00822
91.9397,0.862315,0.5,1.0113
91.9417,1.17064,0.5,1.01304
91.9437,1.17681,0.5,1.01333
91.9457,1.19903,0.5,1.01202
91.9477,1.21108,0.5,1.00918
91.9497,1.19663,0.29436,1.00491
91.9517,0.99027,0.29436,0.999163
91.9537,0.402219,0.29436,0.992275
91.9557,0.080067,0.29436,0.985178
91.9577,0.0882,0.29436,0.977738
91.9597,0.045463,0.29436,0.970554
91.9617,0.073489,0.29436,0.963963
91.9637,0.051859,0.29436,0.957691
91.9661,0.103792,0.29436,0.951844
91.9677,0.089378,0.29436,0.94555
91.9697,0.091435,0.29436,0.941586
91.9711,0.096496,0.29436,0.937466
91.9727,0.097742,0.29436,0.934459
91.9741,0.081431,0.29436,0.931816
91.9757,0.102944,0.29436,0.929484
91.9771,0.117009,0.29436,0.927479
91.9797,0.104965,0.29436,0.925125
91.9811,0.097726,0.29436,0.923385
91.9827,0.086243,0.29436,0.922538
91.9841,0.062359,0.29436,0.92196
91.9857,0.096491,0.29436,0.921593
91.9871,0.077506,0.29436,0.921442
91.9887,0.075224,0.29436,0.921636
91.9901,0.106749,0.29436,0.922077
91.9917,0.098045,0.29436,0.922742
91.9937,0.065655,0.29436,0.923646
91.9951,0.083186,0.29436,0.924986
91.9967,0.056189,0.29436,0.92625
91.9981,0.043628,0.29436,0.927604
91.9997,0.039007,0.29436,0.929035
92.0017,0.040541,0.29436,0.93071
92.0031,0.02973,0.29436,0.932876
92.0047,0.016908,0.29436,0.934749
92.0061,0.011597,0.29436,0.936645
92.0077,0.008823,0.29436,0.938515
92.0091,0.030469,0.29436,0.940503
92.0117,0.036153,0.29436,0.943362
92.0131,0.011876,0.29436,0.946437
92.0147,0.011876,0.29436,0.948751
92.0161,0.013309,0.29436,0.951173
92.0177,0.052128,0.29436,0.953506
92.0191,0.024648,0.29436,0.955988
92.0207,0.015388,0.29436,0.95856
92.0227,0.010119,0.29436,0.961121
92.0241,0.034437,0.29436,0.96461
92.0257,0.009077,0.29436,0.96724
92.0271,0.009077,0.29436,0.970003
92.0287,0.009077,0.29436,0.972635
92.0307,0.016044,0.29436,0.975466
92.0326,0.0169,0.29436,0.979057
92.0341,0.008531,0.29436,0.982491
92.0357,0.008531,0.29436,0.985224
92.0377,0.051012,0.29436,0.988136
92.0397,0.051012,0.29436,0.991856
92.0417,0.013992,0.29436,0.995503
92.0437,0.012404,0.29436,0.999145
92.0457,0.012404,0.17316,1.00289
92.0477,0.20143,0.40812,1.0068
92.0497,0.690313,0.5,1.01038
92.0517,0.973204,0.5,1.01306
92.0537,1.20591,0.5,1.01446
92.0557,1.21312,0.5,1.01421
92.0577,1.15984,0.5,1.01249
92.0597,1.22275,0.5,1.0091
92.0617,1.22487,0.26484,1.00441
92.0637,0.94169,0.26484,0.99821
92.0657,0.421103,0.26484,0.990962
92.0677,0.105821,0.26484,0.983618
92.0697,0.081712,0.26484,0.975789
92.0717,0.060008,0.26484,0.968653
92.0737,0.084811,0.26484,0.961872
92.0757,0.085773,0.26484,0.955437
92.0777,0.120315,0.26484,0.949469
92.0797,0.06834,0.26484,0.944098
92.0817,0.10848,0.26484,0.939225
92.0837,0.103695,0.26484,0.934834
92.0857,0.089873,0.26484,0.930952
92.0882,0.137299,0.26484,0.927683
92.0897,0.097965,0.26484,0.924661
92.0917,0.117792,0.26484,0.922956
92.0937,0.163298,0.26484,0.92144
92.0957,0.093641,0.26484,0.920433
92.0977,0.127928,0.26484,0.919911
92.0997,0.125564,0.26484,0.920001
92.1017,0.098775,0.26484,0.92059
92.1037,0.05663,0.26484,0.921519
92.1057,0.069606,0.26484,0.92292
92.1077,0.053759,0.26484,0.92456
92.1097,0.047857,0.26484,0.926455
92.1117,0.047192,0.26484,0.928672
92.1137,0.044129,0.26484,0.931036
92.1157,0.032453,0.26484,0.933621
92.1177,0.027348,0.26484,0.936298
92.1197,0.031947,0.26484,0.939095
92.1217,0.005452,0.26484,0.941971
92.1242,0.005452,0.26484,0.944898
92.1257,0.022015,0.26484,0.948608
92.1277,0.050631,0.26484,0.951157
92.1297,0.050631,0.26484,0.954545
92.1317,0.015405,0.26484,0.957932
92.1337,0.001452,0.26484,0.96147
92.1357,0.013711,0.26484,0.965033
92.1377,0.013711,0.26484,0.968643
92.1397,0.004033,0.26484,0.972165
92.1417,0.015872,0.26484,0.975742
92.1437,0.004562,0.26484,0.979458
92.1457,0.006286,0.26484,0.983119
92.1477,0.006286,0.26484,0.986759
92.1497,0.019874,0.26484,0.990506
92.1517,0.015603,0.26484,0.994168
92.1537,0.000181,0.26484,0.997887
92.1558,0.014695,0.10278,1.00171
92.1582,0.134847,0.33444,1.00557
92.1602,0.516102,0.5,1.01027
92.1622,0.970571,0.5,1.01328
92.1642,1.14931,0.5,1.01499
92.1662,1.18217,0.5,1.0151
92.1682,1.20125,0.5,1.0135
92.1708,1.18363,0.5,1.01043
92.1728,1.2109,0.29214,1.00487
92.1748,0.971065,0.29214,0.998522
92.1766,0.459892,0.29214,0.991178
92.1782,0.165046,0.29214,0.984129
92.1798,0.094749,0.29214,0.978219
92.1818,0.071105,0.29214,0.972024
92.1838,0.070872,0.29214,0.964841
92.1858,0.065823,0.29214,0.958239
92.1878,0.093601,0.29214,0.951762
92.1898,0.064353,0.29214,0.945865
92.1922,0.113604,0.29214,0.94065
92.1942,0.101133,0.29214,0.934984
92.1962,0.107759,0.29214,0.930964
92.1982,0.113231,0.29214,0.927461
92.1998,0.129328,0.29214,0.924475
92.2018,0.09204,0.29214,0.922516
92.2038,0.096385,0.29214,0.920522
92.2058,0.115209,0.29214,0.919228
92.2078,0.127271,0.29214,0.918415
92.2098,0.106838,0.29214,0.918116
92.2118,0.064219,0.29214,0.918209
92.2138,0.075237,0.29214,0.918944
92.2158,0.084001,0.29214,0.919994
92.2178,0.048964,0.29214,0.921407
92.2198,0.068932,0.29214,0.923258
92.2218,0.056496,0.29214,0.925213
92.2238,0.049333,0.29214,0.927576
92.2258,0.046748,0.29214,0.930096
92.2282,0.032586,0.29214,0.932709
92.2298,0.014051,0.29214,0.936243
92.2318,0.010992,0.29214,0.938726
92.2338,0.017493,0.29214,0.941842
92.2358,0.044132,0.29214,0.944978
92.2378,0.056653,0.29214,0.948264
92.2398,0.016181,0.29214,0.951648
92.2418,0.025451,0.29214,0.955252
92.2438,0.029398,0.29214,0.958918
92.2458,0.019926,0.29214,0.962558
92.2478,0.007295,0.29214,0.966353
92.2498,0.003376,0.29214,0.970064
92.2518,0.003376,0.29214,0.973952
92.2538,0.003376,0.29214,0.977796
92.2558,0.00017,0.29214,0.981648
92.2578,0.00017,0.29214,0.985443
92.2598,0.006572,0.29214,0.989342
92.2622,0.006572,0.29214,0.993122
92.2638,0.009316,0.29214,0.997916
92.2658,0.005493,0.0654,1.00109
92.2678,0.086026,0.31758,1.00529
92.2698,0.523591,0.5,1.00912
92.2718,0.946029,0.5,1.01249
92.2738,1.14728,0.5,1.01489
92.2758,1.14126,0.5,1.01551
92.2778,1.2034,0.5,1.0145
92.2798,1.23116,0.5,1.01195
92.2818,1.18489,0.4785,1.00798
92.2838,1.2354,0.14796,1.00247
92.2858,0.731472,0.14796,0.995619
92.2878,0.285224,0.14796,0.987879
92.2898,0.112068,0.14796,0.980135
92.2918,0.080085,0.14796,0.972301
92.2938,0.063927,0.14796,0.965083
92.2958,0.077899,0.14796,0.958259
92.2982,0.10825,0.14796,0.951914
92.2998,0.095079,0.14796,0.945014
92.3018,0.110363,0.14796,0.940806
92.3038,0.09633,0.14796,0.936256
92.3058,0.101615,0.14796,0.932252
92.3078,0.127239,0.14796,0.928835
92.3098,0.124159,0.14796,0.926088
92.3118,0.102614,0.14796,0.923891
92.3138,0.140832,0.14796,0.922124
92.3158,0.130761,0.14796,0.921176
92.3178,0.126213,0.14796,0.920759
92.3198,0.08967,0.14796,0.920818
92.3218,0.100212,0.14796,0.921363
92.3238,0.073427,0.14796,0.922484
92.3258,0.059246,0.14796,0.923882
92.3278,0.056391,0.14796,0.92549
92.3298,0.065438,0.14796,0.927521
92.3322,0.050204,0.14796,0.929917
92.3338,0.026065,0.14796,0.932937
92.3358,0.014051,0.14796,0.935072
92.3378,0.025363,0.14796,0.937962
92.3398,0.021502,0.14796,0.940967
92.3418,0.018682,0.14796,0.944044
92.3438,0.030968,0.14796,0.947166
92.3458,0.011528,0.14796,0.950406
92.3478,0.034831,0.14796,0.95386
92.3498,0.034831,0.14796,0.957428
92.3518,0.024306,0.14796,0.961127
92.3538,0.020291,0.14796,0.964802
92.3558,0.020291,0.14796,0.968544
92.3578,0.012674,0.14796,0.972332
92.3598,0.032115,0.14796,0.976182
92.3618,0.000621,0.14796,0.980029
92.3638,0.005151,0.14796,0.983841
92.3662,0.04732,0.14796,0.987745
92.3678,0.04732,0.14796,0.992402
92.3698,0.04732,0.14796,0.995587
92.3718,0.015524,0.14796,0.999481
92.3738,0.015524,0.2151,1.00359
92.3758,0.286492,0.49218,1.0082
92.3778,0.800637,0.5,1.01195
92.3798,1.09808,0.5,1.01469
92.3818,1.13741,0.5,1.01583
92.3838,1.17191,0.5,1.01535
92.3858,1.21193,0.5,1.01329
92.3878,1.21887,0.5,1.00977
92.3898,1.20901,0.2793,1.00466
92.3918,0.982878,0.2793,0.998298
92.3938,0.447281,0.2793,0.990694
92.3958,0.093413,0.2793,0.984278
92.3978,0.086065,0.2793,0.976251
92.3998,0.056956,0.2793,0.968819
92.4022,0.094994,0.2793,0.961732
92.4042,0.090468,0.2793,0.95406
92.4058,0.123155,0.2793,0.948108
92.4078,0.09222,0.2793,0.943571
92.4098,0.099888,0.2793,0.938621
92.4118,0.092231,0.2793,0.934087
92.4138,0.102603,0.2793,0.930118
92.4158,0.124127,0.2793,0.926865
92.4178,0.080612,0.2793,0.924034
92.4198,0.083371,0.2793,0.921693
92.4218,0.138188,0.2793,0.919942
92.4238,0.114117,0.2793,0.918755
92.4258,0.109321,0.2793,0.917973
92.4278,0.10252,0.2793,0.917877
92.4298,0.144109,0.2793,0.918161
92.4318,0.113076,0.2793,0.918816
92.4338,0.059945,0.2793,0.919942
92.4362,0.071276,0.2793,0.921367
92.4378,0.053636,0.2793,0.923408
92.4398,0.040469,0.2793,0.925101
92.4418,0.055858,0.2793,0.927336
92.4438,0.042172,0.2793,0.929827
92.4458,0.015739,0.2793,0.932356
92.4478,0.020004,0.2793,0.935057
92.4498,0.021012,0.2793,0.937883
92.4518,0.040315,0.2793,0.940798
92.4538,0.013327,0.2793,0.943813
92.4558,0.028314,0.2793,0.946807
92.4578,0.034024,0.2793,0.950007
92.4598,0.034024,0.2793,0.953404
92.4618,0.023754,0.2793,0.956798
92.4638,0.012595,0.2793,0.960193
92.4658,0.015925,0.2793,0.963763
92.4678,0.001767,0.2793,0.967256
92.4702,0.005065,0.2793,0.970796
92.4718,0.005065,0.2793,0.975064
92.4738,0.026771,0.2793,0.978031
92.4758,0.011737,0.2793,0.981731
92.4778,0.028583,0.2793,0.985258
92.4798,0.03147,0.2793,0.988868
92.4818,0.03147,0.2793,0.992596
92.4838,0.03147,0.2793,0.996255
92.4858,0.011108,0.2793,0.999987
92.4878,0.011108,0.21132,1.00352
92.4898,0.251195,0.47292,1.00788
92.4918,0.798441,0.5,1.01137
92.4938,1.11844,0.5,1.01381
92.4958,1.18231,0.5,1.0148
92.4978,1.19084,0.5,1.01399
92.4998,1.19632,0.5,1.01166
92.5018,1.20135,0.47136,1.00786
92.5038,1.20518,0.1521,1.00253
92.5058,0.715296,0.1521,0.99589
92.5078,0.271332,0.1521,0.988253
92.5098,0.080506,0.1521,0.981843
92.5118,0.092142,0.1521,0.974111
92.5138,0.076437,0.1521,0.966821
92.5158,0.077954,0.1521,0.959838
92.5178,0.116448,0.1521,0.953617
92.5198,0.073674,0.1521,0.947689
92.5218,0.101407,0.1521,0.942395
92.5238,0.09935,0.1521,0.937455
92.5258,0.084084,0.1521,0.933098
92.5278,0.125726,0.1521,0.929273
92.5298,0.096456,0.1521,0.925988
92.5318,0.112047,0.1521,0.923329
92.5338,0.09894,0.1521,0.920936
92.5358,0.124814,0.1521,0.919307
92.5378,0.123002,0.1521,0.918073
92.5402,0.084077,0.1521,0.917488
92.5418,0.125907,0.1521,0.917408
92.5438,0.095129,0.1521,0.917665
92.5458,0.053134,0.1521,0.918318
92.5478,0.059382,0.1521,0.919341
92.5498,0.029086,0.1521,0.920773
92.5518,0.053087,0.1521,0.922394
92.5538,0.054812,0.1521,0.924333
92.5558,0.03603,0.1521,0.926515
92.5578,0.037931,0.1521,0.928833
92.5598,0.017516,0.1521,0.931265
92.5618,0.025107,0.1521,0.933769
92.5638,0.022175,0.1521,0.93653
92.5658,0.033377,0.1521,0.939397
92.5678,0.033377,0.1521,0.942278
92.5698,0.020413,0.1521,0.945399
92.5718,0.039463,0.1521,0.948368
92.5742,0.052911,0.1521,0.951768
92.5762,0.028929,0.1521,0.955885
92.5782,0.028929,0.1521,0.959355
92.5802,0.012617,0.1521,0.962762
92.5822,0.002342,0.1521,0.966208
92.5842,0.004353,0.1521,0.969706
92.5862,0.012517,0.1521,0.973133
92.5882,0.006802,0.1521,0.97671
92.5902,0.006814,0.1521,0.980078
92.5922,0.006814,0.1521,0.983581
92.5942,0.044764,0.1521,0.986892
92.5962,0.009236,0.1521,0.990488
92.5982,0.007486,0.1521,0.993869
92.6002,0.005801,0.1521,0.997309
92.6022,0.000768,0.04242,1.00071
92.6042,0.043176,0.2574,1.00429
92.6062,0.369895,0.4734,1.00789
92.6082,0.835474,0.5,1.01093
92.6108,1.14633,0.5,1.01285
92.6128,1.18466,0.5,1.01292
92.6148,1.18768,0.5,1.01129
92.6167,1.20554,0.47838,1.00797
92.6188,1.19169,0.23484,1.00391
92.6208,0.865279,0.23484,0.996899
92.6228,0.364413,0.23484,0.989661
92.6247,0.071263,0.23484,0.983298
92.6262,0.08027,0.23484,0.97561
92.6282,0.031108,0.23484,0.970111
92.6302,0.06302,0.23484,0.963129
92.6322,0.077627,0.23484,0.956381
92.6342,0.113456,0.23484,0.950163
92.6362,0.053289,0.23484,0.944299
92.6382,0.101426,0.23484,0.938946
92.6402,0.075474,0.23484,0.93418
92.6422,0.106126,0.23484,0.92967
92.6442,0.081479,0.23484,0.925788
92.6462,0.09347,0.23484,0.922359
92.6482,0.108668,0.23484,0.919535
92.6502,0.073445,0.23484,0.917268
92.6522,0.108208,0.23484,0.915405
92.6542,0.10786,0.23484,0.913995
92.6562,0.137126,0.23484,0.913144
92.6582,0.071695,0.23484,0.912835
92.6602,0.056594,0.23484,0.91287
92.6622,0.040497,0.23484,0.913462
92.6642,0.061326,0.23484,0.914382
92.6662,0.068513,0.23484,0.915729
92.6682,0.062332,0.23484,0.917334
92.6702,0.061975,0.23484,0.919071
92.6722,0.046384,0.23484,0.920974
92.6742,0.029085,0.23484,0.923249
92.6762,0.034425,0.23484,0.925537
92.6782,0.026869,0.23484,0.927997
92.6807,0.018648,0.23484,0.930666
92.6822,0.005096,0.23484,0.934118
92.6842,0.012133,0.23484,0.936277
92.6862,0.019634,0.23484,0.939168
92.6882,0.019634,0.23484,0.94223
92.6902,0.019634,0.23484,0.945312
92.6922,0.025291,0.23484,0.948492
92.6938,0.01587,0.23484,0.951607
92.6958,0.027814,0.23484,0.954088
92.6978,0.027814,0.23484,0.957424
92.6998,0.000488,0.23484,0.960604
92.7018,0.009775,0.23484,0.964025
92.7038,0.009775,0.23484,0.967289
92.7058,0.009775,0.23484,0.970582
92.7078,0.009775,0.23484,0.973923
92.7098,0.036206,0.23484,0.977322
92.7118,0.036206,0.23484,0.980434
92.7142,0.036206,0.23484,0.983615
92.7158,0.016726,0.23484,0.98776
92.7178,0.0154,0.23484,0.990142
92.7198,0.000762,0.23484,0.993235
92.7212,0.001908,0.23484,0.996673
92.7233,0.007893,0.23484,0.998913
92.7248,0.009874,0.11472,1.00191
92.7268,0.1328,0.29262,1.00488
92.7287,0.480673,0.4722,1.00787
92.7308,0.885254,0.5,1.01
92.7328,1.12513,0.5,1.0114
92.7348,1.15895,0.5,1.0111
92.7367,1.19332,0.5,1.00931
92.7388,1.18655,0.36774,1.00613
92.7408,1.05588,0.07746,1.00129
92.7428,0.55073,0.07746,0.994999
92.7447,0.207819,0.07746,0.988104
92.7468,0.031783,0.07746,0.981688
92.7488,0.066579,0.07746,0.974376
92.7508,0.036096,0.07746,0.967957
92.7523,0.084257,0.07746,0.961711
92.7543,0.08617,0.07746,0.957055
92.7558,0.102176,0.07746,0.951245
92.7573,0.093158,0.07746,0.947235
92.7588,0.032973,0.07746,0.943535
92.7603,0.089018,0.07746,0.939959
92.7618,0.070573,0.07746,0.936664
92.7633,0.063904,0.07746,0.933567
92.7648,0.07664,0.07746,0.930744
92.7663,0.0969,0.07746,0.928203
92.7678,0.111047,0.07746,0.925888
92.7693,0.089514,0.07746,0.923905
92.7708,0.113587,0.07746,0.922246
92.7723,0.077851,0.07746,0.920784
92.7743,0.096965,0.07746,0.919599
92.7758,0.129422,0.07746,0.918478
92.7773,0.095252,0.07746,0.918093
92.7798,0.078867,0.07746,0.91787
92.7813,0.117505,0.07746,0.917967
92.7828,0.067678,0.07746,0.918529
92.7843,0.06284,0.07746,0.919163
92.7863,0.058522,0.07746,0.919988
92.7878,0.076048,0.07746,0.921374
92.7893,0.036875,0.07746,0.922583
92.7908,0.042235,0.07746,0.923981
92.7923,0.059602,0.07746,0.925407
92.7948,0.046661,0.07746,0.927045
92.7963,0.035235,0.07746,0.929917
92.7978,0.018816,0.07746,0.931806
92.7993,0.005769,0.07746,0.933643
92.8007,0.016916,0.07746,0.935587
92.8023,0.016916,0.07746,0.937617
92.8043,0.035699,0.07746,0.93957
92.8058,0.035699,0.07746,0.942333
92.8078,0.020226,0.07746,0.944564
92.8098,0.015516,0.07746,0.94741
92.8118,0.041488,0.07746,0.950313
92.8138,0.030163,0.07746,0.953399
92.8158,0.030163,0.07746,0.956352
92.8178,0.005832,0.07746,0.959338
92.8198,0.008984,0.07746,0.96256
92.8218,0.014338,0.07746,0.965626
92.8238,0.000376,0.07746,0.968721
92.8259,0.000376,0.07746,0.97182
92.8279,4e-06,0.07746,0.974869
92.8299,0.008265,0.07746,0.978051
92.8319,0.003896,0.07746,0.981029
92.8333,0.001734,0.07746,0.984019
92.8353,0.017727,0.07746,0.986048
92.8373,0.011736,0.07746,0.989105
92.8389,0.011736,0.07746,0.992146
92.8407,0.011736,0.07746,0.994641
92.8423,0.004291,0.07746,0.99735
92.8439,0.004291,0.07746,0.999526
92.8459,0.004291,0.11586,1.00193
92.8479,0.137569,0.29946,1.00499
92.8499,0.46819,0.46734,1.00779
92.8519,0.866862,0.5,1.01024
92.8539,1.1155,0.5,1.01122
92.8559,1.18742,0.5,1.0109
92.8579,1.21187,0.5,1.00905
92.8599,1.1772,0.3237,1.0054
92.8619,0.987746,0.01014,1.00017
92.8639,0.384989,0.01014,0.994077
92.8659,0.110262,0.01014,0.987122
92.8679,0.064555,0.01014,0.980359
92.8699,0.069089,0.01014,0.973597
92.8723,0.062769,0.01014,0.967098
92.8743,0.064606,0.01014,0.959757
92.8759,0.077188,0.01014,0.954059
92.8779,0.089685,0.01014,0.949688
92.8799,0.06352,0.01014,0.944657
92.8819,0.073355,0.01014,0.94011
92.8839,0.078441,0.01014,0.935876
92.8859,0.067651,0.01014,0.932231
92.8879,0.083056,0.01014,0.928981
92.8899,0.075123,0.01014,0.926227
92.8919,0.103076,0.01014,0.923846
92.8939,0.06452,0.01014,0.921843
92.8959,0.079595,0.01014,0.920291
92.8979,0.063204,0.01014,0.919352
92.8999,0.070678,0.01014,0.918718
92.9019,0.049463,0.01014,0.918534
92.9033,0.076075,0.01014,0.918732
92.9053,0.108898,0.01014,0.918974
92.9079,0.054242,0.01014,0.920013
92.9099,0.050515,0.01014,0.921126
92.9119,0.061282,0.01014,0.922608
92.9139,0.036372,0.01014,0.924098
92.9159,0.038643,0.01014,0.925737
92.9179,0.019382,0.01014,0.927594
92.9199,0.021965,0.01014,0.929574
92.9219,0.008716,0.01014,0.931544
92.9239,0.019674,0.01014,0.933725
92.9259,0.025848,0.01014,0.935933
92.9279,0.025848,0.01014,0.938216
92.9299,0.028503,0.01014,0.940615
92.9319,0.029119,0.01014,0.943043
92.9339,0.003616,0.01014,0.945605
92.9359,0.003616,0.01014,0.948165
92.9379,0.035357,0.01014,0.95078
92.9403,0.02226,0.01014,0.953547
92.9423,0.011344,0.01014,0.956697
92.9443,0.011344,0.01014,0.959482
92.9459,0.011344,0.01014,0.962322
92.9479,0.017795,0.01014,0.964645
92.9499,0.017795,0.01014,0.967449
92.9519,0.017795,0.01014,0.970158
92.9533,0.018681,0.01014,0.973034
92.9549,0.018681,0.01014,0.974681
92.9569,0.018681,0.01014,0.977182
92.9589,0.018681,0.01014,0.979978
92.9607,0.018681,0.01014,0.982668
92.9623,0.018681,0.01014,0.985062
92.9639,0.018681,0.01014,0.987104
92.9659,0.018681,0.01014,0.989354
92.9679,0.018681,0.01014,0.992046
92.9693,0.018681,0.01014,0.994632
92.9709,0.018681,0.01014,0.996225
92.9733,0.018681,0.01014,0.99854
92.9749,0.00627,0.0981,1.00164
92.9767,0.132071,0.23214,1.00387
92.9789,0.407716,0.36486,1.00608
92.9809,0.700176,0.5,1.00836
92.9829,1.03683,0.5,1.00923
92.9847,1.18056,0.5,1.00905
92.9869,1.18224,0.44754,1.00746
92.9889,1.12825,0.22872,1.00381
92.9909,0.760969,0.22872,0.998885
92.9927,0.269479,0.22872,0.992863
92.9943,0.112451,0.22872,0.98787
92.9963,0.039085,0.22872,0.982531
92.9983,0.054104,0.22872,0.976091
92.9999,0.022965,0.22872,0.970041
93.0013,0.058941,0.22872,0.965311
93.0029,0.030959,0.22872,0.961389
93.0053,0.074711,0.22872,0.956958
93.0073,0.050718,0.22872,0.950946
93.0093,0.04278,0.22872,0.946094
93.0113,0.057096,0.22872,0.941679
93.0133,0.054936,0.22872,0.937477
93.0149,0.056714,0.22872,0.933603
93.0167,0.060439,0.22872,0.930676
93.0183,0.072478,0.22872,0.927779
93.0199,0.080651,0.22872,0.925394
93.0219,0.065915,0.22872,0.923074
93.0239,0.054107,0.22872,0.920795
93.0259,0.088449,0.22872,0.918692
93.0279,0.054205,0.22872,0.916968
93.0299,0.061778,0.22872,0.915572
93.0319,0.102338,0.22872,0.914579
93.0339,0.090805,0.22872,0.9139
93.0359,0.045392,0.22872,0.913584
93.0383,0.035591,0.22872,0.913627
93.0399,0.017331,0.22872,0.914095
93.0419,0.048167,0.22872,0.914631
93.0439,0.025656,0.22872,0.915548
93.0459,0.03098,0.22872,0.916545
93.0479,0.033089,0.22872,0.917955
93.0499,0.020714,0.22872,0.919295
93.0519,0.033392,0.22872,0.920914
93.0539,0.001479,0.22872,0.922551
93.0559,0.015394,0.22872,0.92423
93.0579,0.011408,0.22872,0.926257
93.0599,0.028646,0.22872,0.92822
93.0619,0.020734,0.22872,0.930269
93.0639,0.020734,0.22872,0.932231
93.0659,0.00045,0.22872,0.934547
93.0679,0.028221,0.22872,0.936766
93.0699,0.024014,0.22872,0.939005
93.0719,0.030574,0.22872,0.941337
93.0739,0.030574,0.22872,0.943635
93.0759,0.044086,0.22872,0.946001
93.0779,0.029227,0.22872,0.948331
93.0799,0.002203,0.22872,0.950623
93.0819,0.015974,0.22872,0.952952
93.0839,0.015974,0.22872,0.955367
93.0859,0.015254,0.22872,0.957734
93.0879,0.000108,0.22872,0.960215
93.0899,0.001983,0.22872,0.962518
93.0919,0.001983,0.22872,0.964805
93.0939,0.001983,0.22872,0.967145
93.0959,0.001983,0.22872,0.969425
93.0979,0.001983,0.22872,0.971611
93.0999,0.001983,0.22872,0.973742
93.1019,0.001983,0.22872,0.975894
93.1039,0.001983,0.22872,0.977929
93.1059,0.001983,0.22872,0.979915
93.1083,0.001983,0.22872,0.981753
93.1099,0.001983,0.22872,0.983972
93.1119,0.001983,0.22872,0.985409
93.1139,0.02312,0.22872,0.9872
93.1159,0.00816,0.22872,0.988914
93.1179,0.00816,0.22872,0.990703
93.1199,0.00816,0.22872,0.992327
93.1219,0.008977,0.22872,0.994049
93.1239,0.008977,0.22872,0.995758
93.1259,0.008977,0.22872,0.997364
93.1279,0.008977,0.22872,0.998922
93.1299,0.008977,0.03078,1.00051
93.1319,0.029505,0.1287,1.00215
93.1339,0.188669,0.2184,1.00364
93.1359,0.384957,0.29616,1.00494
93.1379,0.561392,0.33018,1.0055
93.1399,0.74662,0.31464,1.00524
93.1419,0.777927,0.24504,1.00408
93.1439,0.670557,0.13416,1.00224
93.1469,0.373359,0.13416,0.999072
93.1489,0.136402,0.13416,0.993291
93.1509,0.040047,0.13416,0.989717
93.1527,0.020897,0.13416,0.985413
93.1543,0.010448,0.13416,0.981622
93.1559,0.010448,0.13416,0.978463
93.1579,0.026975,0.13416,0.975229
93.1599,0.006459,0.13416,0.97129
93.1619,0.005442,0.13416,0.967386
93.1639,0.019097,0.13416,0.963555
93.1659,0.005817,0.13416,0.959872
93.1679,0.033456,0.13416,0.956118
93.1699,0.008495,0.13416,0.952638
93.1719,0.008495,0.13416,0.9493
93.1739,0.053836,0.13416,0.946107
93.1759,0.041894,0.13416,0.942865
93.1779,0.028861,0.13416,0.939734
93.1799,0.020906,0.13416,0.936685
93.1819,0.010054,0.13416,0.933662
93.1839,0.007313,0.13416,0.93081
93.1859,0.026473,0.13416,0.927985
93.1879,0.026473,0.13416,0.925272
93.1899,0.026473,0.13416,0.922572
93.1919,0.039511,0.13416,0.920033
93.1939,0.025403,0.13416,0.917449
93.1959,0.027545,0.13416,0.915131
93.1979,0.027545,0.13416,0.912739
93.1999,0.059429,0.13416,0.910431
93.2019,0.059429,0.13416,0.908118
93.2039,0.059429,0.13416,0.905963
93.2059,0.013115,0.13416,0.903869
93.2079,0.007579,0.13416,0.901757
93.2099,0.004564,0.13416,0.899715
93.2119,0.001321,0.13416,0.897781
93.2139,0.001321,0.13416,0.895697
93.2159,0.009992,0.13416,0.893788
93.2179,0.018963,0.13416,0.891894
93.2199,0.018963,0.13416,0.889945
93.2219,0.034459,0.13416,0.888026
93.2239,0.028816,0.13416,0.886389
93.2259,0.024054,0.13416,0.88462
93.2279,0.038972,0.13416,0.882964
93.2299,0.020355,0.13416,0.88119
93.2319,0.020355,0.13416,0.87957
93.2339,0.020037,0.13416,0.878154
93.2359,0.020037,0.13416,0.87659
93.2379,0.020037,0.13416,0.875211
93.2399,0.036674,0.13416,0.873819
93.2419,0.036674,0.13416,0.872396
93.2444,0.036674,0.13416,0.871205
93.2464,0.036674,0.13416,0.869691
93.2484,0.013994,0.13416,0.868485
93.2503,0.013994,0.13416,0.867358
93.2523,0.023186,0.13416,0.866219
93.2544,0.004967,0.13416,0.865167
93.2564,0.004967,0.13416,0.864071
93.2583,0.002472,0.13416,0.863019
93.2603,0.001381,0.13416,0.862204
93.2623,0.001157,0.13416,0.861171
93.2643,0.006573,0.13416,0.860253
93.2663,0.015915,0.13416,0.859472
93.2683,0.015915,0.13416,0.858629
93.2703,0.007472,0.13416,0.857958
93.2723,0.019672,0.13416,0.857132
93.2743,0.019672,0.13416,0.85655
93.2759,0.003562,0.13416,0.855868
93.2783,0.012864,0.13416,0.855408
93.2799,0.029806,0.13416,0.854688
93.2819,0.011506,0.13416,0.854227
93.2839,0.011506,0.13416,0.853625
93.2859,0.031466,0.13416,0.853157
93.2879,0.031466,0.13416,0.852737
93.2899,0.032819,0.13416,0.852383
93.2919,0.016532,0.13416,0.852012
93.2939,0.016532,0.13416,0.851779
93.2959,0.016532,0.13416,0.851395
93.2979,0.016532,0.13416,0.85124
93.2999,0.025794,0.13416,0.851014
93.3019,0.025794,0.13416,0.850908
93.3039,0.013073,0.13416,0.850778
93.3059,0.005103,0.13416,0.850865
93.3079,0.005103,0.13416,0.850774
93.3099,0.005103,0.13416,0.850751
93.3123,0.005103,0.13416,0.850856
93.3139,0.013182,0.13416,0.850957
93.3159,0.013182,0.13416,0.851043
93.3179,0.013182,0.13416,0.851149
93.3199,0.005422,0.13416,0.851166
93.3219,0.005422,0.13416,0.851323
93.3239,0.005422,0.13416,0.851358
93.3259,0.005422,0.13416,0.851461
93.3279,0.005422,0.13416,0.851533
93.3299,0.005422,0.13416,0.851451
93.3319,0.005178,0.13416,0.851528
93.3339,0.005178,0.13416,0.851602
93.3359,0.005178,0.13416,0.851557
93.3379,0.005178,0.13416,0.851549
93.3399,0.026001,0.13416,0.851558
93.3419,0.026001,0.13416,0.851503
93.3439,0.026001,0.13416,0.851477
93.3459,0.009143,0.13416,0.851484
93.3479,0.009462,0.13416,0.851397
93.3499,0.005289,0.13416,0.851405
93.3519,0.005289,0.13416,0.851457
93.3539,0.026865,0.13416,0.851462
93.3553,0.026865,0.13416,0.85143
93.3573,0.026865,0.13416,0.851443
93.3593,0.026865,0.13416,0.851376
93.3614,0.026865,0.13416,0.851375
93.3633,0.009116,0.13416,0.851431
93.3653,0.009116,0.13416,0.851441
93.3673,0.009116,0.13416,0.851509
93.3694,0.001099,0.13416,0.851385
93.3713,0.01405,0.13416,0.851455
93.3733,0.01405,0.13416,0.85137
93.3753,0.01405,0.13416,0.851489
93.3774,0.01405,0.13416,0.851464
93.3793,0.027164,0.13416,0.851479
93.3813,0.027164,0.13416,0.851407
93.3834,0.027164,0.13416,0.851473
93.3854,0.001314,0.13416,0.851478
93.3874,0.034743,0.13416,0.851427
93.3889,0.040132,0.13416,0.851457
93.3909,0.040132,0.13416,0.851478
93.3924,0.005268,0.13416,0.85144
93.3944,0.001373,0.13416,0.851491
93.3964,0.005696,0.13416,0.851432
93.3979,0.013699,0.13416,0.85147
93.3994,0.013699,0.13416,0.851482
93.4014,0.022365,0.13416,0.851499
93.4034,0.022365,0.13416,0.851446
93.4049,0.000721,0.13416,0.851455
93.4069,0.01529,0.13416,0.851502
93.4088,0.005286,0.13416,0.851412
93.4114,0.018115,0.13416,0.851455
93.4134,0.018115,0.13416,0.851413
93.4154,0.023045,0.13416,0.851529
93.4168,0.027247,0.13416,0.851482
93.4189,0.022165,0.13416,0.851477
93.4209,0.022165,0.13416,0.851493
93.4229,0.022165,0.13416,0.851441
93.4248,0.026796,0.13416,0.851399
93.4269,0.026796,0.13416,0.851431
93.4284,0.026796,0.13416,0.851467
93.4304,0.026796,0.13416,0.85141
93.4324,0.026796,0.13416,0.851466
93.4344,0.026796,0.13416,0.851424
93.4364,0.014251,0.13416,0.851469
93.4384,0.014075,0.13416,0.851487
93.4404,0.014075,0.13416,0.85143
93.4424,0.014075,0.13416,0.851514
93.4449,0.014075,0.13416,0.851456
93.4469,0.013973,0.13416,0.851435
93.4488,0.013973,0.13416,0.851507
93.4509,0.001459,0.13416,0.851529
93.4529,0.02239,0.13416,0.851398
93.4549,0.02239,0.13416,0.851438
93.4568,0.02239,0.13416,0.851469
93.4589,0.02239,0.13416,0.851479
93.4609,0.010128,0.13416,0.851443
93.4629,0.00031,0.13416,0.851492
93.4644,0.014774,0.13416,0.851457
93.4664,0.026708,0.13416,0.851518
93.4679,0.022136,0.13416,0.851472
93.4699,0.022136,0.13416,0.851415
93.4719,0.022136,0.13416,0.851486
93.4734,0.014032,0.13416,0.851526
93.4754,0.014032,0.13416,0.851445
93.4774,0.014032,0.13416,0.851476
93.4794,0.022029,0.13416,0.851429
93.4808,0.013414,0.13416,0.85146
93.4829,0.004803,0.13416,0.851574
93.4844,0.004803,0.13416,0.851483
93.486,0.013294,0.13416,0.851484
93.488,0.013112,0.13416,0.851464
93.4894,0.013112,0.13416,0.851469
93.491,0.009462,0.13416,0.851437
93.493,0.026183,0.13416,0.851488
93.495,0.000623,0.13416,0.851447
93.4964,0.001161,0.13416,0.851429
93.4984,0.035113,0.13416,0.851424
93.5,0.035113,0.13416,0.851477
93.502,0.000552,0.13416,0.851428
93.504,0.026171,0.13416,0.851525
93.506,0.026171,0.13416,0.851493
93.5074,0.026171,0.13416,0.851466
93.5094,0.017657,0.13416,0.851477
93.511,0.017657,0.13416,0.85141
93.5128,0.017657,0.13416,0.851527
93.5144,0.022016,0.13416,0.851424
93.516,0.022016,0.13416,0.851459
93.518,0.022016,0.13416,0.851455
93.5194,0.017964,0.13416,0.851477
93.5208,0.017964,0.13416,0.851408
93.523,0.017964,0.13416,0.851447
93.5244,0.039867,0.13416,0.851497
93.526,0.039867,0.13416,0.851431
93.5274,0.022739,0.13416,0.851472
93.5288,0.022739,0.13416,0.851493
93.5304,0.000988,0.13416,0.851456
93.532,0.003871,0.13416,0.851463
93.5334,0.003871,0.13416,0.851476
93.535,0.017503,0.13416,0.851455
93.5368,0.026337,0.13416,0.851459
93.5384,0.026337,0.13416,0.851451
93.54,0.025848,0.13416,0.851487
93.5414,0.025848,0.13416,0.851461
93.543,0.000952,0.13416,0.851415
93.5444,0.005094,0.13416,0.851513
93.547,0.008983,0.13416,0.851384
93.5484,0.008983,0.13416,0.851443
93.55,0.021528,0.13416,0.851447
93.5514,0.021528,0.13416,0.851472
93.5528,0.021528,0.13416,0.851474
93.5544,0.021528,0.13416,0.851442
93.556,4e-05,0.13416,0.851501
93.558,0.026394,0.13416,0.851522
93.56,0.026394,0.13416,0.851526
93.5614,0.004998,0.13416,0.851494
93.564,0.004998,0.13416,0.851459
93.5664,0.008668,0.13416,0.851411
93.568,0.008668,0.13416,0.851457
93.5694,0.008937,0.13416,0.851451
93.5714,0.000207,0.13416,0.851527
93.573,0.004802,0.13416,0.851423
93.575,0.004802,0.13416,0.851389
93.5768,0.000302,0.13416,0.8514
93.5784,0.026035,0.13416,0.851382
93.58,0.026035,0.13416,0.851455
93.582,0.026035,0.13416,0.851397
93.5834,0.004395,0.13416,0.851431
93.5848,0.004395,0.13416,0.851402
93.5864,0.009363,0.13416,0.851449
93.588,0.009363,0.13416,0.851438
93.5894,0.009363,0.13416,0.851422
93.591,0.021642,0.13416,0.85144
93.5928,0.021642,0.13416,0.851464
93.595,0.021642,0.13416,0.85149
93.597,0.021642,0.13416,0.851509
93.599,0.017301,0.13416,0.851478
93.6008,0.003581,0.13416,0.851363
93.6024,0.003581,0.13416,0.851501
93.604,0.017399,0.13416,0.851485
93.606,0.017399,0.13416,0.851441
93.6074,0.017399,0.13416,0.851449
93.6088,0.021616,0.13416,0.851446
93.6104,0.00025,0.13416,0.851494
93.612,0.012961,0.13416,0.851433
93.614,0.013638,0.13416,0.85149
93.616,0.013638,0.13416,0.851423
93.6174,0.009455,0.13416,0.851455
93.619,0.000533,0.13416,0.85151
93.621,0.000533,0.13416,0.851437
93.623,0.000294,0.13416,0.851501
93.6249,0.008538,0.13416,0.851516
93.627,0.00855,0.13416,0.851426
93.6284,0.00855,0.13416,0.851455
93.63,0.021809,0.13416,0.851524
93.632,0.013211,0.13416,0.851425
93.6334,0.009385,0.13416,0.851411
93.6354,0.013456,0.13416,0.851465
93.637,0.013456,0.13416,0.851494
93.639,0.013456,0.13416,0.851465
93.6408,0.018296,0.13416,0.851541
93.6424,0.018296,0.13416,0.851525
93.644,0.018296,0.13416,0.851506
93.6454,0.017152,0.13416,0.851467
93.647,0.01341,0.13416,0.851425
93.6488,0.01341,0.13416,0.851442
93.6504,0.008453,0.13416,0.851458
93.652,0.013373,0.13416,0.851483
93.654,0.013373,0.13416,0.851398
93.656,0.013373,0.13416,0.851463
93.6574,0.013373,0.13416,0.851424
93.659,0.00031,0.13416,0.85145
93.661,0.012779,0.13416,0.851495
93.663,0.012712,0.13416,0.851418
93.6648,0.012712,0.13416,0.851537
93.6664,0.008756,0.13416,0.851517
93.668,0.009926,0.13416,0.851471
93.67,0.009926,0.13416,0.851478
93.6714,3.5e-05,0.13416,0.851468
93.6728,3.5e-05,0.13416,0.851484
93.6744,3.5e-05,0.13416,0.85137
93.676,3.5e-05,0.13416,0.85141
93.678,2.3e-05,0.13416,0.851517
93.68,2.3e-05,0.13416,0.851453
93.682,0.021374,0.13416,0.85141
93.684,0.021374,0.13416,0.851519
93.6864,0.021374,0.13416,0.851505
93.688,0.021374,0.13416,0.851499
93.6894,0.021374,0.13416,0.85143
93.6914,0.021374,0.13416,0.851425
93.693,0.021523,0.13416,0.851444
93.695,0.021523,0.13416,0.851515
93.6964,0.021523,0.13416,0.851472
93.6981,0.021523,0.13416,0.851451
93.7,0.004378,0.13416,0.851497
93.7021,0.025824,0.13416,0.851449
93.704,0.025824,0.13416,0.851385
93.706,0.025824,0.13416,0.851466
93.708,0.025689,0.13416,0.851538
93.7101,0.004713,0.13416,0.851468
93.712,0.004713,0.13416,0.851453
93.714,0.012438,0.13416,0.851398
93.716,0.012438,0.13416,0.851503
93.7184,0.004933,0.13416,0.851389
93.72,0.004941,0.13416,0.851404
93.7214,0.009267,0.13416,0.85136
93.723,0.009267,0.13416,0.851453
93.725,0.016942,0.13416,0.851486
93.727,0.016942,0.13416,0.851443
93.7288,4.3e-05,0.13416,0.85148
93.7304,0.012699,0.13416,0.851531
93.7324,0.008572,0.13416,0.851449
93.7344,0.008572,0.13416,0.851433
93.736,0.000484,0.13416,0.851407
93.7374,0.008795,0.13416,0.851458
93.74,0.02984,0.13416,0.851395
93.742,0.000268,0.13416,0.851487
93.744,0.000551,0.13416,0.851417
93.7454,0.02588,0.13416,0.851432
93.747,0.02588,0.13416,0.85146
93.7494,0.000796,0.13416,0.851508
93.7514,0.000796,0.13416,0.851428
93.7528,0.000796,0.13416,0.851439
93.7544,0.000796,0.13416,0.851456
93.756,0.000796,0.13416,0.851478
93.758,0.000796,0.13416,0.851414
93.76,0.004364,0.13416,0.851473
93.7614,0.02597,0.13416,0.851478
93.763,0.02597,0.13416,0.851427
93.765,0.017754,0.13416,0.851482
93.767,0.017011,0.13416,0.851453
93.7688,0.017011,0.13416,0.851487
93.7704,0.017217,0.13416,0.851437
93.7724,0.017217,0.13416,0.851396
93.7741,0.000525,0.13416,0.851433
93.776,0.000525,0.13416,0.851461
93.778,0.021545,0.13416,0.85147
93.7804,0.021545,0.13416,0.851382
93.782,0.017064,0.13416,0.85148
93.784,0.017064,0.13416,0.851495
93.786,0.012984,0.13416,0.851504
93.788,0.012984,0.13416,0.851408
93.79,0.017044,0.13416,0.851416
93.7914,0.00852,0.13416,0.851458
93.7928,0.018436,0.13416,0.851519
93.795,0.025184,0.13416,0.851466
93.797,0.025184,0.13416,0.851422
93.799,0.025184,0.13416,0.851521
93.8008,0.000417,0.13416,0.851511
93.803,0.000417,0.13416,0.851488
93.805,0.000417,0.13416,0.851437
93.807,0.000417,0.13416,0.851431
93.8088,0.000417,0.13416,0.851384
93.811,0.000417,0.13416,0.851408
93.813,0.008209,0.13416,0.851444
93.815,0.008209,0.13416,0.851466
93.8168,0.008209,0.13416,0.85149
93.819,0.008209,0.13416,0.851379
93.821,0.004297,0.13416,0.851474
93.823,0.004297,0.13416,0.851438
93.8248,0.004297,0.13416,0.851519
93.827,0.004791,0.13416,0.851507
93.829,0.025463,0.13416,0.851378
93.831,0.000388,0.13416,0.851458
93.8328,0.000388,0.13416,0.85147
93.835,0.03388,0.13416,0.851448
93.837,0.03388,0.13416,0.851441
93.839,0.004237,0.13416,0.851479
93.8404,0.01714,0.13416,0.85144
93.8424,0.01714,0.13416,0.85139
93.844,0.01714,0.13416,0.85143
93.8464,0.01714,0.13416,0.851456
93.848,0.01714,0.13416,0.851463
93.85,0.01714,0.13416,0.851467
93.852,0.021203,0.13416,0.851444
93.854,0.021203,0.13416,0.851476
93.856,0.021203,0.13416,0.851446
93.858,0.016813,0.13416,0.851467
93.86,0.016813,0.13416,0.851472
93.862,0.007973,0.13416,0.851373
93.864,0.000167,0.13416,0.851471
93.866,0.004651,0.13416,0.851424
93.868,0.000119,0.13416,0.851356
93.8694,0.000119,0.13416,0.851421
93.8714,0.000119,0.13416,0.851422
93.8728,9.1e-05,0.13416,0.85149
93.875,9.1e-05,0.13416,0.851476
93.877,9.1e-05,0.13416,0.851441
93.8794,0.01714,0.13416,0.851526
93.8808,0.000112,0.13416,0.85143
93.883,0.005317,0.13416,0.851471
93.8844,0.005317,0.13416,0.851447
93.886,0.02532,0.13416,0.851532
93.888,0.008431,0.13416,0.85145
93.89,0.008431,0.13416,0.851442
93.8914,0.008426,0.13416,0.851436
93.893,0.025691,0.13416,0.851431
93.895,0.025691,0.13416,0.851531
93.8969,0.025691,0.13416,0.851426
93.899,0.025691,0.13416,0.851363
93.901,0.025691,0.13416,0.851416
93.903,0.025691,0.13416,0.851431
93.9049,0.004128,0.13416,0.851421
93.9064,0.004128,0.13416,0.8515
93.908,0.004128,0.13416,0.851482
93.9104,0.026448,0.13416,0.851451
93.912,0.02536,0.13416,0.851469
93.914,0.033508,0.13416,0.85144
93.916,0.033508,0.13416,0.851496
93.918,4.8e-05,0.13416,0.851379
93.92,4.8e-05,0.13416,0.851458
93.922,0.005562,0.13416,0.851397
93.924,0.025412,0.13416,0.851446
93.926,0.025412,0.13416,0.851433
93.928,0.025412,0.13416,0.851439
93.93,0.025412,0.13416,0.851419
93.932,0.025412,0.13416,0.851388
93.934,0.025412,0.13416,0.851521
93.936,0.004315,0.13416,0.851361
93.938,0.000146,0.13416,0.851449
93.94,0.008495,0.13416,0.851502
93.942,0.005143,0.13416,0.851404
93.944,0.005143,0.13416,0.851455
93.946,0.005143,0.13416,0.851431
93.948,0.005143,0.13416,0.851502
93.95,0.008852,0.13416,0.851426
93.952,0.016811,0.13416,0.851469
93.954,0.000175,0.13416,0.851456
93.956,0.000175,0.13416,0.851507
93.958,0.000175,0.13416,0.851366
93.96,0.000175,0.13416,0.851399
93.962,0.000175,0.13416,0.851393
93.964,0.01243,0.13416,0.851482
93.966,0.008056,0.13416,0.851467
93.968,0.008056,0.13416,0.851396
93.97,0.007988,0.13416,0.851445
93.972,0.007988,0.13416,0.851573
93.974,0.000209,0.13416,0.851463
93.976,0.003839,0.13416,0.851478
93.978,0.003839,0.13416,0.851459
93.9804,0.003839,0.13416,0.851461
93.982,0.003839,0.13416,0.851528
93.984,0.003839,0.13416,0.851462
93.986,0.038963,0.13416,0.851406
93.988,0.000191,0.13416,0.851476
93.99,0.000191,0.13416,0.85141
93.992,0.0004,0.13416,0.85143
93.994,0.0004,0.13416,0.851446
93.996,0.02103,0.13416,0.851439
93.998,0.02103,0.13416,0.851436
94,0.02103,0.13416,0.851434
94.002,0.024895,0.13416,0.851424
94.004,0.000855,0.13416,0.851466
94.006,0.000855,0.13416,0.851398
94.008,0.025573,0.13416,0.851529
94.01,0.025573,0.13416,0.851458
94.012,0.025573,0.13416,0.851432
94.0144,0.008688,0.13416,0.851434
94.016,0.004183,0.13416,0.851387
94.018,0.004183,0.13416,0.851442
94.02,0.004713,0.13416,0.851457
94.022,0.004713,0.13416,0.851473
94.024,0.004713,0.13416,0.851456
94.026,0.016404,0.13416,0.85146
94.028,0.016404,0.13416,0.851478
94.03,0.016404,0.13416,0.851409
94.032,0.025921,0.13416,0.85147
94.034,0.025921,0.13416,0.851409
94.036,0.025921,0.13416,0.851466
94.038,0.025921,0.13416,0.851481
94.04,0.000288,0.13416,0.851488
94.042,0.000288,0.13416,0.851439
94.044,0.021475,0.13416,0.851368
94.046,0.021475,0.13416,0.851423
94.0485,0.021475,0.13416,0.851486
94.0505,0.039888,0.13416,0.851482
94.0525,0.008115,0.13416,0.851373
94.0541,0.029929,0.13416,0.851436
94.0561,0.029929,0.13416,0.851478
94.0581,0.008658,0.13416,0.851452
94.06,0.008658,0.13416,0.851469
94.062,0.008658,0.13416,0.851481
94.064,0.008463,0.13416,0.851462
94.066,0.008463,0.13416,0.851497
94.068,0.00429,0.13416,0.851451
94.07,0.009405,0.13416,0.851444
94.072,0.009405,0.13416,0.851433
94.074,0.03428,0.13416,0.851471
94.076,0.004231,0.13416,0.851444
94.078,0.025571,0.13416,0.851473
94.08,0.025571,0.13416,0.851435
94.0825,0.016948,0.13416,0.851478
94.0845,0.01344,0.13416,0.851442
94.0865,0.016698,0.13416,0.851496
94.0885,0.008599,0.13416,0.851439
94.0905,0.008599,0.13416,0.851441
94.0925,0.008599,0.13416,0.851499
94.0945,0.008599,0.13416,0.851387
94.096,0.008599,0.13416,0.851416
94.098,0.008599,0.13416,0.851457
94.1,0.026293,0.13416,0.851483
94.102,0.021191,0.13416,0.851435
94.104,0.021191,0.13416,0.851448
94.106,0.021191,0.13416,0.851486
94.108,0.000229,0.13416,0.851471
94.11,0.000737,0.13416,0.851444
94.112,0.000289,0.13416,0.851421
94.114,0.000289,0.13416,0.851457
94.1165,0.000289,0.13416,0.851456
94.1185,0.000289,0.13416,0.851459
94.1205,0.000289,0.13416,0.851382
94.1225,0.012752,0.13416,0.851521
94.1245,0.012752,0.13416,0.851492
94.1265,0.012752,0.13416,0.851424
94.1285,0.004107,0.13416,0.851397
94.1305,0.004345,0.13416,0.851416
94.1325,0.008556,0.13416,0.851469
94.1345,0.008556,0.13416,0.851486
94.1365,0.008556,0.13416,0.851477
94.1385,0.008556,0.13416,0.85147
94.1405,0.008556,0.13416,0.851388
94.1425,0.021667,0.13416,0.851437
94.144,0.021667,0.13416,0.851441
94.1461,0.005591,0.13416,0.851504
94.1481,0.034568,0.13416,0.851423
94.1501,0.034568,0.13416,0.851418
94.1521,0.034568,0.13416,0.851419
94.1541,0.016893,0.13416,0.851484
94.1561,0.017575,0.13416,0.851468
94.1581,0.021281,0.13416,0.851498
94.1601,0.012596,0.13416,0.851512
94.1621,0.00027,0.13416,0.851485
94.1641,0.00027,0.13416,0.851437
94.1655,0.00027,0.13416,0.851412
94.1671,0.021372,0.13416,0.851421
94.1689,0.004728,0.13416,0.851495
94.1711,0.004728,0.13416,0.851451
94.1731,0.004728,0.13416,0.851432
94.1751,0.004728,0.13416,0.851436
94.1769,0.016945,0.13416,0.851435
94.1785,0.004798,0.13416,0.85145
94.1805,0.025908,0.13416,0.85141
94.1825,0.004928,0.13416,0.851459
94.1841,0.021314,0.13416,0.85147
94.1861,0.021314,0.13416,0.85143
94.1875,0.025355,0.13416,0.851466
94.1895,0.0005,0.13416,0.85149
94.1915,0.0005,0.13416,0.851453
94.1929,0.0005,0.13416,0.851472
94.1945,0.0005,0.13416,0.851406
94.1965,0.0005,0.13416,0.851478
94.1985,0.000577,0.13416,0.851507
94.2005,0.021594,0.13416,0.851418
94.2025,0.009038,0.13416,0.851422
94.2045,0.009038,0.13416,0.851521
94.2065,0.009038,0.13416,0.851448
94.2085,0.000605,0.13416,0.851547
94.2105,0.000605,0.13416,0.851388
94.2121,0.012774,0.13416,0.851447
94.2145,0.026117,0.13416,0.851493
94.2165,0.026117,0.13416,0.851508
94.2185,0.026117,0.13416,0.851399
94.2201,0.026117,0.13416,0.851411
94.2221,0.005128,0.13416,0.85143
94.2241,0.034215,0.13416,0.851478
94.2255,0.004858,0.13416,0.851449
94.2275,0.022081,0.13416,0.851444
94.2295,0.004681,0.13416,0.851519
94.2315,0.004681,0.13416,0.851407
94.2335,0.004681,0.13416,0.851442
94.2355,0.004681,0.13416,0.851436
94.2375,0.00542,0.13416,0.85142
94.2391,0.001091,0.13416,0.85151
94.2409,0.004695,0.13416,0.851416
94.2425,0.004695,0.13416,0.851465
94.2445,0.004703,0.13416,0.851501
94.2461,0.001155,0.13416,0.851439
94.2485,0.008626,0.13416,0.851423
94.2511,0.000342,0.13416,0.851478
94.2531,0.000872,0.13416,0.851437
94.2545,0.000872,0.13416,0.851452
94.2561,0.000872,0.13416,0.851445
94.2581,0.021846,0.13416,0.851452
94.2601,0.000944,0.13416,0.851371
94.2621,0.013097,0.13416,0.851408
94.2641,0.021949,0.13416,0.851472
94.2661,0.021949,0.13416,0.851477
94.2675,0.001562,0.13416,0.851447
94.2691,0.009244,0.13416,0.851493
94.2711,0.021885,0.13416,0.851518
94.2729,0.005143,0.13416,0.851441
94.2745,0.02182,0.13416,0.851414
94.2761,0.017864,0.13416,0.851416
94.2781,0.017411,0.13416,0.851516
94.2805,0.017411,0.13416,0.851422
94.2831,0.001162,0.13416,0.851458
94.2845,0.001162,0.13416,0.851467
94.2861,0.001162,0.13416,0.851464
94.2881,0.001162,0.13416,0.851471
94.2895,0.001162,0.13416,0.851491
94.2911,0.001162,0.13416,0.851487
94.2931,0.001162,0.13416,0.85151
94.2951,0.001162,0.13416,0.851442
94.2965,0.001162,0.13416,0.851433
94.2985,0.001162,0.13416,0.851479
94.3001,0.001162,0.13416,0.851468
94.3015,0.001162,0.13416,0.851479
94.3031,0.001162,0.13416,0.851539
94.3045,0.00894,0.13416,0.851446
94.3061,0.00894,0.13416,0.851466
94.3075,0.004744,0.13416,0.851463
94.3095,0.021968,0.13416,0.851504
94.3111,0.018192,0.13416,0.851417
94.3125,0.009088,0.13416,0.851459
94.3151,0.009088,0.13416,0.851575
94.3165,0.005048,0.13416,0.85145
94.3181,0.02201,0.13416,0.851448
94.3195,0.013132,0.13416,0.851447
94.3209,0.009581,0.13416,0.85142
94.3225,0.009581,0.13416,0.851419
94.3241,0.009581,0.13416,0.851475
94.3255,0.006173,0.13416,0.851427
94.3271,0.017401,0.13416,0.851435
94.3285,0.017517,0.13416,0.851501
94.3311,0.000841,0.13416,0.851476
94.3325,0.021685,0.13416,0.851479
94.3341,0.017373,0.13416,0.851541
94.3361,0.021947,0.13416,0.851426
94.3385,0.021947,0.13416,0.851423
94.3401,0.021947,0.13416,0.851429
94.3421,0.021947,0.13416,0.851487
94.3435,0.021947,0.13416,0.851467
94.3449,0.013091,0.13416,0.8514
94.3471,0.00089,0.13416,0.851369
94.3491,0.005521,0.13416,0.851463
94.3505,0.005521,0.13416,0.851462
94.3521,0.017559,0.13416,0.851422
94.3535,0.017559,0.13416,0.851509
94.3551,0.005,0.13416,0.851405
94.3571,0.017476,0.13416,0.851439
94.3585,0.017824,0.13416,0.851445
94.3601,0.017824,0.13416,0.851557
94.3615,0.005362,0.13416,0.851471
94.3631,0.005362,0.13416,0.851417
94.3645,0.005362,0.13416,0.851464
94.3665,0.000863,0.13416,0.851449
94.3681,0.000863,0.13416,0.851398
94.3701,0.02155,0.13416,0.851407
94.3721,0.000857,0.13416,0.851408
94.3741,0.00025,0.13416,0.851386
94.3761,0.013317,0.13416,0.851446
94.3781,0.013317,0.13416,0.85142
94.3801,0.013317,0.13416,0.851423
94.3821,0.013317,0.13416,0.851521
94.3841,0.000845,0.13416,0.851427
94.3855,0.000845,0.13416,0.85143
94.3871,0.000845,0.13416,0.851393
94.3891,0.000845,0.13416,0.851432
94.3911,0.000857,0.13416,0.851486
94.3929,0.013657,0.13416,0.851397
94.3945,0.005287,0.13416,0.851452
94.3961,0.005287,0.13416,0.85144
94.3985,0.004249,0.13416,0.851405
94.4001,0.009142,0.13416,0.851468
94.4015,0.005309,0.13416,0.851488
94.4031,0.005311,0.13416,0.851453
94.4051,0.027304,0.13416,0.851499
94.4071,0.00087,0.13416,0.851488
94.4089,0.00087,0.13416,0.851439
94.4105,0.00087,0.13416,0.851504
94.4121,0.004797,0.13416,0.851445
94.4141,0.004797,0.13416,0.851464
94.4161,0.004797,0.13416,0.851377
94.4175,0.000383,0.13416,0.851488
94.4191,0.000383,0.13416,0.851484
94.4205,0.000383,0.13416,0.851477
94.4221,0.018172,0.13416,0.851454
94.4235,0.017456,0.13416,0.851438
94.4249,0.008926,0.13416,0.851401
94.4265,0.008926,0.13416,0.851448
94.4285,0.026469,0.13416,0.85138
94.4301,0.009057,0.13416,0.851458
94.4321,0.022303,0.13416,0.851472
94.4341,0.022303,0.13416,0.851403
94.4361,0.022303,0.13416,0.851413
94.4381,0.022303,0.13416,0.851403
94.4401,0.000836,0.13416,0.851494
94.4421,0.009138,0.13416,0.85149
94.4441,0.01791,0.13416,0.851402
94.4455,0.013427,0.13416,0.851482
94.4471,0.013369,0.13416,0.851406
94.4489,0.030745,0.13416,0.85137
94.4505,0.01763,0.13416,0.851411
94.4521,0.01763,0.13416,0.851471
94.4541,0.017482,0.13416,0.851419
94.4561,0.005273,0.13416,0.851434
94.4581,0.005273,0.13416,0.851487
94.4605,0.000584,0.13416,0.851478
94.4621,0.000584,0.13416,0.851495
94.4641,0.000584,0.13416,0.851511
94.4661,0.000584,0.13416,0.851496
94.4681,0.009164,0.13416,0.851415
94.4701,0.01735,0.13416,0.851418
94.4721,0.02606,0.13416,0.851495
94.4735,0.026148,0.13416,0.851489
94.4761,0.026148,0.13416,0.851501
94.4781,0.026148,0.13416,0.851424
94.4801,0.000748,0.13416,0.851504
94.4821,0.000763,0.13416,0.851456
94.4841,0.008546,0.13416,0.851504
94.4861,0.025711,0.13416,0.851421
94.4881,0.000766,0.13416,0.851418
94.4901,0.000766,0.13416,0.851462
94.4921,0.000766,0.13416,0.851466
94.4941,0.02218,0.13416,0.851461
94.4961,0.02218,0.13416,0.851406
94.4981,0.02218,0.13416,0.851502
94.5001,0.017601,0.13416,0.851513
94.5021,0.009034,0.13416,0.851486
94.5041,0.009034,0.13416,0.851404
94.5061,0.008452,0.13416,0.851459
94.5081,0.02604,0.13416,0.85144
94.5101,0.005078,0.13416,0.851475
94.5121,0.005078,0.13416,0.851515
94.5135,0.025541,0.13416,0.851431
94.5151,0.00964,0.13416,0.851506
94.5165,0.017127,0.13416,0.851451
94.5181,0.021523,0.13416,0.851508
94.5201,0.008684,0.13416,0.851421
94.5221,0.008684,0.13416,0.851496
94.5241,0.008684,0.13416,0.851499
94.5261,0.000917,0.13416,0.851475
94.5281,0.004021,0.13416,0.851329
94.5301,0.013307,0.13416,0.851521
94.5321,0.013307,0.13416,0.851496
94.5341,8.8e-05,0.13416,0.851458
94.5361,8.8e-05,0.13416,0.85147
94.5381,8.8e-05,0.13416,0.851497
94.5401,0.021913,0.13416,0.851386
94.5415,0.02188,0.13416,0.851439
94.5431,0.02188,0.13416,0.851465
94.5449,0.02188,0.13416,0.851363
94.5471,0.02188,0.13416,0.851464
94.5491,0.02188,0.13416,0.851419
94.5511,0.021386,0.13416,0.8514
94.553,0.021386,0.13416,0.851368
94.5551,0.00566,0.13416,0.851508
94.5571,0.00566,0.13416,0.851563
94.5595,0.00566,0.13416,0.851393
94.561,0.017081,0.13416,0.85154
94.5631,0.017081,0.13416,0.851515
94.5651,0.000501,0.13416,0.851503
94.5671,0.000477,0.13416,0.851398
94.569,0.000477,0.13416,0.851421
94.5705,0.021621,0.13416,0.851387
94.5721,0.021621,0.13416,0.851434
94.5741,0.021621,0.13416,0.851535
94.5755,0.017011,0.13416,0.851446
94.577,0.017011,0.13416,0.851455
94.5791,0.017069,0.13416,0.851429
94.5805,0.013043,0.13416,0.851425
94.5821,0.013043,0.13416,0.851468
94.5841,0.013043,0.13416,0.851425
94.5855,0.0046,0.13416,0.851463
94.5871,0.0046,0.13416,0.851447
94.5895,0.0046,0.13416,0.851422
94.5911,0.0046,0.13416,0.85146
94.593,0.004759,0.13416,0.851447
94.5951,0.004759,0.13416,0.851437
94.5971,0.021341,0.13416,0.851476
94.5991,0.021341,0.13416,0.851414
94.601,0.021341,0.13416,0.851444
94.6025,0.021341,0.13416,0.851404
94.6041,0.004303,0.13416,0.851477
94.6061,0.004303,0.13416,0.851338
94.6081,0.000117,0.13416,0.851466
94.6095,0.027173,0.13416,0.851466
94.6111,0.004743,0.13416,0.85145
94.6125,0.004743,0.13416,0.851445
94.6141,0.016871,0.13416,0.851464
94.6161,0.008772,0.13416,0.851403
94.6181,0.005128,0.13416,0.85152
94.6205,0.005128,0.13416,0.851515
94.6221,0.005128,0.13416,0.85145
94.6241,0.000365,0.13416,0.851494
94.6261,0.000365,0.13416,0.851499
94.6281,0.000309,0.13416,0.851419
94.6301,0.000309,0.13416,0.851474
94.6321,0.000357,0.13416,0.851478
94.6341,0.000357,0.13416,0.851433
94.6361,0.008351,0.13416,0.851426
94.6381,0.008351,0.13416,0.8515
94.6401,0.008351,0.13416,0.851465
94.6415,0.000382,0.13416,0.851438
94.6431,0.000382,0.13416,0.851422
94.6451,0.000382,0.13416,0.851447
94.6471,0.000382,0.13416,0.851435
94.649,0.000172,0.13416,0.851385
94.6511,0.026055,0.13416,0.851544
94.6525,0.026055,0.13416,0.851478
94.6545,0.026055,0.13416,0.851437
94.6561,0.02179,0.13416,0.851409
94.6581,0.02179,0.13416,0.851469
94.6601,0.02179,0.13416,0.85146
94.6621,0.02179,0.13416,0.851472
94.6641,0.000483,0.13416,0.851477
94.6661,0.004395,0.13416,0.851487
94.6671,0.021464,0.13416,0.851445
94.6691,0.021464,0.13416,0.851443
94.6711,0.021464,0.13416,0.851505
94.6725,0.012965,0.13416,0.85145
94.6741,0.012965,0.13416,0.851513
94.6762,0.000947,0.13416,0.851434
94.6782,0.004681,0.13416,0.85144
94.6801,0.034546,0.13416,0.85139
94.6821,0.034546,0.13416,0.851498
94.6841,0.034546,0.13416,0.851535
94.6865,0.034546,0.13416,0.851389
94.6881,0.034546,0.13416,0.85154
94.6901,0.034546,0.13416,0.851489
94.6921,0.013397,0.13416,0.8514
94.6931,0.000655,0.13416,0.851474
94.6951,0.033917,0.13416,0.851441
94.697,0.00064,0.13416,0.851488
94.6991,0.00064,0.13416,0.851469
94.7011,0.00064,0.13416,0.85145
94.7031,0.013769,0.13416,0.851451
94.705,0.017559,0.13416,0.85151
94.7071,0.000741,0.13416,0.851484
94.7091,0.000741,0.13416,0.851449
94.7111,0.000535,0.13416,0.851457
94.713,0.026563,0.13416,0.851399
94.7151,0.009094,0.13416,0.851508
94.7171,0.009094,0.13416,0.851471
94.7196,0.009769,0.13416,0.85147
94.721,0.00518,0.13416,0.851518
94.7232,0.013122,0.13416,0.851442
94.7252,0.017969,0.13416,0.851394
94.7272,0.017969,0.13416,0.851497
94.729,0.017969,0.13416,0.851479
94.7311,0.017969,0.13416,0.85145
94.7331,0.017686,0.13416,0.851437
94.7351,0.017527,0.13416,0.851416
94.737,0.017527,0.13416,0.851472
94.7391,0.001298,0.13416,0.851525
94.7411,0.001298,0.13416,0.851449
94.7431,0.009065,0.13416,0.851416
94.745,0.000518,0.13416,0.851434
94.7471,0.000518,0.13416,0.851443
94.7491,0.000749,0.13416,0.851437
94.7511,0.000993,0.13416,0.85141
94.7536,0.000993,0.13416,0.851521
94.7551,0.004383,0.13416,0.851412
94.7571,0.022203,0.13416,0.851434
94.7591,0.022203,0.13416,0.851555
94.761,0.022203,0.13416,0.851447
94.7631,0.022203,0.13416,0.851441
94.7651,0.005428,0.13416,0.85145
94.7671,0.03078,0.13416,0.851465
94.769,0.03078,0.13416,0.851446
94.7711,0.03078,0.13416,0.851459
94.7731,0.010087,0.13416,0.851395
94.7751,0.026811,0.13416,0.851492
94.777,0.026811,0.13416,0.851373
94.7791,0.026811,0.13416,0.851496
94.7811,0.026811,0.13416,0.851496
94.7831,0.009361,0.13416,0.851447
94.785,0.009361,0.13416,0.851446
94.7876,0.001375,0.13416,0.851473
94.7891,0.005255,0.13416,0.851485
94.7911,0.017902,0.13416,0.851437
94.793,0.017902,0.13416,0.85155
94.7952,0.017902,0.13416,0.8515
94.7972,0.017902,0.13416,0.851485
94.7991,0.026894,0.13416,0.851469
94.801,0.026894,0.13416,0.851544
94.8032,0.001181,0.13416,0.851463
94.8052,0.001181,0.13416,0.851418
94.8072,0.013679,0.13416,0.851394
94.809,0.013679,0.13416,0.851483
94.8112,0.027336,0.13416,0.851436
94.8132,0.001794,0.13416,0.851412
94.8152,0.022611,0.13416,0.851362
94.817,0.01027,0.13416,0.851444
94.8192,0.005398,0.13416,0.851449
94.8216,0.005398,0.13416,0.851521
94.8232,0.005398,0.13416,0.851419
94.825,0.013638,0.13416,0.851439
94.8272,0.013723,0.13416,0.851481
94.8292,0.013723,0.13416,0.85141
94.8312,0.013723,0.13416,0.851466
94.833,0.005472,0.13416,0.851404
94.8352,0.005472,0.13416,0.851514
94.8372,0.005472,0.13416,0.85158
94.8392,0.003062,0.13416,0.851421
94.841,0.003062,0.13416,0.851429
94.8426,0.009764,0.13416,0.851417
94.8442,0.009764,0.13416,0.851368
94.8462,0.009764,0.13416,0.851442
94.8482,0.018088,0.13416,0.851398
94.8502,0.001313,0.13416,0.851523
94.8522,0.001313,0.13416,0.851452
94.8546,0.001313,0.13416,0.851522
94.8562,0.00599,0.13416,0.851484
94.8582,0.00599,0.13416,0.851422
94.8602,0.031505,0.13416,0.851439
94.8622,0.009634,0.13416,0.85145
94.8642,0.009634,0.13416,0.85148
94.8662,0.01348,0.13416,0.851525
94.8682,0.018691,0.13416,0.851408
94.8702,0.018229,0.13416,0.851437
94.8722,0.0351,0.13416,0.851474
94.8742,0.005432,0.13416,0.851519
94.8762,0.001563,0.13416,0.851434
94.8782,0.000884,0.13416,0.851486
94.8802,0.008922,0.13416,0.851415
94.8822,0.008922,0.13416,0.85146
94.8842,0.008922,0.13416,0.851478
94.8862,0.008922,0.13416,0.851416
94.8886,0.001454,0.13416,0.851481
94.8902,0.017697,0.13416,0.851472
94.8922,0.017697,0.13416,0.851515
94.8942,0.017697,0.13416,0.851428
94.8956,0.017697,0.13416,0.851461
94.897,0.017697,0.13416,0.851391
94.8992,0.017697,0.13416,0.851459
94.9012,0.017643,0.13416,0.851435
94.9032,0.005433,0.13416,0.85143
94.905,0.035135,0.13416,0.851478
94.9072,0.035135,0.13416,0.851415
94.9092,0.035135,0.13416,0.851466
94.9112,0.035135,0.13416,0.851518
94.9126,0.026173,0.13416,0.851493
94.9142,0.017859,0.13416,0.851493
94.9156,0.009538,0.13416,0.851471
94.9172,0.009538,0.13416,0.851467
94.9186,0.009538,0.13416,0.851492
94.9206,0.009538,0.13416,0.85139
94.9232,0.004873,0.13416,0.851381
94.9252,0.022019,0.13416,0.851407
94.9272,0.022019,0.13416,0.851461
94.929,0.000982,0.13416,0.851473
94.9306,0.000982,0.13416,0.851463
94.9322,0.000982,0.13416,0.851455
94.9342,0.000982,0.13416,0.851395
94.9362,0.000982,0.13416,0.8514
94.9382,0.000982,0.13416,0.851487
94.9402,0.000982,0.13416,0.851495
94.9416,0.000982,0.13416,0.851448
94.9432,0.017401,0.13416,0.8515
94.945,0.014257,0.13416,0.851433
94.9472,0.014257,0.13416,0.85138
94.9492,0.014257,0.13416,0.851412
94.9512,0.014257,0.13416,0.851479
94.953,0.021525,0.13416,0.851463
94.9546,0.008989,0.13416,0.85144
94.9562,0.005132,0.13416,0.851467
94.9582,0.026053,0.13416,0.851458
94.9602,0.017375,0.13416,0.851484
94.9616,0.017375,0.13416,0.851444
94.9632,0.017375,0.13416,0.851457
94.9652,0.009036,0.13416,0.851497
94.9672,0.013184,0.13416,0.851515
94.969,0.021593,0.13416,0.851462
94.9712,0.021593,0.13416,0.851418
94.9726,0.025983,0.13416,0.851466
94.9742,0.013482,0.13416,0.851388
94.9756,0.005158,0.13416,0.851432
94.977,0.000829,0.13416,0.851472
94.9786,0.000829,0.13416,0.851424
94.9802,0.000531,0.13416,0.851478
94.9826,0.008538,0.13416,0.851521
94.9842,0.009365,0.13416,0.851458
94.9862,0.009365,0.13416,0.851415
94.9882,0.017403,0.13416,0.851479
94.9902,0.017403,0.13416,0.851431
94.9916,0.013321,0.13416,0.851447
94.993,0.012909,0.13416,0.851491
94.9946,0.000476,0.13416,0.851472
94.9962,0.000476,0.13416,0.851463
94.9982,0.013387,0.13416,0.851432
95.0002,0.017541,0.13416,0.851385
95.0022,0.010068,0.13416,0.851475
95.0036,0.017486,0.13416,0.851442
95.0052,0.017404,0.13416,0.851478
95.0066,0.000702,0.13416,0.851455
95.0082,0.000702,0.13416,0.851501
95.0102,0.000702,0.13416,0.851498
95.0122,0.017264,0.13416,0.851499
95.0136,0.02186,0.13416,0.851458
95.0152,0.008406,0.13416,0.851468
95.017,0.030905,0.13416,0.851391
95.0192,0.030905,0.13416,0.851419
95.0212,0.030905,0.13416,0.8515
95.0226,0.030905,0.13416,0.851442
95.0242,0.030905,0.13416,0.851433
95.0262,0.026055,0.13416,0.851474
95.0282,0.004982,0.13416,0.851499
95.0302,0.025843,0.13416,0.851428
95.0322,0.025843,0.13416,0.85147
95.0336,0.01329,0.13416,0.851469
95.0356,0.01329,0.13416,0.851492
95.0372,0.01329,0.13416,0.851416
95.0392,0.01329,0.13416,0.851425
95.041,0.01329,0.13416,0.851492
95.0432,0.01329,0.13416,0.851423
95.0452,0.017101,0.13416,0.85136
95.0472,0.017101,0.13416,0.851542
95.049,0.017101,0.13416,0.851448
95.0506,0.017101,0.13416,0.851453
95.0522,0.017101,0.13416,0.851458
95.0542,0.017101,0.13416,0.851406
95.0562,0.017101,0.13416,0.851464
95.0582,0.017101,0.13416,0.851464
95.0602,0.025825,0.13416,0.851417
95.0622,0.025825,0.13416,0.851422
95.0636,0.021288,0.13416,0.851458
95.065,0.025762,0.13416,0.851529
95.0672,0.025762,0.13416,0.851462
95.0692,0.025762,0.13416,0.85151
95.0712,0.025762,0.13416,0.851461
95.073,0.017488,0.13416,0.851418
95.0752,0.000274,0.13416,0.851482
95.0772,0.000274,0.13416,0.851455
95.0786,0.000552,0.13416,0.851452
95.0802,0.025511,0.13416,0.851435
95.0816,0.025511,0.13416,0.851424
95.0842,0.025511,0.13416,0.851407
95.0856,0.025511,0.13416,0.851499
95.0872,0.035122,0.13416,0.851452
95.0886,0.000251,0.13416,0.851505
95.0902,0.000251,0.13416,0.85148
95.0916,0.000251,0.13416,0.851508
95.0932,0.000251,0.13416,0.851487
95.0946,0.017091,0.13416,0.851466
95.0962,0.017091,0.13416,0.851446
95.0976,0.008527,0.13416,0.851431
95.1002,0.000218,0.13416,0.851418
95.1016,0.003851,0.13416,0.851391
95.1036,0.003851,0.13416,0.851492
95.105,0.003851,0.13416,0.851452
95.1066,0.003851,0.13416,0.85146
95.1082,0.003851,0.13416,0.851473
95.1102,0.003851,0.13416,0.851494
95.1116,0.003851,0.13416,0.851481
95.113,0.003851,0.13416,0.851456
95.1146,0.003851,0.13416,0.851471
95.1162,0.012766,0.13416,0.851505
95.1176,0.008173,0.13416,0.851489
95.1192,0.013411,0.13416,0.851388
95.121,0.021528,0.13416,0.851373
95.1232,0.021528,0.13416,0.851445
95.1252,0.021528,0.13416,0.851472
95.1272,0.021528,0.13416,0.851502
95.1286,0.021528,0.13416,0.851465
95.1302,0.008519,0.13416,0.851484
95.1322,0.008519,0.13416,0.85146
95.1336,0.013274,0.13416,0.851494
95.1352,0.013274,0.13416,0.851455
95.137,0.013274,0.13416,0.851368
95.1386,0.013274,0.13416,0.851511
95.1402,0.013274,0.13416,0.85153
95.1422,0.009024,0.13416,0.851416
95.1442,0.008745,0.13416,0.851499
95.1462,0.008745,0.13416,0.851496
95.1472,0.00914,0.13416,0.851466
95.1492,0.000711,0.13416,0.851486
95.1512,0.00567,0.13416,0.851536
95.153,0.000407,0.13416,0.851479
95.1546,0.000407,0.13416,0.851469
95.1562,0.000407,0.13416,0.851392
95.1582,0.000407,0.13416,0.851453
95.1602,0.000528,0.13416,0.851419
95.1622,0.000528,0.13416,0.851443
95.1646,0.000528,0.13416,0.851413
95.1662,0.017197,0.13416,0.85144
95.1682,0.017197,0.13416,0.851413
95.1702,0.025969,0.13416,0.851479
95.1722,0.025969,0.13416,0.851548
95.1742,0.00889,0.13416,0.851483
95.1762,0.021867,0.13416,0.851408
95.1782,0.021867,0.13416,0.851362
95.1802,0.021867,0.13416,0.851393
95.1812,0.021867,0.13416,0.851422
95.1832,0.000841,0.13416,0.851457
95.185,0.000841,0.13416,0.85149
95.1862,0.000841,0.13416,0.851504
95.1882,7e-05,0.13416,0.851421
95.1902,7e-05,0.13416,0.851508
95.1922,0.02221,0.13416,0.851437
95.1936,0.02221,0.13416,0.851459
95.1966,0.013,0.13416,0.851448
95.1982,0.008994,0.13416,0.851477
95.2002,0.016992,0.13416,0.851502
95.2022,0.026262,0.13416,0.851422
95.2042,0.026262,0.13416,0.851425
95.2062,0.026262,0.13416,0.851425
95.2082,0.026262,0.13416,0.851384
95.2092,0.026262,0.13416,0.851444
95.2112,0.026262,0.13416,0.851481
95.2132,0.001508,0.13416,0.851483
95.2142,0.001508,0.13416,0.851458
95.2162,0.001508,0.13416,0.851498
95.2182,0.001508,0.13416,0.851521
95.2202,0.022173,0.13416,0.851488
95.2222,0.021718,0.13416,0.851438
95.2232,0.021718,0.13416,0.85147
95.2251,0.000557,0.13416,0.851507
95.2272,0.000801,0.13416,0.85142
95.2292,0.004683,0.13416,0.851396
95.2312,0.026035,0.13416,0.851477
95.2331,0.013585,0.13416,0.851405
95.2352,0.013585,0.13416,0.851504
95.2372,0.001917,0.13416,0.851494
95.2382,0.001917,0.13416,0.851438
95.2402,0.026199,0.13416,0.851427
95.2422,0.026199,0.13416,0.851488
95.2432,0.026199,0.13416,0.85144
95.2452,0.009612,0.13416,0.851494
95.2472,0.017363,0.13416,0.851398
95.2491,0.02182,0.13416,0.851511
95.2512,0.000587,0.13416,0.851493
95.2532,0.017916,0.13416,0.851424
95.2552,0.000326,0.13416,0.851436
95.2562,0.000326,0.13416,0.851444
95.2582,0.017374,0.13416,0.851542
95.2602,0.017874,0.13416,0.851438
95.2612,0.017874,0.13416,0.851436
95.2632,0.00482,0.13416,0.851405
95.2651,0.004143,0.13416,0.851487
95.2672,0.004143,0.13416,0.851537
95.2682,0.004143,0.13416,0.851492
95.2702,0.004143,0.13416,0.851414
95.2712,0.009148,0.13416,0.851462
95.2731,0.009148,0.13416,0.851427
95.2752,0.009148,0.13416,0.851528
95.2772,0.017396,0.13416,0.851418
95.2792,0.0178,0.13416,0.851437
95.2811,0.0178,0.13416,0.851432
95.2832,0.000181,0.13416,0.851466
95.2852,0.000181,0.13416,0.851462
95.2872,0.013714,0.13416,0.851493
95.2892,0.013364,0.13416,0.851458
95.2912,0.017389,0.13416,0.851415
95.2932,0.017389,0.13416,0.851484
95.2942,0.017389,0.13416,0.85145
95.2962,0.017452,0.13416,0.851484
95.2972,0.017452,0.13416,0.851443
95.2992,0.004847,0.13416,0.851473
95.3012,0.017262,0.13416,0.851444
95.3032,0.017305,0.13416,0.851385
95.3051,0.017305,0.13416,0.851448
95.3072,0.009177,0.13416,0.851506
95.3092,0.021608,0.13416,0.851401
95.3112,0.017341,0.13416,0.851476
95.3131,0.017341,0.13416,0.851448
95.3152,0.004511,0.13416,0.851441
95.3172,0.004511,0.13416,0.851497
95.3182,0.01731,0.13416,0.851462
95.3206,0.021685,0.13416,0.851429
95.3222,0.005013,0.13416,0.851467
95.3242,0.005013,0.13416,0.851437
95.3262,0.005013,0.13416,0.851433
95.3282,0.023511,0.13416,0.851372
95.3302,0.004515,0.13416,0.851361
95.3322,0.013441,0.13416,0.851405
95.3342,0.013441,0.13416,0.851472
95.3362,0.013441,0.13416,0.851529
95.3372,0.013441,0.13416,0.851458
95.3392,0.013441,0.13416,0.851465
95.3412,0.013441,0.13416,0.851435
95.3422,0.013441,0.13416,0.851466
95.3442,0.013441,0.13416,0.851481
95.3462,0.013441,0.13416,0.851519
95.3482,0.013441,0.13416,0.851538
95.3502,0.000507,0.13416,0.851468
95.3522,0.017687,0.13416,0.851416
95.3542,0.026189,0.13416,0.851422
95.3562,0.026189,0.13416,0.851463
95.3572,0.017009,0.13416,0.851435
95.3592,0.0395,0.13416,0.851453
95.3602,0.013317,0.13416,0.851464
95.3622,0.00488,0.13416,0.851465
95.3632,0.000488,0.13416,0.851474
95.3652,0.000488,0.13416,0.851429
95.3672,0.008719,0.13416,0.851441
95.3691,0.008719,0.13416,0.851421
95.3712,0.026155,0.13416,0.85152
95.3732,0.026155,0.13416,0.851463
95.3742,0.008824,0.13416,0.851478
95.3762,0.013123,0.13416,0.851433
95.3772,0.012854,0.13416,0.85145
95.3792,0.026247,0.13416,0.851509
95.3812,0.017446,0.13416,0.85141
95.3837,0.017446,0.13416,0.851431
95.3851,0.017446,0.13416,0.851465
95.3872,0.017446,0.13416,0.851499
95.3887,0.034435,0.13416,0.851437
95.3902,0.034435,0.13416,0.851427
95.3922,0.034435,0.13416,0.8514
95.3937,0.02138,0.13416,0.851447
95.3952,0.02138,0.13416,0.851426
95.3972,0.02138,0.13416,0.851533
95.3992,0.000199,0.13416,0.851416
95.4011,0.008456,0.13416,0.85151
95.4022,0.008456,0.13416,0.851481
95.4042,0.008456,0.13416,0.851458
95.4062,0.004767,0.13416,0.851439
95.4082,0.004094,0.13416,0.851417
95.4102,0.004094,0.13416,0.851348
95.4122,0.004094,0.13416,0.851456
95.4147,0.004094,0.13416,0.851437
95.4162,0.004094,0.13416,0.85139
95.4182,0.004094,0.13416,0.851456
95.4202,0.021437,0.13416,0.8515
95.4222,0.000458,0.13416,0.851439
95.4242,0.000458,0.13416,0.851481
95.4257,0.000458,0.13416,0.85147
95.4272,0.004639,0.13416,0.851379
95.4292,0.004639,0.13416,0.851423
95.4312,0.004639,0.13416,0.851375
95.4331,0.000792,0.13416,0.85149
95.4352,0.025922,0.13416,0.851438
95.4372,0.004825,0.13416,0.85153
95.4392,0.004825,0.13416,0.851414
95.4411,0.000123,0.13416,0.851384
95.4422,0.000123,0.13416,0.851519
95.4442,0.000123,0.13416,0.851486
95.4462,0.000137,0.13416,0.851472
95.4477,0.021358,0.13416,0.851469
95.4491,0.021358,0.13416,0.851478
95.4507,0.021358,0.13416,0.851525
95.4522,0.021358,0.13416,0.851459
95.4537,0.021358,0.13416,0.851477
95.4552,0.012618,0.13416,0.851417
95.4567,0.012618,0.13416,0.851432
95.4582,0.00451,0.13416,0.851451
95.4597,0.00451,0.13416,0.851467
95.4612,0.00451,0.13416,0.851427
95.4632,0.017374,0.13416,0.851464
95.4651,0.02192,0.13416,0.851469
95.4673,0.02192,0.13416,0.851422
95.4693,0.02192,0.13416,0.851544
95.4713,0.004703,0.13416,0.851488
95.4731,0.000302,0.13416,0.851478
95.4753,0.01707,0.13416,0.851391
95.4773,0.025939,0.13416,0.851405
95.4793,0.025939,0.13416,0.851487
95.4811,3.9e-05,0.13416,0.851399
95.4833,0.000309,0.13416,0.851404
95.4853,0.022151,0.13416,0.851447
95.4873,0.016708,0.13416,0.851465
95.4891,0.00023,0.13416,0.851472
95.4907,0.00023,0.13416,0.851461
95.4923,0.025476,0.13416,0.851496
95.4943,0.012494,0.13416,0.851448
95.4963,0.012494,0.13416,0.851331
95.4983,0.000299,0.13416,0.851401
95.5003,0.009655,0.13416,0.851412
95.5023,0.009655,0.13416,0.851394
95.5043,0.025615,0.13416,0.851406
95.5063,0.016828,0.13416,0.851509
95.5087,0.016828,0.13416,0.851524
95.5103,0.016828,0.13416,0.8515
95.5123,0.000235,0.13416,0.851466
95.5143,0.000235,0.13416,0.851395
95.5163,0.000235,0.13416,0.85146
95.5183,0.000235,0.13416,0.851363
95.5203,0.000272,0.13416,0.851467
95.5223,0.000264,0.13416,0.851407
95.5243,0.016848,0.13416,0.851449
95.5263,0.016848,0.13416,0.851388
95.5283,0.016848,0.13416,0.851359
95.5303,0.016848,0.13416,0.851439
95.5323,0.016848,0.13416,0.851441
95.5343,0.012552,0.13416,0.851487
95.5363,0.021395,0.13416,0.851457
95.5383,0.008683,0.13416,0.851494
95.5403,0.008683,0.13416,0.851464
95.5423,0.008683,0.13416,0.85145
95.5443,0.016919,0.13416,0.851494
95.5463,0.017068,0.13416,0.851472
95.5483,0.017068,0.13416,0.851462
95.5503,0.017068,0.13416,0.851449
95.5523,0.017068,0.13416,0.851448
95.5543,0.017068,0.13416,0.851511
95.5563,0.004613,0.13416,0.851535
95.5583,0.012965,0.13416,0.851458
95.5603,0.02099,0.13416,0.851376
95.5623,0.030395,0.13416,0.851455
95.5643,0.030395,0.13416,0.851519
95.5663,0.030395,0.13416,0.851492
95.5683,1.2e-05,0.13416,0.851497
95.5703,1.2e-05,0.13416,0.851452
95.5723,0.004093,0.13416,0.851403
95.5743,0.008274,0.13416,0.851428
95.5767,0.008274,0.13416,0.851391
95.5783,0.008274,0.13416,0.851434
95.5803,0.000219,0.13416,0.851359
95.5823,0.000219,0.13416,0.851421
95.5843,0.000219,0.13416,0.851444
95.5863,0.000219,0.13416,0.851457
95.5883,0.025211,0.13416,0.851423
95.5903,0.004599,0.13416,0.851481
95.5923,0.004599,0.13416,0.851488
95.5943,0.004599,0.13416,0.851413
95.5963,0.000483,0.13416,0.851468
95.5983,0.000483,0.13416,0.851448
95.6003,0.000483,0.13416,0.851426
95.6023,0.000535,0.13416,0.851441
95.6043,0.02163,0.13416,0.851444
95.6063,0.017295,0.13416,0.851471
95.6083,0.017295,0.13416,0.851548
95.6107,0.004617,0.13416,0.851478
95.6123,0.004617,0.13416,0.851443
95.6143,0.000516,0.13416,0.851413
95.6163,0.000516,0.13416,0.851428
95.6183,0.000516,0.13416,0.851362
95.6203,0.000516,0.13416,0.851461
95.6223,0.000516,0.13416,0.851435
95.6243,0.008844,0.13416,0.851489
95.6263,0.013403,0.13416,0.851499
95.6283,0.021661,0.13416,0.851438
95.6303,0.009554,0.13416,0.851373
95.6323,0.009554,0.13416,0.851418
95.6343,0.009554,0.13416,0.851477
95.6363,0.009554,0.13416,0.851506
95.6383,0.005803,0.13416,0.85142
95.6403,0.005803,0.13416,0.851398
95.6423,0.005803,0.13416,0.851468
95.6447,0.004877,0.13416,0.851482
95.6463,0.026398,0.13416,0.851436
95.6483,0.008544,0.13416,0.851412
95.6503,0.021725,0.13416,0.851453
95.6523,0.021725,0.13416,0.851481
95.6543,0.021725,0.13416,0.851393
95.6563,0.021725,0.13416,0.851411
95.6583,0.021725,0.13416,0.851511
95.6603,0.021725,0.13416,0.851396
95.6623,0.021725,0.13416,0.851516
95.6643,0.021725,0.13416,0.851456
95.6663,0.021725,0.13416,0.851458
95.6683,0.004625,0.13416,0.851421
95.6703,0.017249,0.13416,0.851528
95.6723,0.013217,0.13416,0.851469
95.6743,0.026277,0.13416,0.851432
95.6763,0.026277,0.13416,0.851384
95.6783,0.026277,0.13416,0.851464
95.6807,0.026277,0.13416,0.85144
95.6823,0.004894,0.13416,0.851432
95.6843,0.00024,0.13416,0.851485
95.6863,0.021973,0.13416,0.851528
95.6883,0.009576,0.13416,0.85148
95.6903,0.013606,0.13416,0.851463
95.6923,0.013606,0.13416,0.85143
95.6943,0.013606,0.13416,0.851495
95.6963,0.013606,0.13416,0.851454
95.6983,0.00471,0.13416,0.851444
95.7003,0.026303,0.13416,0.85141
95.7023,0.026303,0.13416,0.851492
95.7043,0.026303,0.13416,0.851483
95.7063,0.026303,0.13416,0.851492
95.7083,0.017714,0.13416,0.851464
95.7103,0.018097,0.13416,0.851485
95.7123,0.018097,0.13416,0.851505
95.7153,0.000763,0.13416,0.8514
95.7173,0.000763,0.13416,0.851519
95.7193,0.000757,0.13416,0.851519
95.7211,0.008984,0.13416,0.851434
95.7227,0.000788,0.13416,0.851534
95.7243,0.000788,0.13416,0.851498
95.7263,0.000788,0.13416,0.851383
95.7283,0.02231,0.13416,0.851493
95.7303,0.017256,0.13416,0.851438
95.7323,0.026644,0.13416,0.85142
95.7343,0.026644,0.13416,0.851483
95.7363,0.026644,0.13416,0.851413
95.7383,0.026644,0.13416,0.851448
95.7403,0.026644,0.13416,0.851469
95.7423,0.026644,0.13416,0.851439
95.7443,0.026644,0.13416,0.851498
95.7463,0.000628,0.13416,0.851428
95.7487,0.017598,0.13416,0.851408
95.7503,0.012901,0.13416,0.85145
95.7523,0.021794,0.13416,0.851351
95.7543,0.00897,0.13416,0.851556
95.7563,0.034824,0.13416,0.851395
95.7583,0.001503,0.13416,0.851491
95.7603,0.001503,0.13416,0.851474
95.7623,0.001503,0.13416,0.851461
95.7643,0.001503,0.13416,0.851507
95.7663,0.017318,0.13416,0.851408
95.7683,0.026059,0.13416,0.851472
95.7703,0.02201,0.13416,0.851476
95.7723,0.02201,0.13416,0.851463
95.7743,0.00018,0.13416,0.851457
95.7763,0.000714,0.13416,0.851491
95.7783,0.000714,0.13416,0.851399
95.7803,0.026211,0.13416,0.851427
95.7823,0.009036,0.13416,0.851484
95.7843,0.009036,0.13416,0.851478
95.7863,0.009036,0.13416,0.851448
95.7883,0.009036,0.13416,0.85151
95.7903,0.001159,0.13416,0.8514
95.7923,0.001159,0.13416,0.851474
95.7943,0.001159,0.13416,0.851454
95.7963,0.00889,0.13416,0.851496
95.7983,0.025773,0.13416,0.851444
95.8003,0.030567,0.13416,0.851459
95.8023,0.026178,0.13416,0.85153
95.8043,0.026178,0.13416,0.851454
95.8063,0.026178,0.13416,0.851471
95.8083,0.026178,0.13416,0.851513
95.8103,0.026178,0.13416,0.851472
95.8123,0.009548,0.13416,0.851499
95.8143,0.004592,0.13416,0.851411
95.8167,0.017391,0.13416,0.851446
95.8193,0.017391,0.13416,0.851446
95.8213,0.017391,0.13416,0.851465
95.8233,0.00928,0.13416,0.851526
95.8251,0.013417,0.13416,0.851469
95.8273,0.003741,0.13416,0.851442
95.8293,0.021741,0.13416,0.851379
95.8313,0.021741,0.13416,0.851451
95.8331,0.021741,0.13416,0.851426
95.8347,0.021741,0.13416,0.851458
95.8363,0.021676,0.13416,0.851522
95.8383,0.021676,0.13416,0.851439
95.8403,0.021676,0.13416,0.851395
95.8423,0.021676,0.13416,0.851411
95.8443,0.001209,0.13416,0.851457
95.8463,0.001209,0.13416,0.851432
95.8483,0.012637,0.13416,0.85141
95.8507,0.004809,0.13416,0.851487
95.8523,0.035373,0.13416,0.851407
95.8543,0.004972,0.13416,0.851466
95.8563,0.004972,0.13416,0.851498
95.8583,0.004972,0.13416,0.851365
95.8603,0.000582,0.13416,0.851461
95.8623,0.000582,0.13416,0.851421
95.8643,0.000582,0.13416,0.85147
95.8663,0.000582,0.13416,0.851419
95.8683,0.008684,0.13416,0.851425
95.8703,0.008668,0.13416,0.851406
95.8723,0.009667,0.13416,0.85146
95.8743,0.004806,0.13416,0.851478
95.8763,0.004806,0.13416,0.851442
95.8783,0.000934,0.13416,0.851434
95.8803,0.000934,0.13416,0.851469
95.8823,0.000934,0.13416,0.851477
95.8843,0.008738,0.13416,0.851424
95.8867,0.008738,0.13416,0.851436
95.8883,0.004874,0.13416,0.851469
95.8903,0.004874,0.13416,0.851396
95.8923,0.004874,0.13416,0.851416
95.8943,0.004874,0.13416,0.85145
95.8963,0.000993,0.13416,0.851462
95.8983,0.014326,0.13416,0.851488
95.9003,0.030783,0.13416,0.851461
95.9023,0.018022,0.13416,0.851455
95.9043,0.001049,0.13416,0.851444
95.9063,0.00082,0.13416,0.851404
95.9083,0.00082,0.13416,0.85148
95.9103,0.00082,0.13416,0.851476
95.9123,0.00082,0.13416,0.851344
95.9143,0.00082,0.13416,0.851474
95.9163,0.009436,0.13416,0.851477
95.9183,0.0222,0.13416,0.851507
95.9207,0.017516,0.13416,0.851465
95.9223,0.010302,0.13416,0.851477
95.9243,0.010302,0.13416,0.851524
95.9263,0.010302,0.13416,0.85148
95.9283,0.010302,0.13416,0.851439
95.9303,0.001026,0.13416,0.851485
95.9323,0.001281,0.13416,0.851456
95.9343,0.01016,0.13416,0.851426
95.9363,0.013586,0.13416,0.851465
95.9383,0.037061,0.13416,0.851452
95.9403,0.037061,0.13416,0.851438
95.9423,0.001337,0.13416,0.851576
95.9443,0.001769,0.13416,0.851477
95.9463,0.001769,0.13416,0.851404
95.9483,0.000846,0.13416,0.851474
95.9503,0.005305,0.13416,0.851515
95.9523,0.014504,0.13416,0.851449
95.9543,0.014504,0.13416,0.851412
95.9563,0.014504,0.13416,0.851447
95.9583,0.014504,0.13416,0.851467
95.9603,0.014504,0.13416,0.851429
95.9623,0.014504,0.13416,0.851473
95.9643,0.035753,0.13416,0.851421
95.9663,0.018238,0.13416,0.851499
95.9683,0.018238,0.13416,0.851466
95.9703,0.018238,0.13416,0.851438
95.9723,0.018238,0.13416,0.851477
95.9743,0.018238,0.13416,0.851452
95.9763,0.005758,0.13416,0.85137
95.9783,0.009636,0.13416,0.851432
95.9803,0.026795,0.13416,0.851468
95.9823,0.026795,0.13416,0.851452
95.9843,0.026795,0.13416,0.851455
95.9863,0.026795,0.13416,0.851501
95.9887,0.026795,0.13416,0.851478
95.9903,0.001064,0.13416,0.851437
95.9923,0.009511,0.13416,0.851434
95.9943,0.009511,0.13416,0.851497
95.9963,0.023024,0.13416,0.851428
95.9983,0.01337,0.13416,0.851412
96.0003,0.01337,0.13416,0.851426
96.0023,0.010054,0.13416,0.851409
96.0043,0.001176,0.13416,0.851408
96.0063,0.001176,0.13416,0.85151
96.0083,0.001176,0.13416,0.851492
96.0103,0.014162,0.13416,0.851391
96.0123,0.013545,0.13416,0.85148
96.0143,0.005335,0.13416,0.851433
96.0163,0.005335,0.13416,0.851498
96.0183,0.005335,0.13416,0.85154
96.0203,0.005335,0.13416,0.851433
96.0223,0.005335,0.13416,0.851482
96.0243,0.005335,0.13416,0.851419
96.0263,0.005335,0.13416,0.851409
96.0283,0.005335,0.13416,0.851416
96.0303,0.004992,0.13416,0.851468
96.0323,0.026651,0.13416,0.851438
96.0343,0.008865,0.13416,0.851413
96.0363,0.008865,0.13416,0.851479
96.0383,0.008865,0.13416,0.851486
96.0403,0.013679,0.13416,0.851419
96.0423,0.021862,0.13416,0.851412
96.0443,0.021862,0.13416,0.851486
96.0463,0.021862,0.13416,0.851454
96.0483,0.021862,0.13416,0.851458
96.0503,0.021862,0.13416,0.85146
96.0523,0.004329,0.13416,0.851481
96.0543,0.000427,0.13416,0.851457
96.0568,0.000427,0.13416,0.851424
96.0593,0.000422,0.13416,0.851488
96.0613,0.000422,0.13416,0.8515
96.0633,0.000422,0.13416,0.851481
96.0652,0.000422,0.13416,0.85146
96.0673,0.021966,0.13416,0.851437
96.0693,0.000663,0.13416,0.851423
96.0713,0.000663,0.13416,0.851437
96.0732,0.000663,0.13416,0.851451
96.0753,0.026645,0.13416,0.851399
96.0773,0.034998,0.13416,0.851489
96.0793,0.034998,0.13416,0.851446
96.0812,0.034998,0.13416,0.851485
96.0833,0.034998,0.13416,0.851467
96.0853,0.034998,0.13416,0.851494
96.0873,0.000851,0.13416,0.851423
96.0892,0.02198,0.13416,0.851479
96.0908,0.001147,0.13416,0.851449
96.0923,0.005141,0.13416,0.85139
96.0943,0.004206,0.13416,0.851494
96.0963,0.012997,0.13416,0.851479
96.0983,0.012997,0.13416,0.851474
96.1003,0.012997,0.13416,0.851467
96.1023,0.012997,0.13416,0.851453
96.1043,0.000807,0.13416,0.851455
96.1063,0.00498,0.13416,0.851458
96.1083,0.0085,0.13416,0.851512
96.1103,0.009005,0.13416,0.851485
96.1123,0.009005,0.13416,0.851436
96.1143,0.004823,0.13416,0.851419
96.1163,0.004823,0.13416,0.851467
96.1183,0.000622,0.13416,0.851437
96.1203,0.017213,0.13416,0.851542
96.1223,0.017213,0.13416,0.851474
96.1248,0.017213,0.13416,0.851366
96.1263,0.017213,0.13416,0.851393
96.1283,0.000527,0.13416,0.851482
96.1303,0.005799,0.13416,0.851446
96.1323,0.000306,0.13416,0.851487
96.1343,0.000306,0.13416,0.851458
96.1363,0.021525,0.13416,0.851475
96.1384,0.021525,0.13416,0.851472
96.1404,0.021525,0.13416,0.851453
96.1424,0.021525,0.13416,0.851407
96.1443,0.021525,0.13416,0.85147
96.1464,0.008892,0.13416,0.851492
96.1483,0.008892,0.13416,0.851444
96.1504,0.008892,0.13416,0.851488
96.1524,0.008795,0.13416,0.851466
96.1544,0.008795,0.13416,0.85146
96.1564,0.01277,0.13416,0.851469
96.1588,0.01277,0.13416,0.851406
96.1604,0.01277,0.13416,0.85138
96.1624,0.017005,0.13416,0.851523
96.1644,0.017005,0.13416,0.851504
96.1664,0.017005,0.13416,0.851478
96.1684,0.014694,0.13416,0.851502
96.1704,0.014694,0.13416,0.851497
96.1724,0.021543,0.13416,0.851458
96.1744,0.021543,0.13416,0.851458
96.1764,0.021543,0.13416,0.851402
96.1784,0.008661,0.13416,0.851464
96.1804,0.000599,0.13416,0.851456
96.1824,0.000637,0.13416,0.851422
96.1844,0.017427,0.13416,0.851466
96.1864,0.017427,0.13416,0.851435
96.1884,0.030599,0.13416,0.851465
96.1904,0.030599,0.13416,0.851434
96.1924,0.030599,0.13416,0.851552
96.1944,0.030599,0.13416,0.851475
96.1964,0.004721,0.13416,0.851521
96.1984,0.008891,0.13416,0.851436
96.2004,0.039609,0.13416,0.851507
96.2024,0.039609,0.13416,0.85144
96.2044,0.039609,0.13416,0.851426
96.2064,0.039609,0.13416,0.851427
96.2084,0.039609,0.13416,0.851469
96.2104,0.025999,0.13416,0.851417
96.2124,0.025999,0.13416,0.851467
96.2144,0.025999,0.13416,0.851484
96.2164,0.025999,0.13416,0.851486
96.2184,0.025999,0.13416,0.85137
96.2204,0.025481,0.13416,0.851409
96.2224,0.017409,0.13416,0.851507
96.2244,0.017409,0.13416,0.851479
96.2264,0.013206,0.13416,0.851519
96.2284,0.000727,0.13416,0.851483
96.2304,0.000752,0.13416,0.851396
96.2324,0.000752,0.13416,0.851468
96.2344,0.000752,0.13416,0.851453
96.2364,0.017548,0.13416,0.85145
96.2384,0.017548,0.13416,0.851386
96.2404,0.017548,0.13416,0.851424
96.2424,0.026323,0.13416,0.851471
96.2444,0.000387,0.13416,0.851363
96.2464,0.000387,0.13416,0.851452
96.2484,0.009218,0.13416,0.851495
96.2504,0.009218,0.13416,0.851446
96.2524,0.016906,0.13416,0.851461
96.2544,0.01707,0.13416,0.851383
96.2564,0.000339,0.13416,0.851437
96.2584,0.000339,0.13416,0.851384
96.2604,0.000339,0.13416,0.851462
96.2624,0.000339,0.13416,0.85148
96.2644,0.000339,0.13416,0.851461
96.2664,0.000339,0.13416,0.851493
96.2684,0.012809,0.13416,0.851477
96.2704,0.021504,0.13416,0.85144
96.2724,0.025989,0.13416,0.851474
96.2744,0.025989,0.13416,0.851421
96.2764,0.025989,0.13416,0.851398
96.2784,0.025989,0.13416,0.851417
96.2804,0.025989,0.13416,0.851384
96.2824,0.017551,0.13416,0.851462
96.2844,0.008542,0.13416,0.851475
96.2864,0.021395,0.13416,0.851447
96.2884,0.008563,0.13416,0.851478
96.2904,0.009223,0.13416,0.851564
96.2924,0.009223,0.13416,0.851407
96.2944,0.009223,0.13416,0.851409
96.2968,0.012447,0.13416,0.851395
96.2994,0.025919,0.13416,0.851457
96.3014,0.013079,0.13416,0.85149
96.3034,0.004512,0.13416,0.85147
96.3052,0.008425,0.13416,0.851464
96.3074,0.008425,0.13416,0.851397
96.3094,0.008425,0.13416,0.851436
96.3114,0.008425,0.13416,0.8515
96.3132,0.000413,0.13416,0.851378
96.3154,0.017076,0.13416,0.851418
96.3174,0.017647,0.13416,0.851436
96.3194,0.017647,0.13416,0.851537
96.3212,0.017647,0.13416,0.851409
96.3228,0.017647,0.13416,0.85143
96.3244,0.017647,0.13416,0.851465
96.3264,0.017647,0.13416,0.851479
96.3284,0.017647,0.13416,0.851477
96.3304,0.000282,0.13416,0.851445
96.3324,0.013049,0.13416,0.851404
96.3344,0.012846,0.13416,0.851455
96.3364,0.012846,0.13416,0.851449
96.3384,0.017643,0.13416,0.851449
96.3404,0.017643,0.13416,0.851401
96.3424,0.000164,0.13416,0.851457
96.3444,0.021859,0.13416,0.851478
96.3464,0.021859,0.13416,0.851456
96.3484,0.021859,0.13416,0.851479
96.3504,0.021859,0.13416,0.851406
96.3524,0.021859,0.13416,0.851416
96.3544,0.017845,0.13416,0.851426
96.3564,0.031826,0.13416,0.851455
96.3584,0.008651,0.13416,0.851486
96.3604,0.013774,0.13416,0.851426
96.3624,0.013774,0.13416,0.851433
96.3648,0.013774,0.13416,0.851458
96.3664,0.013774,0.13416,0.85143
96.3684,0.005089,0.13416,0.851446
96.3704,0.005089,0.13416,0.8514
96.3724,0.021637,0.13416,0.851404
96.3744,0.01798,0.13416,0.851459
96.3764,0.009091,0.13416,0.851435
96.3784,0.005232,0.13416,0.851364
96.3804,0.001064,0.13416,0.851501
96.3824,0.001064,0.13416,0.851487
96.3844,0.009349,0.13416,0.851453
96.3864,0.009349,0.13416,0.851423
96.3884,0.022036,0.13416,0.851499
96.3904,0.013788,0.13416,0.851398
96.3924,0.013788,0.13416,0.851447
96.3944,0.004969,0.13416,0.851468
96.3964,0.004969,0.13416,0.851462
96.3988,0.001013,0.13416,0.851504
96.4004,0.009282,0.13416,0.851457
96.4024,0.009282,0.13416,0.851499
96.4044,0.009282,0.13416,0.851361
96.4064,0.009282,0.13416,0.8515
96.4084,0.009282,0.13416,0.851534
96.4104,0.022043,0.13416,0.851392
96.4124,0.022043,0.13416,0.851503
96.4144,0.030814,0.13416,0.851383
96.4164,0.008743,0.13416,0.851441
96.4184,0.008743,0.13416,0.851529
96.4204,0.008743,0.13416,0.851438
96.4224,0.008743,0.13416,0.851432
96.4244,0.008743,0.13416,0.85151
96.4264,0.013351,0.13416,0.851427
96.4284,0.01798,0.13416,0.851437
96.4304,0.026525,0.13416,0.851474
96.4328,0.009193,0.13416,0.851491
96.4344,0.013681,0.13416,0.851478
96.4364,0.013681,0.13416,0.851458
96.4384,0.013681,0.13416,0.851446
96.4404,0.013681,0.13416,0.851429
96.4424,0.008689,0.13416,0.851414
96.4444,0.008689,0.13416,0.851435
96.4464,0.013806,0.13416,0.851502
96.4484,0.013373,0.13416,0.851436
96.4504,0.013373,0.13416,0.851452
96.4524,0.009217,0.13416,0.851472
96.4544,0.009217,0.13416,0.851486
96.4564,0.009217,0.13416,0.851417
96.4584,0.004435,0.13416,0.851453
96.4604,0.004435,0.13416,0.851524
96.4624,0.017489,0.13416,0.851475
96.4644,0.008556,0.13416,0.851476
96.4664,0.008556,0.13416,0.851521
96.4688,0.008556,0.13416,0.851407
96.4704,0.008556,0.13416,0.851521
96.4724,0.008556,0.13416,0.851438
96.4744,0.000778,0.13416,0.851416
96.4764,0.017522,0.13416,0.851345
96.4784,0.021782,0.13416,0.851441
96.4804,0.017473,0.13416,0.851428
96.4824,0.005713,0.13416,0.851397
96.4844,0.005713,0.13416,0.851459
96.4864,0.005713,0.13416,0.851499
96.4884,0.005713,0.13416,0.851388
96.4904,0.008969,0.13416,0.851427
96.4924,0.017342,0.13416,0.85144
96.4944,0.02576,0.13416,0.851492
96.4964,0.004829,0.13416,0.851406
96.4984,0.004829,0.13416,0.851429
96.5004,0.004829,0.13416,0.851466
96.5028,0.000715,0.13416,0.851479
96.5044,0.000715,0.13416,0.851415
96.5064,0.009014,0.13416,0.851316
96.5084,0.017262,0.13416,0.851429
96.5104,0.017632,0.13416,0.851469
96.5124,0.017632,0.13416,0.851515
96.5144,0.013179,0.13416,0.851491
96.5164,0.013179,0.13416,0.851559
96.5184,0.013179,0.13416,0.851505
96.5204,0.004765,0.13416,0.851449
96.5224,0.004765,0.13416,0.85152
96.5244,0.0263,0.13416,0.851404
96.5264,0.025891,0.13416,0.851479
96.5284,0.004493,0.13416,0.851463
96.5304,0.004493,0.13416,0.851418
96.5324,0.004493,0.13416,0.851461
96.5344,0.004493,0.13416,0.85148
96.5368,0.004493,0.13416,0.851453
96.5388,0.000477,0.13416,0.851443
96.5408,0.016355,0.13416,0.85146
96.5424,0.017601,0.13416,0.851447
96.5444,0.008724,0.13416,0.851493
96.5464,0.008724,0.13416,0.851416
96.5484,0.000533,0.13416,0.851471
96.5504,0.000533,0.13416,0.851477
96.5524,0.009089,0.13416,0.851458
96.5544,0.009089,0.13416,0.851416
96.5564,0.017211,0.13416,0.851461
96.5584,0.004427,0.13416,0.851379
96.5604,0.004427,0.13416,0.851394
96.5624,0.004631,0.13416,0.851463
96.5644,0.004631,0.13416,0.851484
96.5664,0.004631,0.13416,0.851456
96.5684,0.004631,0.13416,0.851477
96.5704,0.004631,0.13416,0.851476
96.5724,0.004043,0.13416,0.851506
96.5744,0.021448,0.13416,0.851405
96.5764,0.016821,0.13416,0.851421
96.5784,0.004891,0.13416,0.85153
96.5804,0.004891,0.13416,0.85137
96.5824,0.00033,0.13416,0.8514
96.5844,0.00033,0.13416,0.851412
96.5864,0.000347,0.13416,0.851379
96.5884,0.008743,0.13416,0.851516
96.5904,0.012518,0.13416,0.851406
96.5924,0.017022,0.13416,0.851496
96.5944,0.000266,0.13416,0.851467
96.5964,0.01327,0.13416,0.851441
96.5984,0.01327,0.13416,0.85159
96.6004,0.017286,0.13416,0.851391
96.6024,0.000243,0.13416,0.851468
96.6048,0.005373,0.13416,0.851404
96.6064,0.005373,0.13416,0.851457
96.6084,0.005373,0.13416,0.851476
96.6104,0.000203,0.13416,0.851459
96.6124,0.025562,0.13416,0.851465
96.6144,0.016775,0.13416,0.851404
96.6164,0.016775,0.13416,0.851418
96.6184,0.016775,0.13416,0.851543
96.6204,0.016775,0.13416,0.851453
96.6224,0.008927,0.13416,0.851376
96.6244,0.017043,0.13416,0.851485
96.6264,0.017043,0.13416,0.851513
96.6284,0.017043,0.13416,0.851453
96.6304,0.017043,0.13416,0.851508
96.6324,0.000666,0.13416,0.851532
96.6344,0.000666,0.13416,0.851458
96.6364,0.012057,0.13416,0.85146
96.6388,0.012515,0.13416,0.851339
96.6404,0.012515,0.13416,0.851465
96.6424,0.008464,0.13416,0.851478
96.6444,0.008464,0.13416,0.851438
96.6464,0.008464,0.13416,0.851446
96.6484,0.008464,0.13416,0.851523
96.6504,0.008464,0.13416,0.85148
96.6524,0.02114,0.13416,0.851474
96.6544,0.02114,0.13416,0.851431
96.6564,0.02114,0.13416,0.851471
96.6584,0.016914,0.13416,0.851357
96.6604,0.016914,0.13416,0.851466
96.6624,0.000172,0.13416,0.851441
96.6644,0.017459,0.13416,0.851473
96.6664,0.017459,0.13416,0.851444
96.6684,0.021599,0.13416,0.851409
96.6704,0.009276,0.13416,0.851415
96.6728,0.009276,0.13416,0.851397
96.6744,0.009276,0.13416,0.851463
96.6764,0.009276,0.13416,0.851461
96.6784,0.004687,0.13416,0.851462
96.6804,0.017315,0.13416,0.851501
96.6824,0.017315,0.13416,0.851368
96.6844,0.000144,0.13416,0.85146
96.6864,0.000144,0.13416,0.851499
96.6884,0.000144,0.13416,0.851424
96.6904,0.025425,0.13416,0.851479
96.6924,0.004843,0.13416,0.851472
96.6944,0.009245,0.13416,0.851535
96.6964,2.8e-05,0.13416,0.851467
96.6984,0.000479,0.13416,0.851466
96.7004,0.000567,0.13416,0.851436
96.7024,0.000567,0.13416,0.851534
96.7044,0.000567,0.13416,0.851417
96.7064,0.026245,0.13416,0.851393
96.7089,0.026245,0.13416,0.851402
96.7105,0.004808,0.13416,0.85145
96.7125,0.000643,0.13416,0.851366
96.7145,0.000643,0.13416,0.851475
96.7165,0.000643,0.13416,0.8515
96.7185,0.000643,0.13416,0.851527
96.7205,0.000643,0.13416,0.851361
96.7225,0.01794,0.13416,0.851469
96.7244,0.013447,0.13416,0.851453
96.7264,0.026007,0.13416,0.851427
96.7284,0.008455,0.13416,0.851419
96.7304,0.008455,0.13416,0.851499
96.7324,0.000751,0.13416,0.851472
96.7344,0.000751,0.13416,0.85132
96.7364,0.000751,0.13416,0.851444
96.7384,0.000751,0.13416,0.851512
96.7404,0.000751,0.13416,0.851486
96.7429,0.000751,0.13416,0.851457
96.7444,0.017304,0.13416,0.851391
96.7464,0.017304,0.13416,0.851465
96.7484,0.017304,0.13416,0.851503
96.7504,0.000803,0.13416,0.851511
96.7524,0.000865,0.13416,0.85144
96.7544,0.005307,0.13416,0.851526
96.7564,0.022169,0.13416,0.851521
96.7584,0.000926,0.13416,0.85152
96.7604,0.000926,0.13416,0.851563
96.7624,0.025933,0.13416,0.851447
96.7644,0.009844,0.13416,0.851445
96.7664,0.000456,0.13416,0.851427
96.7684,0.01382,0.13416,0.851428
96.7704,0.01382,0.13416,0.851445
96.7724,0.01382,0.13416,0.851466
96.7744,0.01382,0.13416,0.851471
96.7765,0.01382,0.13416,0.851509
96.7784,0.017756,0.13416,0.851417
96.7804,0.017726,0.13416,0.851549
96.7824,0.017726,0.13416,0.851384
96.7844,0.017726,0.13416,0.851395
96.7864,0.017726,0.13416,0.851484
96.7884,0.001105,0.13416,0.851534
96.7904,0.009135,0.13416,0.851409
96.7925,0.022011,0.13416,0.851442
96.7944,0.000564,0.13416,0.85144
96.7964,0.000589,0.13416,0.851393
96.7984,0.000589,0.13416,0.851451
96.8004,0.000589,0.13416,0.851463
96.8025,0.000589,0.13416,0.851408
96.8044,0.013973,0.13416,0.851412
96.8065,0.02216,0.13416,0.851456
96.8084,0.02216,0.13416,0.851533
96.8104,0.02216,0.13416,0.85146
96.8124,0.02216,0.13416,0.851432
96.8145,0.02216,0.13416,0.851459
96.8164,0.009338,0.13416,0.851443
96.8185,0.008662,0.13416,0.851499
96.8205,0.013944,0.13416,0.851491
96.8225,0.013944,0.13416,0.851477
96.8245,0.013944,0.13416,0.85149
96.8264,0.013944,0.13416,0.85148
96.8285,0.004945,0.13416,0.851349
96.8305,0.022025,0.13416,0.851475
96.8325,0.005271,0.13416,0.851455
96.8345,0.005271,0.13416,0.851428
96.8365,0.005271,0.13416,0.851478
96.8385,0.022686,0.13416,0.851432
96.8405,0.022686,0.13416,0.851459
96.8425,0.022686,0.13416,0.851435
96.8449,0.000541,0.13416,0.851581
96.8465,0.009354,0.13416,0.851475
96.8485,0.009118,0.13416,0.851459
96.8505,0.009118,0.13416,0.851475
96.8525,0.001051,0.13416,0.851487
96.8545,0.000995,0.13416,0.851516
96.8565,0.005102,0.13416,0.851519
96.8585,0.017337,0.13416,0.851486
96.8605,0.017337,0.13416,0.851523
96.8625,0.017337,0.13416,0.851469
96.8645,0.017337,0.13416,0.851461
96.8665,0.017337,0.13416,0.851444
96.8685,0.031085,0.13416,0.851474
96.8705,0.031085,0.13416,0.851508
96.8725,0.031085,0.13416,0.85147
96.8745,0.031085,0.13416,0.851421
96.8765,0.031085,0.13416,0.851522
96.8789,0.004997,0.13416,0.851494
96.8805,0.026178,0.13416,0.851428
96.8825,0.026178,0.13416,0.851523
96.8845,0.026178,0.13416,0.851481
96.8865,0.005786,0.13416,0.8515
96.8885,0.008878,0.13416,0.851497
96.8905,0.008586,0.13416,0.851428
96.8925,0.008586,0.13416,0.8515
96.8945,0.008586,0.13416,0.851455
96.8965,0.008586,0.13416,0.851489
96.8985,0.008586,0.13416,0.851488
96.9005,0.004846,0.13416,0.851396
96.9025,0.0174,0.13416,0.851413
96.9045,0.0174,0.13416,0.851494
96.9065,0.0174,0.13416,0.851448
96.9085,0.0174,0.13416,0.851455
96.9105,0.0174,0.13416,0.851458
96.9129,0.013547,0.13416,0.851466
96.9145,0.003315,0.13416,0.851472
96.9165,0.003315,0.13416,0.851488
96.9185,0.000194,0.13416,0.851498
96.9205,0.000194,0.13416,0.851458
96.9225,0.000217,0.13416,0.851395
96.9245,0.017701,0.13416,0.851479
96.9265,0.01772,0.13416,0.851431
96.9285,0.000641,0.13416,0.851417
96.9305,0.000641,0.13416,0.851507
96.9325,0.004787,0.13416,0.851497
96.9345,0.00156,0.13416,0.851458
96.9365,0.018273,0.13416,0.851492
96.9385,0.017233,0.13416,0.851441
96.9405,0.01736,0.13416,0.85146
96.9425,0.01736,0.13416,0.85141
96.9445,0.01736,0.13416,0.851436
96.9465,0.01736,0.13416,0.851449
96.9489,0.01736,0.13416,0.851554
96.9505,0.004142,0.13416,0.851477
96.9525,0.021427,0.13416,0.851459
96.9545,0.008775,0.13416,0.851438
96.9565,0.008775,0.13416,0.851465
96.9585,0.008775,0.13416,0.851384
96.9605,0.008775,0.13416,0.851453
96.9625,0.008775,0.13416,0.851466
96.9645,0.008775,0.13416,0.851509
96.9665,0.000485,0.13416,0.851483
96.9685,0.025697,0.13416,0.851427
96.9705,0.021222,0.13416,0.851484
96.9725,0.004716,0.13416,0.851406
96.9745,0.004716,0.13416,0.851434
96.9765,0.004716,0.13416,0.851497
96.9785,0.004716,0.13416,0.851439
96.9805,0.013193,0.13416,0.851516
96.9825,0.008772,0.13416,0.851386
96.9845,0.000204,0.13416,0.851421
96.9865,0.000414,0.13416,0.851441
96.9885,0.000414,0.13416,0.851479
96.9905,0.000414,0.13416,0.85144
96.9925,0.013472,0.13416,0.851449
96.9945,0.017446,0.13416,0.851435
96.9965,0.017446,0.13416,0.851452
96.9985,0.000385,0.13416,0.85145
97.0005,0.000385,0.13416,0.85149
97.0025,0.004665,0.13416,0.851469
97.0045,0.004665,0.13416,0.851456
97.0065,0.017125,0.13416,0.851505
97.0085,0.017125,0.13416,0.851467
97.0105,0.017125,0.13416,0.851442
97.0125,0.000522,0.13416,0.851442
97.0145,0.005054,0.13416,0.85141
97.0165,0.005054,0.13416,0.85143
97.0185,0.004808,0.13416,0.851441
97.0205,0.004808,0.13416,0.851494
97.0225,0.004808,0.13416,0.851508
97.0245,0.004808,0.13416,0.85145
97.0265,0.017398,0.13416,0.851478
97.0285,0.004422,0.13416,0.851485
97.0305,0.004422,0.13416,0.851426
97.0325,0.004422,0.13416,0.851428
97.0345,0.004422,0.13416,0.851476
97.0365,0.012712,0.13416,0.851416
97.0385,0.021553,0.13416,0.851465
97.0405,0.021553,0.13416,0.851426
97.0425,0.021553,0.13416,0.851518
97.0445,0.021553,0.13416,0.851478
97.0465,0.021553,0.13416,0.851441
97.0485,0.008303,0.13416,0.85146
97.0505,0.01303,0.13416,0.851458
97.0525,0.01303,0.13416,0.851429
97.0545,0.01303,0.13416,0.851408
97.0565,0.000728,0.13416,0.851447
97.0585,0.000591,0.13416,0.851462
97.0605,0.012749,0.13416,0.851467
97.0625,0.021239,0.13416,0.851476
97.0645,0.021239,0.13416,0.851454
97.0665,0.021239,0.13416,0.851463
97.0685,0.018732,0.13416,0.851446
97.0705,0.013406,0.13416,0.851423
97.0725,0.021552,0.13416,0.851445
97.0745,0.000353,0.13416,0.851498
97.0765,0.000353,0.13416,0.851492
97.0785,0.000572,0.13416,0.851366
97.0805,0.000572,0.13416,0.851477
97.0825,0.008618,0.13416,0.851428
97.0849,0.021985,0.13416,0.851435
97.0865,0.021985,0.13416,0.851467
97.0885,0.021985,0.13416,0.851461
97.0905,0.021985,0.13416,0.851435
97.0925,0.021985,0.13416,0.851479
97.0945,0.021985,0.13416,0.85145
97.0965,0.034408,0.13416,0.851435
97.0985,0.008844,0.13416,0.851442
97.1005,0.008844,0.13416,0.851524
97.1025,0.008844,0.13416,0.851488
97.1045,0.008844,0.13416,0.851344
97.1065,0.004621,0.13416,0.851495
97.1085,0.030089,0.13416,0.851506
97.1105,0.009089,0.13416,0.851478
97.1125,0.009089,0.13416,0.851409
97.1145,0.009089,0.13416,0.851425
97.1165,0.009089,0.13416,0.851447
97.1189,0.000406,0.13416,0.851427
97.1205,0.016936,0.13416,0.85139
97.1225,0.0262,0.13416,0.851489
97.1245,0.009381,0.13416,0.851384
97.1265,0.009381,0.13416,0.851436
97.1285,0.009381,0.13416,0.851417
97.1305,0.009381,0.13416,0.851428
97.1325,0.01367,0.13416,0.851424
97.1345,0.035059,0.13416,0.851485
97.1365,0.025814,0.13416,0.851499
97.1385,0.025814,0.13416,0.851409
97.1405,0.025814,0.13416,0.851512
97.1425,0.025814,0.13416,0.851403
97.1445,0.012664,0.13416,0.851397
97.1465,0.025679,0.13416,0.851413
97.1485,0.012646,0.13416,0.851477
97.1505,0.012646,0.13416,0.851509
97.1529,0.012646,0.13416,0.851396
97.1545,0.00043,0.13416,0.851513
97.1565,0.00043,0.13416,0.851444
97.1585,0.01312,0.13416,0.85143
97.1605,0.025496,0.13416,0.851527
97.1625,0.000482,0.13416,0.851487
97.1645,0.000482,0.13416,0.851428
97.1665,0.00042,0.13416,0.851432
97.1685,0.00042,0.13416,0.851488
97.1705,0.013055,0.13416,0.851381
97.1725,0.013055,0.13416,0.851416
97.1745,0.013055,0.13416,0.851381
97.1765,0.013055,0.13416,0.851423
97.1785,0.013055,0.13416,0.851411
97.1805,0.00467,0.13416,0.851527
97.1825,0.017159,0.13416,0.851442
97.1845,0.017159,0.13416,0.851447
97.1869,0.017159,0.13416,0.851464
97.1885,0.017159,0.13416,0.851504
97.1905,0.000582,0.13416,0.851355
97.1925,0.004225,0.13416,0.851456
97.1945,0.012875,0.13416,0.851406
97.1965,0.018038,0.13416,0.851438
97.1985,0.018038,0.13416,0.851478
97.2005,0.018038,0.13416,0.851427
97.2025,0.018038,0.13416,0.851412
97.2045,0.018038,0.13416,0.851404
97.2065,0.018038,0.13416,0.851473
97.2085,0.018038,0.13416,0.851441
97.2105,0.004155,0.13416,0.851508
97.2125,0.022492,0.13416,0.851361
97.2145,0.022492,0.13416,0.851408
97.2165,0.022492,0.13416,0.851483
97.2185,0.022492,0.13416,0.851478
97.2209,0.022492,0.13416,0.851415
97.2225,0.004456,0.13416,0.85145
97.2245,0.017498,0.13416,0.851435
97.2265,0.016959,0.13416,0.851395
97.2285,0.00421,0.13416,0.851457
97.2305,0.00421,0.13416,0.851472
97.2325,0.00421,0.13416,0.85143
97.2345,0.00421,0.13416,0.851416
97.2365,0.004146,0.13416,0.851482
97.2385,0.017363,0.13416,0.851439
97.2405,0.02588,0.13416,0.851416
97.2425,0.004152,0.13416,0.851471
97.2445,0.004424,0.13416,0.851481
97.2465,0.004424,0.13416,0.851439
97.2485,0.004424,0.13416,0.851433
97.2505,0.004424,0.13416,0.851452
97.2525,0.004424,0.13416,0.851447
97.2545,0.016794,0.13416,0.851443
97.2565,0.017694,0.13416,0.851419
97.2585,0.007928,0.13416,0.851462
97.2605,0.033919,0.13416,0.851481
97.2625,0.033919,0.13416,0.851435
97.2645,0.033919,0.13416,0.85141
97.2665,0.033919,0.13416,0.851416
97.2685,4.6e-05,0.13416,0.851506
97.2705,4.6e-05,0.13416,0.85149
97.2725,4.6e-05,0.13416,0.851478
97.2745,4.6e-05,0.13416,0.85147
97.2765,0.012352,0.13416,0.851396
97.2785,0.025577,0.13416,0.851469
97.2805,0.025577,0.13416,0.851449
97.2825,0.025577,0.13416,0.851344
97.2845,0.000377,0.13416,0.851391
97.2865,0.000377,0.13416,0.851441
97.2885,0.000377,0.13416,0.851509
97.2905,0.000377,0.13416,0.851561
97.2925,0.000377,0.13416,0.851448
97.2945,0.021367,0.13416,0.851404
97.2959,0.026468,0.13416,0.851472
97.2974,0.026468,0.13416,0.851342
97.2995,0.008409,0.13416,0.851412
97.3009,0.008409,0.13416,0.851434
97.3025,0.008409,0.13416,0.851408
97.3045,0.008409,0.13416,0.851443
97.3065,0.008409,0.13416,0.851463
97.3085,0.00891,0.13416,0.851462
97.3105,0.016827,0.13416,0.851431
97.3125,0.021925,0.13416,0.851368
97.3145,0.016818,0.13416,0.851479
97.3165,0.021043,0.13416,0.851464
97.3185,0.004371,0.13416,0.851412
97.3205,0.004371,0.13416,0.851455
97.3225,0.004371,0.13416,0.851412
97.3239,0.025383,0.13416,0.851437
97.3255,0.021792,0.13416,0.851472
97.3275,0.021792,0.13416,0.851482
97.3294,0.030103,0.13416,0.851422
97.3315,0.021403,0.13416,0.851524
97.3329,0.008577,0.13416,0.851471
97.3345,0.004252,0.13416,0.851404
97.3365,0.004252,0.13416,0.851499
97.3385,0.013647,0.13416,0.851434
97.3405,0.008171,0.13416,0.851431
97.3425,0.021417,0.13416,0.851446
97.3445,0.027113,0.13416,0.851497
97.3459,0.016981,0.13416,0.851456
97.3475,0.000167,0.13416,0.8515
97.3495,0.026971,0.13416,0.851422
97.3515,0.016992,0.13416,0.851434
97.354,0.016992,0.13416,0.851506
97.3565,0.000671,0.13416,0.851457
97.3585,0.000671,0.13416,0.85141
97.3605,0.02565,0.13416,0.851426
97.3625,0.009117,0.13416,0.851416
97.3645,0.008805,0.13416,0.851545
97.3665,0.008805,0.13416,0.85143
97.3685,0.008805,0.13416,0.85136
97.3705,0.008805,0.13416,0.85148
97.3725,0.008805,0.13416,0.85138
97.3745,0.008805,0.13416,0.851386
97.3759,0.008805,0.13416,0.851432
97.3774,0.008805,0.13416,0.851479
97.3789,0.017932,0.13416,0.851499
97.3805,0.017572,0.13416,0.851414
97.3825,0.017572,0.13416,0.851396
97.3845,0.017572,0.13416,0.851416
97.3865,0.017572,0.13416,0.851474
97.3885,0.012905,0.13416,0.851466
97.3905,0.008776,0.13416,0.851465
97.3925,0.008776,0.13416,0.851414
97.3945,0.013142,0.13416,0.851416
97.3959,0.01797,0.13416,0.851462
97.3975,0.01797,0.13416,0.851356
97.399,0.01797,0.13416,0.851463
97.4005,0.01797,0.13416,0.851486
97.4025,0.000721,0.13416,0.851432
97.4045,0.000483,0.13416,0.851396
97.406,0.000483,0.13416,0.851403
97.4075,0.000483,0.13416,0.851473
97.4094,0.021808,0.13416,0.851519
97.4105,0.004827,0.13416,0.851468
97.4125,0.004827,0.13416,0.851514
97.4145,0.009709,0.13416,0.851439
97.417,0.009709,0.13416,0.85141
97.4185,0.009709,0.13416,0.851449
97.4205,0.000867,0.13416,0.851447
97.4225,0.000867,0.13416,0.851412
97.4245,0.000867,0.13416,0.851475
97.4265,0.017527,0.13416,0.851437
97.4285,0.000948,0.13416,0.85146
97.4305,0.000895,0.13416,0.851442
97.4325,0.013593,0.13416,0.851465
97.4345,0.013593,0.13416,0.851521
97.4365,0.017717,0.13416,0.851371
97.4385,0.017717,0.13416,0.851453
97.4405,0.017717,0.13416,0.851363
97.4425,0.021873,0.13416,0.851435
97.4445,0.000797,0.13416,0.851451
97.4465,0.004443,0.13416,0.851431
97.4485,0.017697,0.13416,0.851412
97.4505,0.001559,0.13416,0.851432
97.4525,0.001559,0.13416,0.851424
97.4545,0.001559,0.13416,0.851479
97.4565,0.001109,0.13416,0.851497
97.4585,0.001109,0.13416,0.85142
97.4605,0.017657,0.13416,0.851464
97.4625,0.013906,0.13416,0.851548
97.4645,0.009202,0.13416,0.851465
97.4665,0.009202,0.13416,0.851461
97.4685,0.009202,0.13416,0.851458
97.4705,0.009202,0.13416,0.851451
97.472,0.005324,0.13416,0.851457
97.4734,0.001482,0.13416,0.851529
97.4755,0.001482,0.13416,0.851506
97.4775,0.001482,0.13416,0.851413
97.479,0.001482,0.13416,0.85147
97.4805,0.001482,0.13416,0.851448
97.4825,0.001482,0.13416,0.851466
97.4845,0.001482,0.13416,0.851441
97.4865,0.001482,0.13416,0.851431
97.4886,0.00167,0.13416,0.851484
97.49,0.008953,0.13416,0.851492
97.4916,0.008953,0.13416,0.851404
97.4936,0.000648,0.13416,0.851357
97.4956,0.000648,0.13416,0.85142
97.497,0.017897,0.13416,0.851447
97.4986,0.000888,0.13416,0.851427
97.5006,0.001991,0.13416,0.85146
97.5026,0.001991,0.13416,0.851496
97.5046,0.009191,0.13416,0.851478
97.506,0.005068,0.13416,0.851465
97.5076,0.001165,0.13416,0.851446
97.5096,0.009827,0.13416,0.851483
97.5116,0.02222,0.13416,0.851418
97.5135,0.008954,0.13416,0.851333
97.5156,0.008954,0.13416,0.851404
97.5176,0.008954,0.13416,0.851444
97.5196,0.008954,0.13416,0.851458
97.5214,0.008954,0.13416,0.851521
97.5236,0.008954,0.13416,0.851404
97.5256,0.017984,0.13416,0.851534
97.5276,0.018022,0.13416,0.851531
97.5294,0.000957,0.13416,0.851496
97.5316,0.001163,0.13416,0.851503
97.5336,0.001163,0.13416,0.851437
97.5356,0.001163,0.13416,0.8514
97.5374,0.000949,0.13416,0.851437
97.5396,0.017847,0.13416,0.851484
97.5416,0.017826,0.13416,0.851437
97.5436,0.009564,0.13416,0.851423
97.5454,0.009564,0.13416,0.85153
97.5476,0.001492,0.13416,0.85155
97.5496,0.001492,0.13416,0.851474
97.5516,0.001492,0.13416,0.851503
97.5534,0.009523,0.13416,0.851408
97.5556,0.009523,0.13416,0.851494
97.5576,0.00956,0.13416,0.851444
97.5596,0.00956,0.13416,0.851436
97.5614,0.00956,0.13416,0.851421
97.5636,0.017932,0.13416,0.851451
97.5656,0.017932,0.13416,0.851426
97.5676,0.009952,0.13416,0.851491
97.5694,0.013404,0.13416,0.851442
97.5716,0.001265,0.13416,0.851456
97.5736,0.00127,0.13416,0.851437
97.5756,0.00127,0.13416,0.851478
97.5774,0.00127,0.13416,0.851472
97.5796,0.017929,0.13416,0.851494
97.582,0.001226,0.13416,0.851409
97.5836,0.001226,0.13416,0.851451
97.5854,0.000447,0.13416,0.851476
97.5876,0.000447,0.13416,0.851394
97.5896,0.000447,0.13416,0.851438
97.5916,0.00124,0.13416,0.851456
97.5926,0.000411,0.13416,0.851468
97.5946,0.000411,0.13416,0.851476
97.5966,0.000411,0.13416,0.851439
97.5986,0.000411,0.13416,0.851407
97.6006,0.001209,0.13416,0.851483
97.6026,0.001209,0.13416,0.851491
97.6046,0.017833,0.13416,0.851393
97.6066,0.008995,0.13416,0.851465
97.6086,0.008995,0.13416,0.851478
97.61,0.008995,0.13416,0.851421
97.6116,0.014116,0.13416,0.851437
97.6136,0.018081,0.13416,0.851415
97.616,0.000619,0.13416,0.851401
97.6174,0.005503,0.13416,0.851446
97.6196,0.005503,0.13416,0.851489
97.6216,0.005503,0.13416,0.851457
97.6236,0.009592,0.13416,0.851488
97.6254,0.013282,0.13416,0.851412
97.627,0.013282,0.13416,0.851448
97.6286,0.001055,0.13416,0.851427
97.6306,0.009058,0.13416,0.851499
97.6326,0.022141,0.13416,0.85149
97.6346,0.009911,0.13416,0.851465
97.6366,0.009911,0.13416,0.851457
97.6386,0.005552,0.13416,0.851388
97.64,0.026948,0.13416,0.85143
97.6414,0.026948,0.13416,0.85147
97.6436,0.026948,0.13416,0.851423
97.6456,0.026948,0.13416,0.851465
97.648,0.001341,0.13416,0.85148
97.6494,0.017807,0.13416,0.851445
97.6516,0.017807,0.13416,0.851417
97.6536,0.017807,0.13416,0.851495
97.6556,0.000676,0.13416,0.851408
97.6574,0.010167,0.13416,0.851423
97.6596,0.010167,0.13416,0.851464
97.6616,0.010167,0.13416,0.851427
97.6636,0.009425,0.13416,0.851452
97.6654,0.022249,0.13416,0.851421
97.667,0.014785,0.13416,0.851479
97.6686,0.014785,0.13416,0.851473
97.6706,0.014785,0.13416,0.851459
97.672,0.026798,0.13416,0.85147
97.6734,0.026798,0.13416,0.851446
97.675,0.026798,0.13416,0.85146
97.6766,0.02654,0.13416,0.851448
97.679,0.017983,0.13416,0.851374
97.6806,0.017983,0.13416,0.851461
97.6826,0.004915,0.13416,0.851457
97.6846,0.001246,0.13416,0.851492
97.686,0.000593,0.13416,0.851484
97.6876,0.000593,0.13416,0.851464
97.6894,0.000593,0.13416,0.851489
97.691,0.000593,0.13416,0.851458
97.6926,0.005136,0.13416,0.851461
97.6946,0.005136,0.13416,0.851479
97.6966,0.005136,0.13416,0.851433
97.6986,0.026713,0.13416,0.851486
97.7006,0.026713,0.13416,0.851457
97.7026,0.005597,0.13416,0.851543
97.7046,0.013399,0.13416,0.851408
97.7066,0.013399,0.13416,0.851506
97.7086,0.013399,0.13416,0.851442
97.711,0.001423,0.13416,0.851446
97.7126,0.001423,0.13416,0.851428
97.7146,0.001423,0.13416,0.851339
97.7166,0.005077,0.13416,0.851408
97.7186,0.005077,0.13416,0.851475
97.7206,0.005077,0.13416,0.851447
97.7226,0.001191,0.13416,0.851452
97.7246,0.000375,0.13416,0.851463
97.7266,0.018005,0.13416,0.851411
97.7286,0.000934,0.13416,0.8514
97.7306,0.009961,0.13416,0.851388
97.7326,0.009961,0.13416,0.851491
97.7346,0.00125,0.13416,0.851394
97.7366,0.005392,0.13416,0.851413
97.7386,0.00205,0.13416,0.851478
97.7406,0.005424,0.13416,0.851489
97.7426,0.005424,0.13416,0.851466
97.745,0.001286,0.13416,0.851436
97.7466,0.010641,0.13416,0.851475
97.7486,0.019014,0.13416,0.851429
97.7506,0.014139,0.13416,0.851376
97.7526,0.001041,0.13416,0.851437
97.7546,0.022269,0.13416,0.851468
97.7566,0.022269,0.13416,0.851451
97.7586,0.023355,0.13416,0.851496
97.7606,0.017809,0.13416,0.85143
97.7626,0.001045,0.13416,0.851471
97.7646,0.001045,0.13416,0.851424
97.7666,0.010791,0.13416,0.851532
97.7686,0.009065,0.13416,0.851447
97.7706,0.001037,0.13416,0.851447
97.7726,0.001037,0.13416,0.851455
97.7746,0.001037,0.13416,0.85143
97.7766,0.001037,0.13416,0.851414
97.7786,0.00107,0.13416,0.851416
97.781,0.00107,0.13416,0.851489
97.7826,0.026655,0.13416,0.851478
97.7846,0.009663,0.13416,0.851477
97.7866,0.009663,0.13416,0.8515
97.7886,0.009663,0.13416,0.851394
97.7906,0.001726,0.13416,0.851451
97.7926,0.001726,0.13416,0.851434
97.7946,0.001726,0.13416,0.851403
97.7966,0.022462,0.13416,0.851419
97.7986,0.014485,0.13416,0.851463
97.8006,0.014485,0.13416,0.85143
97.8026,0.013732,0.13416,0.851444
97.8046,0.001305,0.13416,0.851449
97.8066,0.001289,0.13416,0.851443
97.8086,0.00946,0.13416,0.851353
97.8106,0.00946,0.13416,0.851473
97.8126,0.00946,0.13416,0.851418
97.815,0.001043,0.13416,0.851339
97.8166,0.010153,0.13416,0.851435
97.8186,0.00129,0.13416,0.851479
97.8206,0.00129,0.13416,0.851441
97.8226,0.00129,0.13416,0.851478
97.8246,0.0015,0.13416,0.85141
97.8266,0.0015,0.13416,0.851535
97.8286,0.010151,0.13416,0.851508
97.8306,0.010151,0.13416,0.851429
97.8326,0.006642,0.13416,0.851433
97.8346,0.006642,0.13416,0.851394
97.8366,0.022389,0.13416,0.851426
97.8386,0.018031,0.13416,0.851382
97.8406,0.018031,0.13416,0.851464
97.8426,0.008745,0.13416,0.851434
97.8446,0.009587,0.13416,0.851502
97.8466,0.017781,0.13416,0.851413
97.849,0.017781,0.13416,0.851413
97.8516,0.017781,0.13416,0.851541
97.8536,0.017867,0.13416,0.851415
97.8556,0.022342,0.13416,0.851392
97.8574,0.022342,0.13416,0.851435
97.8596,0.022342,0.13416,0.851406
97.8616,0.022342,0.13416,0.851399
97.8636,0.022342,0.13416,0.851415
97.8654,0.009291,0.13416,0.851499
97.8676,0.021987,0.13416,0.851497
97.8696,0.000628,0.13416,0.851431
97.8716,0.000628,0.13416,0.85147
97.8734,0.000628,0.13416,0.851531
97.8756,0.014392,0.13416,0.851516
97.8776,0.017867,0.13416,0.851427
97.8796,0.008974,0.13416,0.851483
97.8814,0.001205,0.13416,0.851459
97.8836,0.001205,0.13416,0.851435
97.8856,0.001205,0.13416,0.85139
97.8876,0.001205,0.13416,0.851437
97.8894,0.000549,0.13416,0.851464
97.891,0.005256,0.13416,0.851432
97.8926,0.005256,0.13416,0.851396
97.8946,0.005256,0.13416,0.851433
97.8966,0.005256,0.13416,0.851466
97.8986,0.005256,0.13416,0.851512
97.9006,0.000452,0.13416,0.851519
97.9026,0.000452,0.13416,0.851495
97.9046,0.000699,0.13416,0.851432
97.9066,0.022428,0.13416,0.851437
97.9086,0.013955,0.13416,0.851517
97.9106,0.013179,0.13416,0.851531
97.9126,0.013179,0.13416,0.851436
97.9146,0.0009,0.13416,0.851389
97.917,0.001099,0.13416,0.851492
97.9186,0.001099,0.13416,0.851488
97.9206,0.005087,0.13416,0.851442
97.9226,0.005087,0.13416,0.851477
97.9246,0.013703,0.13416,0.851487
97.9266,0.013703,0.13416,0.851464
97.9286,0.013703,0.13416,0.851391
97.9306,0.022073,0.13416,0.851486
97.9326,9.4e-05,0.13416,0.851486
97.9346,0.026359,0.13416,0.851404
97.9366,0.018013,0.13416,0.851438
97.9386,0.000972,0.13416,0.851473
97.9406,0.000972,0.13416,0.851386
97.9426,0.00126,0.13416,0.851448
97.9446,0.000909,0.13416,0.851526
97.9466,0.000909,0.13416,0.851479
97.9486,0.000406,0.13416,0.851435
97.951,0.000406,0.13416,0.851478
97.9526,0.000406,0.13416,0.851418
97.9546,0.009183,0.13416,0.851501
97.9566,0.01742,0.13416,0.851407
97.9586,0.031806,0.13416,0.851428
97.9606,0.031806,0.13416,0.851481
97.9626,0.021985,0.13416,0.851513
97.9646,0.014898,0.13416,0.851437
97.9666,0.005144,0.13416,0.851426
97.9686,0.026632,0.13416,0.851431
97.9706,0.026632,0.13416,0.851413
97.9726,0.026632,0.13416,0.851515
97.9746,0.026632,0.13416,0.851416
97.9766,0.026632,0.13416,0.851499
97.9786,0.026632,0.13416,0.85144
97.9806,0.012995,0.13416,0.851437
97.9826,0.017307,0.13416,0.851457
97.985,0.017307,0.13416,0.851463
97.9866,0.017307,0.13416,0.851429
97.9886,0.000992,0.13416,0.851489
97.9906,0.005244,0.13416,0.851445
97.9926,0.018055,0.13416,0.851441
97.9946,0.018055,0.13416,0.851489
97.9966,0.018055,0.13416,0.851506
97.9986,0.018055,0.13416,0.851508
98.0006,0.018055,0.13416,0.851479
98.0026,0.000857,0.13416,0.851452
98.0046,0.000857,0.13416,0.851472
98.0066,0.022001,0.13416,0.851485
98.0076,0.022001,0.13416,0.851454
98.0095,0.009076,0.13416,0.851402
98.011,0.017407,0.13416,0.85147
98.0126,0.00079,0.13416,0.851461
98.0146,0.000694,0.13416,0.851461
98.0166,0.009537,0.13416,0.851388
98.0186,0.013858,0.13416,0.851467
98.0206,0.021685,0.13416,0.851466
98.0226,0.008826,0.13416,0.851506
98.0246,0.008826,0.13416,0.851446
98.0266,0.017346,0.13416,0.851343
98.0286,0.017346,0.13416,0.851411
98.0306,0.005208,0.13416,0.851432
98.0326,0.013116,0.13416,0.851418
98.0346,0.001114,0.13416,0.851487
98.036,0.001114,0.13416,0.851434
98.0376,0.017368,0.13416,0.851479
98.0396,0.012909,0.13416,0.851449
98.0415,0.021706,0.13416,0.8515
98.043,0.000455,0.13416,0.851383
98.0446,0.031676,0.13416,0.851446
98.0466,0.02591,0.13416,0.851436
98.0486,0.004905,0.13416,0.85148
98.0506,0.004905,0.13416,0.851474
98.0526,0.00066,0.13416,0.851466
98.0546,0.00066,0.13416,0.851414
98.0561,0.017143,0.13416,0.851476
98.0575,0.017143,0.13416,0.851468
98.0596,0.017143,0.13416,0.851497
98.0616,0.00059,0.13416,0.851508
98.0636,0.00059,0.13416,0.851483
98.0655,0.021568,0.13416,0.851448
98.0676,0.02603,0.13416,0.851471
98.0696,0.000104,0.13416,0.851412
98.0711,0.008126,0.13416,0.851446
98.0726,0.022474,0.13416,0.851479
98.0746,0.000623,0.13416,0.851375
98.0766,0.00957,0.13416,0.851504
98.0786,0.00957,0.13416,0.851485
98.0806,0.00957,0.13416,0.851511
98.0831,0.017277,0.13416,0.851484
98.0846,0.017277,0.13416,0.851416
98.0866,0.017277,0.13416,0.851511
98.0886,0.000659,0.13416,0.851498
98.0906,0.000659,0.13416,0.851437
98.0926,0.012887,0.13416,0.851411
98.0946,0.021741,0.13416,0.851503
98.0966,0.000686,0.13416,0.851537
98.0986,0.009646,0.13416,0.851502
98.1006,0.009646,0.13416,0.851445
98.1021,0.00905,0.13416,0.851441
98.1036,0.012911,0.13416,0.851465
98.1055,0.017253,0.13416,0.851391
98.1076,0.004585,0.13416,0.85149
98.1091,0.008468,0.13416,0.851439
98.1106,0.004738,0.13416,0.851508
98.1126,0.030448,0.13416,0.851534
98.1141,0.017857,0.13416,0.851495
98.1161,0.00071,0.13416,0.851523
98.1176,0.018096,0.13416,0.851439
98.1191,7.6e-05,0.13416,0.851443
98.1206,0.009554,0.13416,0.851431
98.1226,0.009554,0.13416,0.851499
98.1241,0.013437,0.13416,0.851458
98.1257,0.013437,0.13416,0.851437
98.1276,0.017877,0.13416,0.85154
98.1295,0.021448,0.13416,0.851511
98.1316,0.017294,0.13416,0.851449
98.1336,0.017294,0.13416,0.851535
98.1357,0.017294,0.13416,0.851359
98.1375,0.017294,0.13416,0.851529
98.1397,0.021789,0.13416,0.851455
98.1416,0.004909,0.13416,0.851436
98.1431,0.022457,0.13416,0.851468
98.1447,0.017471,0.13416,0.85143
98.1467,0.026207,0.13416,0.851464
98.1487,0.000824,0.13416,0.851393
98.1501,0.025673,0.13416,0.851437
98.1517,0.021712,0.13416,0.851479
98.1531,0.018051,0.13416,0.851435
98.1546,0.018051,0.13416,0.851461
98.1567,0.009024,0.13416,0.851411
98.1587,0.021455,0.13416,0.851469
98.1607,0.021455,0.13416,0.851499
98.1621,0.004593,0.13416,0.851455
98.1637,0.021661,0.13416,0.851422
98.1657,0.021661,0.13416,0.851437
98.1677,0.021661,0.13416,0.851405
98.1695,0.021661,0.13416,0.85151
98.1711,0.021661,0.13416,0.851452
98.1727,0.021661,0.13416,0.851496
98.1747,0.021661,0.13416,0.851433
98.1771,0.021912,0.13416,0.851402
98.1787,0.012853,0.13416,0.851478
98.1807,0.013104,0.13416,0.851524
98.1821,0.021687,0.13416,0.851459
98.1837,0.013586,0.13416,0.851418
98.1851,0.013586,0.13416,0.851449
98.1867,0.00064,0.13416,0.851475
98.1881,0.00064,0.13416,0.851434
98.1897,0.00064,0.13416,0.851403
98.1911,0.00064,0.13416,0.851401
98.1927,0.00064,0.13416,0.851469
98.1941,0.00064,0.13416,0.851407
98.1957,0.016986,0.13416,0.851451
98.1971,0.026026,0.13416,0.851437
98.1987,0.000108,0.13416,0.851533
98.2001,0.000986,0.13416,0.851371
98.2015,0.000986,0.13416,0.851421
98.2037,0.000986,0.13416,0.85141
98.2051,0.000674,0.13416,0.851428
98.2067,0.000649,0.13416,0.851484
98.2081,0.000649,0.13416,0.851439
98.2095,0.000395,0.13416,0.851424
98.2117,0.000395,0.13416,0.851426
98.2131,0.004998,0.13416,0.85145
98.2147,0.017087,0.13416,0.851435
98.2161,0.025982,0.13416,0.851493
98.2175,0.013458,0.13416,0.851472
98.2191,0.008588,0.13416,0.851405
98.2207,0.008588,0.13416,0.851417
98.2221,0.008588,0.13416,0.851448
98.2237,0.000575,0.13416,0.851476
98.2251,0.021217,0.13416,0.851444
98.2267,0.047714,0.13416,0.851509
98.2281,0.01721,0.13416,0.851465
98.2297,0.008569,0.13416,0.851469
98.2317,0.017294,0.13416,0.851431
98.2331,0.004022,0.13416,0.851447
98.2347,0.003887,0.13416,0.851461
98.2361,0.003887,0.13416,0.851499
98.2377,0.003887,0.13416,0.851425
98.2391,0.003887,0.13416,0.851444
98.2407,0.003887,0.13416,0.851494
98.2427,0.021794,0.13416,0.85151
98.2447,0.009474,0.13416,0.851536
98.2467,7e-05,0.13416,0.851423
98.2487,0.008877,0.13416,0.851474
98.2507,3.6e-05,0.13416,0.851382
98.2527,0.000317,0.13416,0.85142
98.2547,0.005259,0.13416,0.851429
98.2567,4.2e-05,0.13416,0.851487
98.2587,0.000118,0.13416,0.851522
98.2611,0.000118,0.13416,0.851405
98.2627,0.000118,0.13416,0.85145
98.2641,0.000118,0.13416,0.85146
98.2655,0.013057,0.13416,0.851392
98.2677,0.013057,0.13416,0.85146
98.2697,0.013057,0.13416,0.851439
98.2717,0.013057,0.13416,0.851483
98.2731,0.013057,0.13416,0.851461
98.2747,0.013057,0.13416,0.851504
98.2767,0.013057,0.13416,0.851405
98.2787,0.008825,0.13416,0.851398
98.2807,0.017111,0.13416,0.85145
98.2827,0.017111,0.13416,0.851429
98.2847,0.017111,0.13416,0.85149
98.2867,0.017111,0.13416,0.851392
98.2887,0.009269,0.13416,0.851506
98.2907,0.021305,0.13416,0.851483
98.2931,0.013643,0.13416,0.851451
98.2947,0.013643,0.13416,0.851477
98.2967,0.013643,0.13416,0.851485
98.2987,0.013643,0.13416,0.851431
98.3007,0.013643,0.13416,0.851512
98.3027,0.013643,0.13416,0.851432
98.3047,0.029986,0.13416,0.851415
98.3067,0.017098,0.13416,0.851426
98.3087,0.017098,0.13416,0.851464
98.3107,0.017098,0.13416,0.851402
98.3127,0.017098,0.13416,0.851463
98.3147,0.017098,0.13416,0.851385
98.3167,0.008762,0.13416,0.851448
98.3181,0.00075,0.13416,0.851444
98.3197,0.000241,0.13416,0.851457
98.3215,0.004394,0.13416,0.851526
98.3237,0.026711,0.13416,0.851494
98.3257,0.000542,0.13416,0.851536
98.3281,0.000542,0.13416,0.851362
98.3295,0.033999,0.13416,0.851422
98.3311,0.033999,0.13416,0.851483
98.3327,0.009129,0.13416,0.851421
98.3347,0.009129,0.13416,0.851528
98.3367,0.009129,0.13416,0.851435
98.3387,0.000718,0.13416,0.851414
98.3401,0.00024,0.13416,0.851458
98.3417,0.00024,0.13416,0.851468
98.3437,0.00024,0.13416,0.851468
98.3455,0.008828,0.13416,0.851503
98.3477,0.016996,0.13416,0.851484
98.3497,0.012631,0.13416,0.851417
98.3517,0.017059,0.13416,0.851466
98.3535,0.004405,0.13416,0.851363
98.3557,0.004405,0.13416,0.851495
98.3577,0.004405,0.13416,0.851422
98.3601,0.017101,0.13416,0.851441
98.3621,0.013311,0.13416,0.851443
98.3637,0.013311,0.13416,0.851413
98.3657,0.026521,0.13416,0.851434
98.3677,0.012646,0.13416,0.851476
98.3695,0.012646,0.13416,0.851442
98.3717,0.012646,0.13416,0.851543
98.3737,0.012646,0.13416,0.851487
98.3757,0.012646,0.13416,0.851464
98.3775,0.025889,0.13416,0.851466
98.3797,0.012666,0.13416,0.851494
98.3817,0.009277,0.13416,0.85147
98.3837,0.009277,0.13416,0.8514
98.3855,0.009277,0.13416,0.851404
98.3877,0.009277,0.13416,0.851451
98.3897,0.009277,0.13416,0.851477
98.3917,0.000474,0.13416,0.851451
98.3941,0.013367,0.13416,0.851472
98.3957,0.013367,0.13416,0.851433
98.3977,0.000473,0.13416,0.851524
98.3997,0.000473,0.13416,0.851473
98.4011,0.013129,0.13416,0.851449
98.4031,0.013744,0.13416,0.851509
98.4047,0.021896,0.13416,0.851466
98.4067,0.021896,0.13416,0.851422
98.4087,0.021896,0.13416,0.851406
98.4107,0.021896,0.13416,0.85145
98.4127,0.021896,0.13416,0.851417
98.4141,0.021896,0.13416,0.851404
98.4161,0.021896,0.13416,0.851444
98.4175,0.01671,0.13416,0.851415
98.4197,0.01671,0.13416,0.851406
98.4211,0.01671,0.13416,0.851413
98.4231,0.01671,0.13416,0.851466
98.4255,0.000742,0.13416,0.851567
98.4271,0.000742,0.13416,0.851368
98.4287,0.012501,0.13416,0.851468
98.4307,0.030353,0.13416,0.851484
98.4327,0.021134,0.13416,0.851466
98.4347,0.000106,0.13416,0.851432
98.4367,0.008151,0.13416,0.851426
98.4387,0.008151,0.13416,0.851417
98.4407,0.008151,0.13416,0.851436
98.4427,0.021836,0.13416,0.85142
98.4441,0.004256,0.13416,0.851428
98.4457,0.004256,0.13416,0.851438
98.4477,0.004256,0.13416,0.851415
98.4495,0.000382,0.13416,0.851456
98.4517,0.000382,0.13416,0.851468
98.4537,0.017215,0.13416,0.851486
98.4551,0.017243,0.13416,0.851469
98.4571,0.017243,0.13416,0.851458
98.4587,0.017243,0.13416,0.851448
98.4607,0.000377,0.13416,0.851417
98.4627,0.008142,0.13416,0.851433
98.4641,0.008142,0.13416,0.851437
98.4661,0.008142,0.13416,0.851478
98.4677,0.008142,0.13416,0.851427
98.4697,0.025842,0.13416,0.851461
98.4717,0.025177,0.13416,0.851398
98.4735,0.025177,0.13416,0.851491
98.4757,0.025177,0.13416,0.851449
98.4777,0.025177,0.13416,0.851478
98.4797,0.025177,0.13416,0.851444
98.4815,0.025177,0.13416,0.851431
98.4837,0.017398,0.13416,0.851482
98.4857,0.01256,0.13416,0.851497
98.4877,0.021391,0.13416,0.851408
98.4895,0.000186,0.13416,0.851389
98.4911,0.000181,0.13416,0.851443
98.4927,0.003877,0.13416,0.85139
98.4947,0.026495,0.13416,0.851394
98.4961,0.000165,0.13416,0.851415
98.4975,0.000165,0.13416,0.85145
98.4997,0.000406,0.13416,0.851472
98.5017,0.004708,0.13416,0.851449
98.5031,0.00818,0.13416,0.851455
98.5051,0.004296,0.13416,0.851416
98.5071,0.004296,0.13416,0.851406
98.5087,0.005012,0.13416,0.8515
98.5107,0.034745,0.13416,0.851433
98.5121,0.034745,0.13416,0.851469
98.5141,0.034745,0.13416,0.851376
98.5157,0.008691,0.13416,0.851458
98.5177,0.008685,0.13416,0.851396
98.5197,0.008685,0.13416,0.851439
98.5215,0.008685,0.13416,0.851483
98.5237,0.012946,0.13416,0.85148
98.5251,0.00426,0.13416,0.85146
98.5267,0.00426,0.13416,0.851345
98.5287,0.00426,0.13416,0.851416
98.5307,0.016968,0.13416,0.851462
98.5327,0.008658,0.13416,0.851494
98.5347,0.012564,0.13416,0.851446
98.5367,0.020964,0.13416,0.851406
98.5381,0.020964,0.13416,0.851425
98.5397,0.022343,0.13416,0.851423
98.5417,0.026156,0.13416,0.85142
98.5437,0.004312,0.13416,0.851473
98.5455,0.004312,0.13416,0.851458
98.5477,0.004312,0.13416,0.851455
98.5491,0.021052,0.13416,0.851462
98.5511,0.017502,0.13416,0.851425
98.5535,0.025856,0.13416,0.851365
98.5551,0.025856,0.13416,0.851472
98.5571,0.025856,0.13416,0.85144
98.5587,0.016911,0.13416,0.85148
98.5607,0.021511,0.13416,0.851496
98.5627,0.021511,0.13416,0.851476
98.5647,0.021511,0.13416,0.851404
98.5667,0.021511,0.13416,0.851417
98.5687,0.021511,0.13416,0.851528
98.5707,0.030118,0.13416,0.851456
98.5727,0.030118,0.13416,0.851413
98.5747,0.030118,0.13416,0.851475
98.5767,0.030118,0.13416,0.851487
98.5787,0.030118,0.13416,0.8515
98.5807,0.016699,0.13416,0.851483
98.5827,0.0003,0.13416,0.851425
98.5847,0.0003,0.13416,0.851455
98.5871,0.004207,0.13416,0.85147
98.5887,0.004207,0.13416,0.851464
98.5907,0.004207,0.13416,0.851425
98.5927,0.017207,0.13416,0.851451
98.5947,0.017207,0.13416,0.851464
98.5967,0.012975,0.13416,0.851463
98.5987,0.012975,0.13416,0.85143
98.6007,0.012975,0.13416,0.851496
98.6027,0.025496,0.13416,0.851465
98.6047,0.025496,0.13416,0.851502
98.6067,0.025496,0.13416,0.851481
98.6087,0.025634,0.13416,0.851496
98.6107,0.025634,0.13416,0.851458
98.6127,0.025634,0.13416,0.85147
98.6147,0.025634,0.13416,0.851491
98.6167,4.5e-05,0.13416,0.851442
98.6187,4.5e-05,0.13416,0.851372
98.6211,0.004188,0.13416,0.851415
98.6227,0.00033,0.13416,0.851496
98.6247,0.00033,0.13416,0.851477
98.6267,0.02151,0.13416,0.851402
98.6287,0.02151,0.13416,0.85152
98.6307,0.004868,0.13416,0.851412
98.6327,0.01689,0.13416,0.851447
98.6347,0.01689,0.13416,0.851445
98.6367,0.01689,0.13416,0.851415
98.6387,0.01689,0.13416,0.851357
98.6407,0.000374,0.13416,0.851459
98.6427,0.000374,0.13416,0.851412
98.6447,0.021419,0.13416,0.851458
98.6467,0.018038,0.13416,0.851538
98.6487,0.018038,0.13416,0.851427
98.6507,0.03008,0.13416,0.85151
98.6527,0.03008,0.13416,0.851468
98.6551,0.000488,0.13416,0.851376
98.6571,0.000488,0.13416,0.851405
98.6587,0.008574,0.13416,0.851519
98.6607,0.008574,0.13416,0.851465
98.6627,0.008574,0.13416,0.851471
98.6647,0.008574,0.13416,0.851439
98.6667,0.021528,0.13416,0.85141
98.6687,0.005025,0.13416,0.851432
98.6707,0.017188,0.13416,0.851428
98.6727,0.034385,0.13416,0.85143
98.6747,0.000773,0.13416,0.851468
98.6767,0.000574,0.13416,0.851454
98.6787,0.005805,0.13416,0.851477
98.6807,0.005805,0.13416,0.851502
98.6827,0.025945,0.13416,0.851494
98.6847,0.004472,0.13416,0.851475
98.6867,0.00013,0.13416,0.851512
98.6891,0.018153,0.13416,0.851413
98.6911,0.017227,0.13416,0.851475
98.6931,0.017177,0.13416,0.851435
98.6951,0.017177,0.13416,0.851411
98.6971,0.000326,0.13416,0.851424
98.6991,0.000358,0.13416,0.851432
98.7011,0.008932,0.13416,0.85141
98.7031,0.03474,0.13416,0.851427
98.7051,0.004514,0.13416,0.851502
98.7071,0.004514,0.13416,0.851522
98.7087,0.000579,0.13416,0.851455
98.7107,0.000579,0.13416,0.85146
98.7127,0.029147,0.13416,0.851496
98.7147,0.029147,0.13416,0.851485
98.7167,0.000597,0.13416,0.85142
98.7187,0.000597,0.13416,0.851383
98.7207,0.000597,0.13416,0.851443
98.7232,0.000597,0.13416,0.851365
98.7247,0.00036,0.13416,0.851367
98.7267,0.017282,0.13416,0.851451
98.7287,0.021612,0.13416,0.851412
98.7307,0.009415,0.13416,0.851386
98.7327,0.009415,0.13416,0.851431
98.7347,0.009415,0.13416,0.851448
98.7367,0.017634,0.13416,0.851478
98.7387,0.017634,0.13416,0.851463
98.7407,0.004763,0.13416,0.851451
98.7427,0.004763,0.13416,0.851497
98.7447,0.004763,0.13416,0.851439
98.7467,0.004763,0.13416,0.851391
98.7487,0.012896,0.13416,0.851504
98.7507,0.004613,0.13416,0.851429
98.7527,0.004613,0.13416,0.851374
98.7547,0.004613,0.13416,0.851431
98.7572,0.000448,0.13416,0.851429
98.7587,0.005172,0.13416,0.851423
98.7607,0.017563,0.13416,0.851494
98.7627,0.017563,0.13416,0.851452
98.7647,0.017563,0.13416,0.851456
98.7667,0.017563,0.13416,0.8515
98.7687,0.017563,0.13416,0.851487
98.7707,0.004741,0.13416,0.851468
98.7727,0.021726,0.13416,0.85146
98.7747,0.004214,0.13416,0.8514
98.7767,0.004214,0.13416,0.851436
98.7787,0.026632,0.13416,0.851408
98.7807,0.026632,0.13416,0.851492
98.7827,0.026632,0.13416,0.851423
98.7847,0.017397,0.13416,0.851488
98.7867,0.017397,0.13416,0.851521
98.7887,0.017397,0.13416,0.851396
98.7912,0.017397,0.13416,0.85147
98.7927,0.000367,0.13416,0.851448
98.7942,0.017517,0.13416,0.851469
98.7962,0.017524,0.13416,0.851449
98.7982,0.017524,0.13416,0.851485
98.8002,0.001,0.13416,0.851464
98.8016,0.026277,0.13416,0.851475
98.8037,0.026277,0.13416,0.851397
98.8057,0.000835,0.13416,0.851404
98.8077,0.000835,0.13416,0.851441
98.8096,0.000255,0.13416,0.851494
98.8112,0.000255,0.13416,0.851458
98.8132,0.000255,0.13416,0.851478
98.8152,0.000255,0.13416,0.851364
98.8172,0.000255,0.13416,0.851472
98.8192,0.005169,0.13416,0.851409
98.8212,0.018196,0.13416,0.851462
98.8232,0.021792,0.13416,0.851457
98.8256,0.013271,0.13416,0.851521
98.8278,0.013271,0.13416,0.851502
98.8292,0.009231,0.13416,0.851454
98.8312,0.009231,0.13416,0.851409
98.8332,0.009231,0.13416,0.851499
98.8352,0.000501,0.13416,0.851415
98.8372,0.034224,0.13416,0.851502
98.8392,0.000711,0.13416,0.851459
98.8412,0.000711,0.13416,0.851494
98.8432,0.018029,0.13416,0.851396
98.8452,0.018029,0.13416,0.851422
98.8472,0.017757,0.13416,0.851498
98.8492,0.017757,0.13416,0.851462
98.8512,0.017757,0.13416,0.851458
98.8532,0.005121,0.13416,0.851513
98.8552,0.025995,0.13416,0.851435
98.8568,0.012883,0.13416,0.851453
98.8588,0.008993,0.13416,0.851453
98.8608,0.008993,0.13416,0.851571
98.8628,0.008993,0.13416,0.851453
98.8648,0.008993,0.13416,0.851484
98.8668,0.008993,0.13416,0.851499
98.8682,0.008993,0.13416,0.851453
98.8702,0.026483,0.13416,0.851452
98.8718,0.026483,0.13416,0.851446
98.8736,0.012346,0.13416,0.85143
98.8758,0.012346,0.13416,0.851416
98.8778,0.012346,0.13416,0.851504
98.8792,0.005124,0.13416,0.851443
98.8812,0.005124,0.13416,0.85147
98.8832,0.008747,0.13416,0.851381
98.8852,0.000998,0.13416,0.851443
98.8872,0.013126,0.13416,0.851455
98.8888,0.001163,0.13416,0.851441
98.8908,0.001163,0.13416,0.851432
98.8928,0.026235,0.13416,0.851409
98.8948,0.006252,0.13416,0.851526
98.8968,0.009869,0.13416,0.851433
98.8988,0.017472,0.13416,0.851411
98.9008,0.017472,0.13416,0.851503
98.9022,0.017312,0.13416,0.851458
98.9038,0.017312,0.13416,0.851465
98.9056,0.017312,0.13416,0.851454
98.9072,0.009038,0.13416,0.851476
98.9092,0.009038,0.13416,0.851401
98.9112,0.009038,0.13416,0.85142
98.9132,0.009038,0.13416,0.851445
98.9148,0.009038,0.13416,0.851456
98.9168,0.009038,0.13416,0.851397
98.9188,0.009038,0.13416,0.851548
98.9208,0.009269,0.13416,0.851432
98.9232,0.009617,0.13416,0.851433
98.9248,0.000717,0.13416,0.851453
98.9268,0.000717,0.13416,0.851416
98.9282,0.004886,0.13416,0.851448
98.9296,0.021552,0.13416,0.851423
98.9312,0.021552,0.13416,0.851481
98.9328,0.021552,0.13416,0.851461
98.9348,0.021552,0.13416,0.851449
98.9368,0.008923,0.13416,0.851426
98.9382,0.008923,0.13416,0.851439
98.9402,0.008923,0.13416,0.85143
98.9418,0.008923,0.13416,0.851394
98.9438,0.000654,0.13416,0.851487
98.9456,0.009064,0.13416,0.851518
98.9472,0.009064,0.13416,0.851476
98.9488,0.005191,0.13416,0.851458
98.9502,0.008972,0.13416,0.851452
98.9522,0.026291,0.13416,0.851457
98.9536,0.026291,0.13416,0.851403
98.9558,0.026291,0.13416,0.851452
98.9572,0.001123,0.13416,0.851461
98.9588,0.030152,0.13416,0.851416
98.9602,0.018736,0.13416,0.85145
98.9616,0.008803,0.13416,0.851497
98.9632,0.000491,0.13416,0.851489
98.9648,0.000491,0.13416,0.851344
98.9662,0.02252,0.13416,0.851456
98.9678,0.02252,0.13416,0.851436
98.9692,0.02252,0.13416,0.851437
98.9712,0.01359,0.13416,0.851397
98.9728,0.021493,0.13416,0.851421
98.9742,0.021493,0.13416,0.851425
98.9758,0.021493,0.13416,0.851458
98.9772,0.017433,0.13416,0.851473
98.9798,0.017433,0.13416,0.851415
98.9812,0.017433,0.13416,0.851489
98.9828,0.004714,0.13416,0.851461
98.9842,0.00539,0.13416,0.85143
98.9856,0.00539,0.13416,0.851463
98.9872,0.01327,0.13416,0.851493
98.9888,0.01327,0.13416,0.851539
98.9902,0.009178,0.13416,0.851486
98.9918,0.009132,0.13416,0.851556
98.9932,0.009132,0.13416,0.851469
98.9952,0.009178,0.13416,0.851465
98.9968,0.01311,0.13416,0.851413
98.9982,0.01311,0.13416,0.851485
98.9998,0.021989,0.13416,0.851539
99.0012,0.021989,0.13416,0.851412
99.0032,0.021989,0.13416,0.851465
99.0048,0.008143,0.13416,0.851416
99.0068,0.008143,0.13416,0.851511
99.0082,0.008143,0.13416,0.851493
99.0096,0.01777,0.13416,0.851418
99.0112,0.01777,0.13416,0.851438
99.0128,0.017612,0.13416,0.851419
99.0148,0.017612,0.13416,0.851378
99.0168,0.017612,0.13416,0.851443
99.0188,0.00905,0.13416,0.851354
99.0208,0.005183,0.13416,0.85146
99.0222,0.005183,0.13416,0.851434
99.0238,0.002022,0.13416,0.851466
99.0256,0.001131,0.13416,0.851515
99.0272,0.001131,0.13416,0.85147
99.0288,0.001131,0.13416,0.851453
99.0308,0.014109,0.13416,0.851444
99.0328,0.026455,0.13416,0.85148
99.0348,0.026455,0.13416,0.851466
99.0372,0.026455,0.13416,0.85141
99.0388,0.026455,0.13416,0.851529
99.0408,0.009865,0.13416,0.851413
99.0428,0.009865,0.13416,0.851438
99.0448,0.009336,0.13416,0.851489
99.0468,0.009336,0.13416,0.851429
99.0488,0.009336,0.13416,0.851408
99.0508,0.026592,0.13416,0.851455
99.0528,0.001732,0.13416,0.851513
99.0548,0.005488,0.13416,0.85141
99.0568,0.022451,0.13416,0.851383
99.0588,0.013359,0.13416,0.8515
99.0608,0.013359,0.13416,0.85147
99.0628,0.001183,0.13416,0.851386
99.0642,0.017849,0.13416,0.851442
99.0656,0.017849,0.13416,0.851459
99.0672,0.017849,0.13416,0.851442
99.0688,0.018642,0.13416,0.851451
99.0708,0.018642,0.13416,0.851462
99.0728,0.018642,0.13416,0.851465
99.0742,0.0098,0.13416,0.851457
99.0758,0.031225,0.13416,0.851448
99.0778,0.000977,0.13416,0.851472
99.0798,0.000977,0.13416,0.851441
99.0816,0.000977,0.13416,0.851456
99.0832,0.01813,0.13416,0.851525
99.0848,0.005127,0.13416,0.851413
99.0862,0.005127,0.13416,0.851449
99.0878,0.005127,0.13416,0.851462
99.0892,0.005127,0.13416,0.851461
99.0908,0.005127,0.13416,0.851431
99.0928,0.005127,0.13416,0.851472
99.0948,0.022305,0.13416,0.851417
99.0968,0.005343,0.13416,0.851496
99.0988,0.005343,0.13416,0.851371
99.1012,0.005343,0.13416,0.851438
99.1028,0.009904,0.13416,0.851462
99.1048,0.009005,0.13416,0.851416
99.1068,0.0179,0.13416,0.851443
99.1088,0.0179,0.13416,0.851353
99.1108,0.0179,0.13416,0.851483
99.1128,0.005476,0.13416,0.851495
99.1148,0.005476,0.13416,0.85148
99.1168,0.018479,0.13416,0.851512
99.1182,0.006248,0.13416,0.851463
99.1198,0.006248,0.13416,0.85155
99.1216,0.017935,0.13416,0.851478
99.1232,0.017935,0.13416,0.851523
99.1248,0.017935,0.13416,0.851463
99.1268,0.013594,0.13416,0.851444
99.1288,0.013594,0.13416,0.851432
99.1308,0.034955,0.13416,0.851451
99.1332,0.034955,0.13416,0.851509
99.1348,0.001156,0.13416,0.85152
99.1368,0.013345,0.13416,0.851487
99.1388,0.001129,0.13416,0.851547
99.1402,0.000916,0.13416,0.85148
99.1422,0.039418,0.13416,0.851417
99.1442,0.005329,0.13416,0.851421
99.1456,0.026197,0.13416,0.851435
99.1478,0.026197,0.13416,0.851427
99.1498,0.026197,0.13416,0.851541
99.1518,0.017519,0.13416,0.851473
99.1532,0.017519,0.13416,0.851466
99.1548,0.017519,0.13416,0.851415
99.1568,0.013927,0.13416,0.851428
99.1588,0.026327,0.13416,0.851466
99.1608,0.000601,0.13416,0.851375
99.1628,0.000601,0.13416,0.851448
99.1652,0.000601,0.13416,0.851525
99.1668,0.000601,0.13416,0.851415
99.1688,0.021802,0.13416,0.851419
99.1702,0.021802,0.13416,0.851474
99.1718,0.021802,0.13416,0.851476
99.1732,0.008869,0.13416,0.85147
99.1752,0.008869,0.13416,0.851394
99.1768,0.000156,0.13416,0.851414
99.1782,0.000156,0.13416,0.851528
99.1802,0.000156,0.13416,0.851536
99.1822,0.000156,0.13416,0.85137
99.1838,0.000156,0.13416,0.85143
99.1856,0.013183,0.13416,0.851412
99.1872,0.013183,0.13416,0.851485
99.1888,0.02187,0.13416,0.851432
99.1908,0.000972,0.13416,0.851461
99.1928,0.000972,0.13416,0.851455
99.1948,0.001474,0.13416,0.851428
99.1968,0.001474,0.13416,0.851416
99.1988,0.009017,0.13416,0.851453
99.2008,0.021672,0.13416,0.85145
99.2022,0.018067,0.13416,0.851506
99.2038,0.009265,0.13416,0.851354
99.2058,0.004945,0.13416,0.851466
99.2078,0.017341,0.13416,0.851399
99.2096,0.02579,0.13416,0.851473
99.2112,0.018432,0.13416,0.851488
99.2128,0.018432,0.13416,0.851457
99.2148,0.021956,0.13416,0.851448
99.2168,0.004348,0.13416,0.851405
99.2188,0.026431,0.13416,0.851387
99.2208,0.026431,0.13416,0.851433
99.2228,0.026431,0.13416,0.851421
99.2248,0.026431,0.13416,0.851422
99.2268,0.026431,0.13416,0.851502
99.2288,0.026619,0.13416,0.851377
99.2308,0.013231,0.13416,0.851465
99.2328,0.01773,0.13416,0.851503
99.2348,0.021729,0.13416,0.851401
99.2368,0.021729,0.13416,0.851437
99.2388,0.021729,0.13416,0.851392
99.2402,0.021729,0.13416,0.851451
99.2417,0.00077,0.13416,0.85156
99.2432,0.017603,0.13416,0.85146
99.2452,0.017603,0.13416,0.851437
99.2472,0.017603,0.13416,0.851529
99.2492,0.001339,0.13416,0.851516
99.2508,0.001002,0.13416,0.851433
99.2528,0.001002,0.13416,0.851452
99.2548,0.026301,0.13416,0.851583
99.2568,0.000437,0.13416,0.851454
99.2588,0.000437,0.13416,0.851392
99.2608,0.000437,0.13416,0.8515
99.2628,0.005084,0.13416,0.851417
99.2648,0.017561,0.13416,0.851533
99.2668,0.013129,0.13416,0.851407
99.2688,0.013129,0.13416,0.851525
99.2708,0.013129,0.13416,0.851479
99.2728,0.009012,0.13416,0.851431
99.2748,0.017611,0.13416,0.851396
99.2768,0.017611,0.13416,0.851373
99.2788,0.000696,0.13416,0.851408
99.2808,0.000696,0.13416,0.851531
99.2828,0.00971,0.13416,0.851458
99.2848,0.00971,0.13416,0.85142
99.2868,0.00971,0.13416,0.851499
99.2888,0.00971,0.13416,0.851402
99.2908,0.00971,0.13416,0.85142
99.2932,0.009714,0.13416,0.851381
99.2948,0.009124,0.13416,0.851466
99.2962,0.021737,0.13416,0.851496
99.2977,0.025282,0.13416,0.851488
99.2992,0.025282,0.13416,0.851416
99.3012,0.035367,0.13416,0.851503
99.3028,0.004762,0.13416,0.851506
99.3048,0.013083,0.13416,0.851387
99.3068,0.013083,0.13416,0.851407
99.3088,0.013083,0.13416,0.85149
99.3102,0.021813,0.13416,0.851444
99.3118,0.017333,0.13416,0.851457
99.3137,0.017435,0.13416,0.85144
99.3152,0.026673,0.13416,0.851476
99.3168,0.004698,0.13416,0.851414
99.3188,0.017123,0.13416,0.851424
99.3202,0.017472,0.13416,0.851432
99.3228,0.0268,0.13416,0.851483
99.3248,0.0268,0.13416,0.851443
99.3268,0.00075,0.13416,0.851463
99.3288,0.013103,0.13416,0.851428
99.3308,0.017232,0.13416,0.85151
99.3328,0.017232,0.13416,0.851417
99.3348,0.017232,0.13416,0.851455
99.3368,0.017232,0.13416,0.851405
99.3388,0.017232,0.13416,0.851426
99.3408,0.013539,0.13416,0.851432
99.3428,0.017252,0.13416,0.851466
99.3448,0.030353,0.13416,0.851526
99.3468,0.000152,0.13416,0.851442
99.3488,0.000152,0.13416,0.851391
99.3508,0.000152,0.13416,0.85144
99.3528,0.000152,0.13416,0.851396
99.3548,0.00096,0.13416,0.851422
99.3572,0.00096,0.13416,0.851499
99.3588,0.025415,0.13416,0.85149
99.3608,0.025415,0.13416,0.851393
99.3628,0.00089,0.13416,0.851464
99.3648,0.00089,0.13416,0.851449
99.3668,0.00089,0.13416,0.851438
99.3688,0.000428,0.13416,0.851501
99.3708,0.000428,0.13416,0.851416
99.3728,0.021793,0.13416,0.851415
99.3748,0.017735,0.13416,0.851454
99.3768,0.017735,0.13416,0.851458
99.3788,0.017372,0.13416,0.851506
99.3808,0.017372,0.13416,0.851341
99.3828,0.008956,0.13416,0.851458
99.3848,0.017199,0.13416,0.85142
99.3868,0.018435,0.13416,0.851462
99.3888,0.018435,0.13416,0.851487
99.3908,0.018435,0.13416,0.851484
99.3928,0.017017,0.13416,0.85141
99.3948,0.017017,0.13416,0.851458
99.3968,0.000593,0.13416,0.85149
99.3988,0.000593,0.13416,0.851399
99.4008,0.000593,0.13416,0.851501
99.4028,0.021515,0.13416,0.851422
99.4048,0.008782,0.13416,0.851411
99.4068,0.025064,0.13416,0.851479
99.4089,0.004481,0.13416,0.851388
99.4109,0.004481,0.13416,0.851425
99.4129,0.009695,0.13416,0.851473
99.4149,0.009695,0.13416,0.851421
99.4169,0.013369,0.13416,0.851448
99.4189,0.013369,0.13416,0.851459
99.4208,0.013369,0.13416,0.85147
99.4229,0.013369,0.13416,0.851493
99.4248,0.013369,0.13416,0.851484
99.4273,0.026018,0.13416,0.851449
99.4288,0.017102,0.13416,0.851412
99.4308,0.033641,0.13416,0.851457
99.4328,0.033641,0.13416,0.851485
99.4348,0.008769,0.13416,0.851364
99.4368,0.008769,0.13416,0.851447
99.4388,0.008769,0.13416,0.85141
99.4408,0.017663,0.13416,0.851495
99.4428,0.017663,0.13416,0.851419
99.4448,0.017663,0.13416,0.851443
99.4468,0.017663,0.13416,0.851441
99.4488,0.017663,0.13416,0.851416
99.4508,0.017663,0.13416,0.851507
99.4528,0.01661,0.13416,0.851457
99.4548,0.000266,0.13416,0.851433
99.4568,0.000266,0.13416,0.851385
99.4588,0.017433,0.13416,0.851491
99.4613,0.009253,0.13416,0.85145
99.4628,0.025548,0.13416,0.851458
99.4648,0.025548,0.13416,0.851417
99.4668,0.004392,0.13416,0.85145
99.4688,0.004392,0.13416,0.851445
99.4708,0.004686,0.13416,0.851454
99.4728,0.033647,0.13416,0.851457
99.4748,0.033647,0.13416,0.85139
99.4768,0.033647,0.13416,0.851495
99.4788,0.033647,0.13416,0.851471
99.4808,0.012154,0.13416,0.851525
99.4828,0.012154,0.13416,0.851454
99.4848,0.012154,0.13416,0.851455
99.4868,0.017467,0.13416,0.851414
99.4888,0.017467,0.13416,0.851424
99.4908,0.000816,0.13416,0.851459
99.4928,0.000816,0.13416,0.851418
99.4953,0.000296,0.13416,0.851485
99.4969,0.018105,0.13416,0.851507
99.4989,0.018105,0.13416,0.851446
99.5009,0.025581,0.13416,0.851473
99.5029,0.025581,0.13416,0.851449
99.5048,0.025581,0.13416,0.851513
99.5069,0.021624,0.13416,0.851544
99.5089,0.021624,0.13416,0.851482
99.5109,0.021624,0.13416,0.85145
99.5128,0.017278,0.13416,0.851399
99.5149,0.017278,0.13416,0.851421
99.5169,0.017278,0.13416,0.851465
99.5189,0.017278,0.13416,0.851377
99.5209,0.017278,0.13416,0.851471
99.5229,0.013303,0.13416,0.851421
99.5249,0.004182,0.13416,0.851411
99.5269,0.004182,0.13416,0.851431
99.5293,0.004182,0.13416,0.851458
99.5319,0.004182,0.13416,0.851436
99.5339,0.021394,0.13416,0.851427
99.5359,0.008615,0.13416,0.851526
99.5377,0.008615,0.13416,0.851437
99.5393,0.008615,0.13416,0.851424
99.5409,0.021517,0.13416,0.851516
99.5429,0.024843,0.13416,0.851488
99.5449,0.024843,0.13416,0.851407
99.5469,0.008286,0.13416,0.851439
99.5489,0.008286,0.13416,0.851438
99.5509,0.008798,0.13416,0.85146
99.5529,0.021488,0.13416,0.851456
99.5549,0.00069,0.13416,0.851473
99.5569,0.00069,0.13416,0.851383
99.5589,0.004688,0.13416,0.851467
99.5609,0.042893,0.13416,0.85144
99.5629,0.042893,0.13416,0.851447
99.5649,0.042893,0.13416,0.851446
99.5669,0.042893,0.13416,0.851478
99.5689,0.021028,0.13416,0.851499
99.5709,0.021028,0.13416,0.851489
99.5729,0.021028,0.13416,0.851418
99.5749,0.021028,0.13416,0.851498
99.5769,0.0083,0.13416,0.851496
99.5789,0.0083,0.13416,0.851396
99.5803,0.008304,0.13416,0.851435
99.5823,0.038569,0.13416,0.851368
99.5843,0.038569,0.13416,0.85139
99.5863,0.038569,0.13416,0.851502
99.5883,0.038569,0.13416,0.851505
99.5903,0.000476,0.13416,0.851459
99.5919,0.000476,0.13416,0.851498
99.5937,0.000476,0.13416,0.851438
99.5959,0.012716,0.13416,0.851427
99.5973,0.000488,0.13416,0.851441
99.5989,0.000565,0.13416,0.851467
99.6009,0.008863,0.13416,0.851451
99.6029,0.008863,0.13416,0.851376
99.6049,0.003979,0.13416,0.851435
99.6063,0.021638,0.13416,0.851447
99.6083,0.021638,0.13416,0.851463
99.6097,0.021638,0.13416,0.851465
99.6119,0.021638,0.13416,0.851471
99.6139,0.000624,0.13416,0.85139
99.6159,0.017259,0.13416,0.851499
99.6177,0.017407,0.13416,0.851431
99.6199,0.017407,0.13416,0.851461
99.6219,0.017407,0.13416,0.85148
99.6239,0.017407,0.13416,0.851493
99.6257,0.017369,0.13416,0.851415
99.6279,0.017369,0.13416,0.851435
99.6299,0.017369,0.13416,0.851425
99.6319,0.000145,0.13416,0.851514
99.6337,0.008998,0.13416,0.851427
99.6359,0.004338,0.13416,0.851442
99.6379,0.039407,0.13416,0.851469
99.6399,0.000687,0.13416,0.851378
99.6413,0.000687,0.13416,0.851424
99.6429,0.034207,0.13416,0.851429
99.6443,0.034207,0.13416,0.851435
99.6463,0.03452,0.13416,0.851391
99.6479,0.02173,0.13416,0.851459
99.6497,0.012642,0.13416,0.85145
99.6519,0.012642,0.13416,0.851441
99.6539,0.000447,0.13416,0.851472
99.6559,0.000447,0.13416,0.851431
99.6577,0.004581,0.13416,0.851469
99.6599,0.004581,0.13416,0.851448
99.6619,0.005804,0.13416,0.851532
99.6639,0.005804,0.13416,0.851507
99.6657,0.008458,0.13416,0.851464
99.6679,0.021726,0.13416,0.851475
99.6693,0.021726,0.13416,0.851465
99.6709,0.021687,0.13416,0.851459
99.6729,0.016789,0.13416,0.851458
99.6743,0.008961,0.13416,0.851452
99.6763,0.008961,0.13416,0.851484
99.6783,0.008961,0.13416,0.851468
99.6803,0.008961,0.13416,0.851453
99.6823,0.012593,0.13416,0.851396
99.6843,0.01749,0.13416,0.851445
99.6863,0.01749,0.13416,0.851406
99.6879,0.008977,0.13416,0.851433
99.6897,0.008977,0.13416,0.851485
99.6923,0.00592,0.13416,0.851442
99.6943,0.008678,0.13416,0.8514
99.6959,0.004868,0.13416,0.851433
99.6977,0.025527,0.13416,0.851421
99.6999,0.021628,0.13416,0.851431
99.7013,0.021628,0.13416,0.851439
99.7029,0.009422,0.13416,0.851458
99.7049,0.025606,0.13416,0.851389
99.7069,0.025606,0.13416,0.851435
99.7089,0.025606,0.13416,0.851461
99.7109,0.025606,0.13416,0.851506
99.7129,0.025606,0.13416,0.851481
99.7143,0.021635,0.13416,0.85142
99.7159,0.021635,0.13416,0.851428
99.7179,0.021635,0.13416,0.851388
99.7199,0.021635,0.13416,0.851459
99.7217,0.02586,0.13416,0.851453
99.7239,0.000118,0.13416,0.85139
99.7263,0.000118,0.13416,0.851475
99.7279,0.000118,0.13416,0.851417
99.7297,0.000118,0.13416,0.851478
99.7313,0.025879,0.13416,0.851396
99.7329,0.025879,0.13416,0.851428
99.7349,0.000158,0.13416,0.851474
99.7363,0.026007,0.13416,0.851494
99.7377,0.026007,0.13416,0.851482
99.7393,0.000678,0.13416,0.851349
99.7409,0.004049,0.13416,0.851491
99.7423,0.004049,0.13416,0.851479
99.7439,0.004049,0.13416,0.851375
99.7453,0.021733,0.13416,0.851386
99.7473,0.008932,0.13416,0.851472
99.7489,0.008932,0.13416,0.851475
99.7503,0.008932,0.13416,0.851421
99.7519,0.012758,0.13416,0.85143
99.7537,0.025848,0.13416,0.851442
99.7553,0.025848,0.13416,0.851442
99.7569,0.025848,0.13416,0.85136
99.7583,0.008342,0.13416,0.851418
99.7599,0.008342,0.13416,0.851477
99.7613,0.000516,0.13416,0.851489
99.7633,0.004393,0.13416,0.851436
99.7649,0.029758,0.13416,0.851438
99.7669,0.03005,0.13416,0.8515
99.7683,0.03005,0.13416,0.851497
99.7697,0.004329,0.13416,0.851391
99.7713,0.021323,0.13416,0.85148
99.7729,0.021323,0.13416,0.851446
99.7743,0.00499,0.13416,0.851458
99.7759,0.02526,0.13416,0.851398
99.7777,0.021266,0.13416,0.851459
99.7793,0.021266,0.13416,0.851501
99.7813,0.021266,0.13416,0.851418
99.7829,0.021266,0.13416,0.851396
99.7849,0.021266,0.13416,0.851472
99.7869,0.021266,0.13416,0.851358
99.7889,0.021932,0.13416,0.851429
99.7909,0.008478,0.13416,0.851413
99.7923,0.008478,0.13416,0.851435
99.7937,0.008665,0.13416,0.851454
99.7953,0.008665,0.13416,0.851468
99.7969,0.008665,0.13416,0.851476
99.7983,0.008464,0.13416,0.851439
99.7999,0.026556,0.13416,0.851474
99.8017,0.026556,0.13416,0.851478
99.8033,0.00068,0.13416,0.851413
99.8049,0.016876,0.13416,0.851525
99.8069,0.017003,0.13416,0.851457
99.8089,0.03361,0.13416,0.851415
99.8109,0.03361,0.13416,0.85136
99.8129,0.03361,0.13416,0.851467
99.8149,0.03361,0.13416,0.851521
99.8169,0.03361,0.13416,0.851449
99.8183,0.004484,0.13416,0.851485
99.8203,0.021582,0.13416,0.851389
99.8219,0.021582,0.13416,0.851453
99.8239,0.021582,0.13416,0.851441
99.8257,0.021582,0.13416,0.85143
99.8273,0.020887,0.13416,0.851407
99.8289,0.020887,0.13416,0.851468
99.8303,0.020887,0.13416,0.851453
99.8319,0.025124,0.13416,0.851403
99.8337,0.008161,0.13416,0.851433
99.8359,0.008161,0.13416,0.851453
99.8379,0.008161,0.13416,0.851451
99.8399,0.008161,0.13416,0.851406
99.8423,0.008161,0.13416,0.851432
99.8439,0.00451,0.13416,0.851445
99.8459,0.016697,0.13416,0.851473
99.8473,0.016697,0.13416,0.851438
99.8489,0.016697,0.13416,0.851495
99.8503,0.016697,0.13416,0.851419
99.8523,0.016697,0.13416,0.851426
99.8539,0.016697,0.13416,0.85146
99.8559,0.016697,0.13416,0.851397
99.8577,0.012949,0.13416,0.851484
99.8593,0.012949,0.13416,0.851368
99.8609,0.012949,0.13416,0.851396
99.8629,0.012949,0.13416,0.851397
99.8649,3.1e-05,0.13416,0.851429
99.8663,3.1e-05,0.13416,0.851412
99.8679,0.02525,0.13416,0.851458
99.8699,0.02525,0.13416,0.851479
99.8723,0.02525,0.13416,0.851414
99.8737,0.02525,0.13416,0.851556
99.8753,0.02525,0.13416,0.851448
99.8769,0.008321,0.13416,0.851448
99.8789,0.008321,0.13416,0.851402
99.8809,0.008321,0.13416,0.851378
99.8829,0.008321,0.13416,0.851471
99.8849,0.025065,0.13416,0.851526
99.8869,0.012505,0.13416,0.851447
99.8889,0.012505,0.13416,0.851447
99.8903,0.004669,0.13416,0.851427
99.8919,0.000282,0.13416,0.851379
99.8939,0.025627,0.13416,0.851492
99.8959,0.016838,0.13416,0.851417
99.8978,0.016838,0.13416,0.851419
99.8993,0.016838,0.13416,0.851437
99.9009,0.016838,0.13416,0.851416
99.9033,0.008566,0.13416,0.851484
99.9049,0.000296,0.13416,0.851508
99.9069,0.000296,0.13416,0.851529
99.9083,0.005094,0.13416,0.851471
99.9099,0.005094,0.13416,0.8515
99.9113,0.005094,0.13416,0.851477
99.9129,0.005094,0.13416,0.851514
99.9149,0.005094,0.13416,0.851518
99.9169,0.025514,0.13416,0.851415
99.9183,0.00417,0.13416,0.851433
99.9199,0.017575,0.13416,0.851458
99.9218,0.016955,0.13416,0.851479
99.9233,0.016955,0.13416,0.851489
99.9249,0.000286,0.13416,0.851416
99.9263,0.012471,0.13416,0.851436
99.9279,0.01244,0.13416,0.851405
99.9293,0.004386,0.13416,0.851421
99.9323,0.004386,0.13416,0.851439
99.9339,0.004386,0.13416,0.851396
99.9359,0.00743,0.13416,0.851493
99.9378,0.012166,0.13416,0.851382
99.9393,0.012166,0.13416,0.851448
99.9409,0.012166,0.13416,0.851428
99.9423,0.012166,0.13416,0.851441
99.9443,0.012166,0.13416,0.851519
99.9458,0.000798,0.13416,0.851498
99.9473,0.000216,0.13416,0.851489
99.9489,0.012767,0.13416,0.851397
99.9503,0.029629,0.13416,0.851443
99.9519,0.034815,0.13416,0.851429
99.9538,0.034815,0.13416,0.851416
99.9553,0.025603,0.13416,0.851481
99.9569,0.005052,0.13416,0.851416
99.9589,0.005052,0.13416,0.851458
99.9613,0.008711,0.13416,0.851496
99.9633,0.008711,0.13416,0.851502
99.9649,0.008711,0.13416,0.851472
99.9669,0.008711,0.13416,0.851515
99.9689,0.0169,0.13416,0.85141
99.9703,0.008193,0.13416,0.851469
99.9719,0.008193,0.13416,0.851451
99.9739,0.017341,0.13416,0.851487
99.9759,0.021035,0.13416,0.851444
99.9773,0.007903,0.13416,0.851452
99.9799,0.016665,0.13416,0.851468
99.9819,0.016665,0.13416,0.851397
99.9839,0.00796,0.13416,0.851509
99.9858,0.021284,0.13416,0.851417
99.9873,0.017106,0.13416,0.851424
99.9889,0.004487,0.13416,0.851454
99.9909,0.020976,0.13416,0.85145
99.9929,0.020976,0.13416,0.851478
99.9949,0.020976,0.13416,0.851448
99.9969,0.020976,0.13416,0.851472
99.9989,0.020976,0.13416,0.851404
100.001,0.008727,0.13416,0.851421
100.003,0.003991,0.13416,0.851473
100.005,0.008174,0.13416,0.851401
100.007,0.00012,0.13416,0.851468
100.009,0.00012,0.13416,0.851417
100.01,0.000136,0.13416,0.851422
100.012,0.000136,0.13416,0.851441
100.014,0.000146,0.13416,0.851575
100.016,0.000146,0.13416,0.851384
100.018,0.000146,0.13416,0.851477
100.019,0.000146,0.13416,0.851553
100.021,0.000146,0.13416,0.851417
100.023,0.000146,0.13416,0.851436
100.025,8.6e-05,0.13416,0.851382
100.027,8.6e-05,0.13416,0.851475
100.028,8.6e-05,0.13416,0.851459
100.03,0.004315,0.13416,0.851478
100.032,0.004315,0.13416,0.851445
100.034,0.004315,0.13416,0.851402
100.035,0.004315,0.13416,0.851444
100.037,0.016781,0.13416,0.851477
100.039,0.016781,0.13416,0.851473
100.041,0.016781,0.13416,0.851484
100.043,0.016781,0.13416,0.851516
100.044,0.016781,0.13416,0.85146
100.046,0.016781,0.13416,0.851478
100.048,0.016781,0.13416,0.851455
100.05,0.016781,0.13416,0.851494
100.051,0.016781,0.13416,0.851476
100.053,0.016781,0.13416,0.851395
100.055,0.016781,0.13416,0.851396
100.057,0.016781,0.13416,0.851539
100.059,0.016781,0.13416,0.851429
100.061,0.025581,0.13416,0.851492
100.063,0.025526,0.13416,0.851428
100.065,0.025526,0.13416,0.851428
100.066,0.012625,0.13416,0.851431
100.068,0.025578,0.13416,0.851449
100.07,0.012463,0.13416,0.85144
100.072,0.01663,0.13416,0.851512
100.074,0.008101,0.13416,0.851458
100.076,0.008101,0.13416,0.851452
100.078,0.008101,0.13416,0.851507
100.08,5.6e-05,0.13416,0.851495
100.082,5.6e-05,0.13416,0.851474
100.083,5.6e-05,0.13416,0.851431
100.085,5.6e-05,0.13416,0.851418
100.087,5.6e-05,0.13416,0.851478
100.089,5.6e-05,0.13416,0.851446
100.091,0.008887,0.13416,0.851418
100.093,0.008887,0.13416,0.851468
100.095,0.004608,0.13416,0.851431
100.097,0.000155,0.13416,0.851435
100.099,0.000155,0.13416,0.851388
100.101,0.012374,0.13416,0.851415
100.103,0.012374,0.13416,0.851445
100.105,0.012374,0.13416,0.851436
100.107,0.000527,0.13416,0.851428
100.109,0.004716,0.13416,0.851463
100.111,0.021604,0.13416,0.851375
100.113,0.020793,0.13416,0.851498
100.114,0.018045,0.13416,0.851446
100.116,0.009205,0.13416,0.851442
100.118,0.021221,0.13416,0.851435
100.12,0.017029,0.13416,0.851542
100.122,0.017029,0.13416,0.851494
100.123,0.017029,0.13416,0.851396
100.125,0.017029,0.13416,0.851396
100.127,0.017029,0.13416,0.851443
100.129,0.017029,0.13416,0.851431
100.131,0.017029,0.13416,0.851447
100.133,0.017029,0.13416,0.851453
100.135,0.018607,0.13416,0.851452
100.137,0.017501,0.13416,0.851402
100.139,0.034594,0.13416,0.851423
100.141,0.034594,0.13416,0.851445
100.143,0.034594,0.13416,0.851465
100.145,0.034594,0.13416,0.85148
100.147,0.034594,0.13416,0.851432
100.149,0.017388,0.13416,0.851454
100.151,0.021642,0.13416,0.851469
100.153,0.021642,0.13416,0.85148
100.156,0.021642,0.13416,0.851515
100.158,0.026907,0.13416,0.851368
100.16,0.026907,0.13416,0.8514
100.162,0.026907,0.13416,0.851534
100.163,0.026907,0.13416,0.851408
100.165,0.026907,0.13416,0.851538
100.167,0.026907,0.13416,0.851436
100.169,0.026907,0.13416,0.851463
100.171,0.012827,0.13416,0.851492
100.173,0.017685,0.13416,0.851455
100.175,0.0218,0.13416,0.851479
100.177,0.008439,0.13416,0.8514
100.179,0.008439,0.13416,0.851467
100.181,0.000905,0.13416,0.85147
100.183,0.000905,0.13416,0.851458
100.185,0.000905,0.13416,0.851392
100.187,0.000905,0.13416,0.851474
100.189,0.000905,0.13416,0.851414
100.191,0.005052,0.13416,0.851436
100.193,0.005052,0.13416,0.851449
100.195,0.008583,0.13416,0.851498
100.197,0.008583,0.13416,0.851512
100.199,0.017683,0.13416,0.851467
100.201,0.017576,0.13416,0.851483
100.203,0.005842,0.13416,0.85146
100.205,0.005842,0.13416,0.851422
100.207,0.005842,0.13416,0.851486
100.209,0.017549,0.13416,0.851403
100.211,0.017549,0.13416,0.851354
100.213,0.026158,0.13416,0.851467
100.215,0.026158,0.13416,0.851392
100.217,0.026158,0.13416,0.851483
100.219,0.017328,0.13416,0.851417
100.221,0.017328,0.13416,0.851457
100.223,0.026223,0.13416,0.851502
100.225,0.018042,0.13416,0.851483
100.227,0.000899,0.13416,0.85137
100.229,0.000899,0.13416,0.851473
100.231,0.000899,0.13416,0.85146
100.233,0.010049,0.13416,0.851415
100.235,0.010049,0.13416,0.851556
100.237,0.053357,0.13416,0.851396
100.239,0.018419,0.13416,0.85146
100.241,0.018419,0.13416,0.851443
100.243,0.013216,0.13416,0.851471
100.245,0.013216,0.13416,0.85151
100.247,0.013216,0.13416,0.851482
100.249,0.013216,0.13416,0.851459
100.251,0.013216,0.13416,0.851552
100.253,0.017939,0.13416,0.851458
100.255,0.017939,0.13416,0.851427
100.257,0.017939,0.13416,0.85146
100.259,0.008944,0.13416,0.851476
100.261,0.008944,0.13416,0.851437
100.263,0.022103,0.13416,0.851447
100.265,0.022103,0.13416,0.851486
100.267,0.005298,0.13416,0.851451
100.269,0.018837,0.13416,0.851427
100.271,0.018837,0.13416,0.851446
100.273,0.001088,0.13416,0.851555
100.275,0.001088,0.13416,0.85142
100.277,0.001088,0.13416,0.851502
100.279,0.001088,0.13416,0.851384
100.281,0.00112,0.13416,0.851473
100.283,0.013348,0.13416,0.851459
100.285,0.00948,0.13416,0.851421
100.287,0.00454,0.13416,0.85144
100.289,0.009228,0.13416,0.851442
100.291,0.009228,0.13416,0.851433
100.293,0.009228,0.13416,0.851478
100.295,0.009228,0.13416,0.851428
100.297,0.000991,0.13416,0.851458
100.299,0.022295,0.13416,0.851443
100.301,0.022295,0.13416,0.851436
100.303,0.017337,0.13416,0.851525
100.305,0.009583,0.13416,0.851458
100.307,0.009583,0.13416,0.85146
100.309,0.009583,0.13416,0.851465
100.311,0.009583,0.13416,0.851479
100.313,0.001374,0.13416,0.851426
100.315,0.001374,0.13416,0.851485
100.317,0.035982,0.13416,0.851457
100.319,0.035982,0.13416,0.851466
100.321,0.035982,0.13416,0.851395
100.323,0.034571,0.13416,0.851466
100.325,0.00517,0.13416,0.851493
100.327,0.00517,0.13416,0.851433
100.329,0.00517,0.13416,0.851381
100.331,0.00517,0.13416,0.851486
100.333,0.000666,0.13416,0.851454
100.335,0.01345,0.13416,0.851424
100.337,0.01345,0.13416,0.851514
100.339,0.01345,0.13416,0.851424
100.341,0.01345,0.13416,0.851476
100.343,0.01345,0.13416,0.85147
100.345,0.009954,0.13416,0.851469
100.347,0.009102,0.13416,0.851376
100.349,0.009102,0.13416,0.851458
100.351,0.03588,0.13416,0.851414
100.353,0.03588,0.13416,0.851484
100.355,0.001244,0.13416,0.851474
100.356,0.021959,0.13416,0.851456
100.359,0.009261,0.13416,0.851505
100.361,0.009261,0.13416,0.851491
100.363,0.009261,0.13416,0.851435
100.365,0.000394,0.13416,0.851445
100.367,0.008792,0.13416,0.851407
100.368,0.00934,0.13416,0.851413
100.37,0.022162,0.13416,0.851504
100.372,0.017475,0.13416,0.851441
100.374,0.009268,0.13416,0.851432
100.376,0.009268,0.13416,0.851499
100.378,0.009268,0.13416,0.851521
100.379,0.009268,0.13416,0.85145
100.381,0.009268,0.13416,0.85148
100.383,0.005036,0.13416,0.851465
100.385,0.017591,0.13416,0.851505
100.387,0.013311,0.13416,0.851481
100.389,0.013311,0.13416,0.851449
100.391,0.013311,0.13416,0.851434
100.394,0.000816,0.13416,0.851462
100.395,0.000816,0.13416,0.851454
100.397,0.000816,0.13416,0.851498
100.399,0.000816,0.13416,0.851418
100.401,0.009355,0.13416,0.851396
100.403,0.012948,0.13416,0.851483
100.405,0.025912,0.13416,0.851498
100.407,0.02633,0.13416,0.851445
100.409,0.02633,0.13416,0.851432
100.411,0.02633,0.13416,0.851436
100.413,0.02633,0.13416,0.851451
100.414,0.021742,0.13416,0.851469
100.416,0.009036,0.13416,0.851429
100.418,0.009036,0.13416,0.851435
100.42,0.009036,0.13416,0.851415
100.422,0.009036,0.13416,0.851471
100.424,0.009036,0.13416,0.85142
100.426,0.005906,0.13416,0.851507
100.428,0.005906,0.13416,0.851499
100.43,0.005906,0.13416,0.851443
100.432,0.005906,0.13416,0.851547
100.434,0.014337,0.13416,0.85143
100.435,0.000604,0.13416,0.851452
100.437,0.000604,0.13416,0.851467
100.439,0.004507,0.13416,0.85148
100.441,0.0173,0.13416,0.851485
100.443,0.012854,0.13416,0.851469
100.445,0.017008,0.13416,0.851501
100.447,0.017008,0.13416,0.851436
100.449,0.017008,0.13416,0.851472
100.451,0.017008,0.13416,0.851432
100.452,0.035445,0.13416,0.851454
100.454,0.01828,0.13416,0.851409
100.456,0.042995,0.13416,0.851388
100.458,0.042995,0.13416,0.851477
100.46,0.042995,0.13416,0.851467
100.462,0.042995,0.13416,0.851529
100.463,0.042995,0.13416,0.851473
100.465,0.042995,0.13416,0.851422
100.467,0.042995,0.13416,0.851418
100.469,0.042995,0.13416,0.851438
100.471,0.042995,0.13416,0.851407
100.473,0.042995,0.13416,0.851441
100.474,0.008565,0.13416,0.851473
100.476,0.008565,0.13416,0.851394
100.478,0.008565,0.13416,0.851475
100.48,0.008565,0.13416,0.851496
100.482,0.008565,0.13416,0.851454
100.483,0.009521,0.13416,0.851462
100.485,0.009521,0.13416,0.851471
100.486,0.009521,0.13416,0.851466
100.488,0.009521,0.13416,0.851469
100.49,0.009521,0.13416,0.851504
100.492,0.000507,0.13416,0.851419
100.493,0.000507,0.13416,0.851471
100.495,0.000507,0.13416,0.851468
100.497,0.000232,0.13416,0.851417
100.498,0.000232,0.13416,0.85144
100.5,0.000232,0.13416,0.851394
100.502,0.000232,0.13416,0.851473
100.504,0.000232,0.13416,0.851497
100.506,0.00044,0.13416,0.851412
100.507,0.000471,0.13416,0.851477
100.509,0.000471,0.13416,0.851442
100.511,0.000471,0.13416,0.851438
100.512,0.000471,0.13416,0.851481
100.514,0.000471,0.13416,0.851458
100.515,0.000471,0.13416,0.851572
100.517,0.000471,0.13416,0.85141
100.519,0.001044,0.13416,0.851421
100.52,0.000223,0.13416,0.851417
100.522,0.025666,0.13416,0.85145
100.524,0.009378,0.13416,0.851413
100.525,0.022183,0.13416,0.851495
100.527,0.022183,0.13416,0.851397
100.528,0.022183,0.13416,0.851446
100.53,0.022183,0.13416,0.851473
100.531,0.00115,0.13416,0.85145
100.533,0.000272,0.13416,0.851482
100.535,0.005639,0.13416,0.851405
100.536,0.005639,0.13416,0.851492
100.538,0.008567,0.13416,0.851512
100.539,0.017174,0.13416,0.851503
100.541,0.012746,0.13416,0.851425
100.542,0.00483,0.13416,0.851434
100.544,0.025626,0.13416,0.851499
100.546,0.008577,0.13416,0.851414
100.547,0.008577,0.13416,0.851528
100.549,0.008577,0.13416,0.85154
100.55,0.008577,0.13416,0.851493
100.552,0.008577,0.13416,0.851422
100.553,0.008577,0.13416,0.851447
100.556,0.004373,0.13416,0.851478
100.557,0.000507,0.13416,0.851507
100.559,0.000507,0.13416,0.851384
100.56,0.000507,0.13416,0.851414
100.562,0.000507,0.13416,0.851515
100.563,0.000507,0.13416,0.851528
100.565,0.000507,0.13416,0.851408
100.566,0.026002,0.13416,0.851431
100.568,0.025731,0.13416,0.851421
100.57,0.000266,0.13416,0.851518
100.572,0.000266,0.13416,0.851416
100.574,0.000266,0.13416,0.85145
100.576,0.004917,0.13416,0.851423
100.578,0.021542,0.13416,0.851485
100.579,0.00831,0.13416,0.851474
100.581,0.013937,0.13416,0.851445
100.583,0.021599,0.13416,0.851379
100.585,0.021599,0.13416,0.851334
100.586,0.004183,0.13416,0.851469
100.588,0.021486,0.13416,0.851428
100.59,0.004427,0.13416,0.851482
100.591,0.021475,0.13416,0.851453
100.593,0.026003,0.13416,0.851508
100.595,0.026003,0.13416,0.851429
100.597,0.026003,0.13416,0.851425
100.598,0.026003,0.13416,0.851466
100.6,0.018161,0.13416,0.851507
100.602,0.018161,0.13416,0.851392
100.603,5.7e-05,0.13416,0.851426
100.605,0.026016,0.13416,0.851485
100.606,0.013197,0.13416,0.851444
100.608,0.00051,0.13416,0.85144
100.61,0.000501,0.13416,0.851392
100.611,0.000501,0.13416,0.85151
100.613,0.000501,0.13416,0.851471
100.614,0.000501,0.13416,0.851458
100.616,0.009483,0.13416,0.851477
100.618,0.009483,0.13416,0.851497
100.619,0.000542,0.13416,0.851492
100.621,0.025764,0.13416,0.851454
100.623,0.004445,0.13416,0.851379
100.625,0.004445,0.13416,0.851537
100.627,0.026078,0.13416,0.851406
100.628,0.026078,0.13416,0.851466
100.63,0.026078,0.13416,0.851458
100.632,0.026078,0.13416,0.851402
100.634,0.026078,0.13416,0.851409
100.635,0.026078,0.13416,0.851394
100.637,0.026078,0.13416,0.851489
100.639,0.026078,0.13416,0.851453
100.641,0.000937,0.13416,0.851511
100.642,0.000486,0.13416,0.851491
100.644,0.000486,0.13416,0.851455
100.645,0.000486,0.13416,0.851469
100.647,0.017309,0.13416,0.851389
100.649,0.017309,0.13416,0.851475
100.65,0.008761,0.13416,0.851464
100.653,0.008761,0.13416,0.851387
100.655,0.008761,0.13416,0.851459
100.657,0.021625,0.13416,0.851445
100.658,0.021625,0.13416,0.851499
100.66,0.005614,0.13416,0.851462
100.662,0.00479,0.13416,0.851444
100.664,0.008186,0.13416,0.851469
100.666,0.016933,0.13416,0.851411
100.667,0.017212,0.13416,0.851471
100.669,0.00043,0.13416,0.851512
100.671,0.012843,0.13416,0.851416
100.673,0.025762,0.13416,0.85147
100.675,0.025762,0.13416,0.851478
100.677,0.025762,0.13416,0.851529
100.679,0.025762,0.13416,0.851426
100.681,0.025762,0.13416,0.851523
100.683,0.025762,0.13416,0.851532
100.685,0.025795,0.13416,0.85143
100.687,0.025795,0.13416,0.851472
100.689,0.025795,0.13416,0.851481
100.69,0.025795,0.13416,0.851453
100.692,0.021444,0.13416,0.851494
100.694,0.004347,0.13416,0.851418
100.696,0.000424,0.13416,0.85139
100.698,0.000907,0.13416,0.851514
100.699,0.000907,0.13416,0.851438
100.701,0.000907,0.13416,0.851447
100.703,0.000478,0.13416,0.851429
100.705,0.000231,0.13416,0.851401
100.706,0.000231,0.13416,0.851423
100.708,0.009334,0.13416,0.851499
100.71,0.009334,0.13416,0.851431
100.711,0.000933,0.13416,0.85146
100.713,0.000933,0.13416,0.851494
100.714,0.012372,0.13416,0.851483
100.716,0.021406,0.13416,0.851475
100.717,0.017069,0.13416,0.851473
100.719,0.017069,0.13416,0.851447
100.721,0.017069,0.13416,0.851479
100.723,0.017047,0.13416,0.851394
100.725,0.008192,0.13416,0.85142
100.727,0.008709,0.13416,0.851426
100.729,0.008446,0.13416,0.851504
100.73,0.008446,0.13416,0.851502
100.732,0.017451,0.13416,0.851435
100.734,0.021775,0.13416,0.851414
100.736,0.026142,0.13416,0.851457
100.738,0.031107,0.13416,0.851391
100.739,0.031107,0.13416,0.851499
100.741,0.000118,0.13416,0.851484
100.743,0.000118,0.13416,0.851423
100.745,0.02578,0.13416,0.851418
100.746,0.02578,0.13416,0.851412
100.748,0.02578,0.13416,0.851411
100.749,0.02578,0.13416,0.85144
100.751,0.025619,0.13416,0.851389
100.753,0.020822,0.13416,0.851405
100.755,0.020822,0.13416,0.851425
100.757,0.020822,0.13416,0.851549
100.759,0.000794,0.13416,0.851489
100.761,0.017403,0.13416,0.851437
100.762,0.009693,0.13416,0.851467
100.765,0.017123,0.13416,0.851419
100.767,0.017123,0.13416,0.851454
100.769,0.017123,0.13416,0.851408
100.77,0.017123,0.13416,0.851534
100.772,0.017398,0.13416,0.851482
100.774,0.017592,0.13416,0.851518
100.776,0.016937,0.13416,0.851369
100.778,0.016937,0.13416,0.85147
100.779,0.016937,0.13416,0.851492
100.781,0.008098,0.13416,0.851462
100.783,0.008587,0.13416,0.851466
100.785,0.008587,0.13416,0.851487
100.787,0.008587,0.13416,0.851416
100.789,0.008587,0.13416,0.851445
100.791,0.004718,0.13416,0.851458
100.792,0.026652,0.13416,0.85146
100.794,0.026652,0.13416,0.851486
100.795,0.026652,0.13416,0.851425
100.797,0.021783,0.13416,0.851407
100.799,0.004488,0.13416,0.851434
100.8,0.004488,0.13416,0.851437
100.802,0.003922,0.13416,0.851441
100.803,0.026224,0.13416,0.851424
100.805,0.026224,0.13416,0.85146
100.806,0.004703,0.13416,0.851447
100.808,0.004703,0.13416,0.851396
100.81,0.004703,0.13416,0.851423
100.811,0.004703,0.13416,0.851458
100.813,0.000294,0.13416,0.851398
100.815,0.012488,0.13416,0.851437
100.817,0.000583,0.13416,0.851476
100.818,0.000583,0.13416,0.851437
100.82,0.025244,0.13416,0.851433
100.822,0.026034,0.13416,0.851494
100.824,0.026034,0.13416,0.851511
100.826,0.026034,0.13416,0.851502
100.827,0.000483,0.13416,0.851482
100.829,0.004146,0.13416,0.85139
100.831,0.004146,0.13416,0.851454
100.832,0.004146,0.13416,0.851429
100.834,0.0164,0.13416,0.851471
100.835,0.021624,0.13416,0.851442
100.837,0.004455,0.13416,0.851421
100.839,0.003686,0.13416,0.851436
100.841,0.025517,0.13416,0.851493
100.843,0.008612,0.13416,0.851424
100.845,0.008612,0.13416,0.851434
100.847,0.000886,0.13416,0.851476
100.849,0.01849,0.13416,0.851484
100.851,0.017435,0.13416,0.851374
100.853,0.017435,0.13416,0.851498
100.854,0.00022,0.13416,0.851448
100.856,0.016557,0.13416,0.851512
100.857,0.021269,0.13416,0.851478
100.86,0.00846,0.13416,0.851442
100.861,0.00846,0.13416,0.85144
100.863,0.000884,0.13416,0.85143
100.865,0.000884,0.13416,0.851441
100.867,0.000884,0.13416,0.851518
100.868,0.016797,0.13416,0.851463
100.87,0.016797,0.13416,0.851458
100.872,0.016797,0.13416,0.851507
100.874,0.016797,0.13416,0.851467
100.876,0.017378,0.13416,0.851467
100.878,0.029785,0.13416,0.851429
100.88,0.000195,0.13416,0.851396
100.882,0.000195,0.13416,0.851511
100.883,0.004617,0.13416,0.851385
100.885,0.004617,0.13416,0.851413
100.887,0.004617,0.13416,0.851396
100.889,0.004617,0.13416,0.851439
100.891,0.008852,0.13416,0.851455
100.893,0.017035,0.13416,0.851436
100.894,0.017035,0.13416,0.851421
100.896,0.008639,0.13416,0.851421
100.898,0.034077,0.13416,0.851467
100.899,0.034077,0.13416,0.851423
100.901,0.000132,0.13416,0.851487
100.903,0.011808,0.13416,0.851514
100.905,0.022704,0.13416,0.851431
100.908,0.022704,0.13416,0.851462
100.91,0.022704,0.13416,0.851334
100.912,0.022704,0.13416,0.851502
100.914,0.022704,0.13416,0.85145
100.915,0.022704,0.13416,0.851527
100.917,0.022704,0.13416,0.851457
100.919,0.000658,0.13416,0.851449
100.921,0.000658,0.13416,0.8515
100.923,0.003998,0.13416,0.851413
100.925,0.012565,0.13416,0.851487
100.927,0.012565,0.13416,0.851471
100.929,0.012565,0.13416,0.851444
100.931,0.021112,0.13416,0.85143
100.933,0.004217,0.13416,0.851482
100.935,0.012275,0.13416,0.851512
100.937,0.003968,0.13416,0.851424
100.939,0.008415,0.13416,0.851484
100.941,0.008415,0.13416,0.851445
100.943,0.008415,0.13416,0.851449
100.945,0.017093,0.13416,0.851449
100.947,0.017093,0.13416,0.851453
100.949,0.016776,0.13416,0.851473
100.951,3.8e-05,0.13416,0.851396
100.953,3.8e-05,0.13416,0.851419
100.955,0.021378,0.13416,0.85145
100.957,0.000354,0.13416,0.851447
100.959,0.012715,0.13416,0.851445
100.961,0.025164,0.13416,0.851502
100.963,0.00909,0.13416,0.851489
100.965,0.00909,0.13416,0.851431
100.967,0.00909,0.13416,0.851537
100.969,7.1e-05,0.13416,0.851524
100.971,7.1e-05,0.13416,0.851466
100.973,0.012218,0.13416,0.851416
100.975,0.012218,0.13416,0.85143
100.977,0.012218,0.13416,0.851478
100.979,0.025286,0.13416,0.851451
100.981,0.025286,0.13416,0.851483
100.983,0.017013,0.13416,0.851506
100.985,0.025832,0.13416,0.851472
100.987,0.000609,0.13416,0.851459
100.989,0.000609,0.13416,0.851424
100.991,0.010128,0.13416,0.851458
100.993,0.008107,0.13416,0.851437
100.995,0.008107,0.13416,0.851472
100.997,0.012738,0.13416,0.851471
100.999,0.012738,0.13416,0.851503
101.001,0.012738,0.13416,0.851491
101.003,0.008524,0.13416,0.85148
101.005,0.020826,0.13416,0.851363
101.007,4.9e-05,0.13416,0.851513
101.009,4.9e-05,0.13416,0.851364
101.011,0.016349,0.13416,0.851447
101.013,7.1e-05,0.13416,0.85154
101.015,0.008548,0.13416,0.851478
101.017,0.025548,0.13416,0.85146
101.019,0.025548,0.13416,0.851421
101.021,0.025548,0.13416,0.85145
101.023,5e-06,0.13416,0.851358
101.025,0.004414,0.13416,0.851536
101.027,0.004414,0.13416,0.851476
101.029,0.004414,0.13416,0.851396
101.031,0.004414,0.13416,0.851367
101.033,0.004414,0.13416,0.851353
101.035,0.016646,0.13416,0.851504
101.037,0.003424,0.13416,0.85145
101.039,0.003424,0.13416,0.851426
101.041,0.003424,0.13416,0.851458
101.043,0.030064,0.13416,0.85146
101.045,0.008235,0.13416,0.851396
101.047,0.026058,0.13416,0.851442
101.049,0.008803,0.13416,0.851409
101.051,0.008264,0.13416,0.851445
101.053,0.008264,0.13416,0.851405
101.055,0.008264,0.13416,0.851499
101.057,0.003634,0.13416,0.851464
101.059,0.003634,0.13416,0.851408
101.061,0.003634,0.13416,0.851317
101.063,0.003634,0.13416,0.851421
101.065,0.008421,0.13416,0.851405
101.067,0.008421,0.13416,0.851475
101.069,0.008421,0.13416,0.851429
101.071,0.008421,0.13416,0.85147
101.073,0.008421,0.13416,0.851484
101.075,0.008421,0.13416,0.851534
101.077,0.013188,0.13416,0.851412
101.08,0.00108,0.13416,0.851504
101.081,0.00108,0.13416,0.851379
101.083,0.021743,0.13416,0.85147
101.085,0.017377,0.13416,0.851434
101.087,0.034685,0.13416,0.851465
101.089,0.005053,0.13416,0.851448
101.091,8.4e-05,0.13416,0.851453
101.093,0.000421,0.13416,0.851501
101.095,0.000122,0.13416,0.851438
101.097,0.026391,0.13416,0.851349
101.099,0.000728,0.13416,0.851415
101.101,0.00081,0.13416,0.851438
101.103,0.00081,0.13416,0.851379
101.105,0.000542,0.13416,0.851423
101.107,0.004737,0.13416,0.851499
101.109,0.02632,0.13416,0.851457
101.11,0.02632,0.13416,0.851525
101.113,0.018036,0.13416,0.851525
101.114,0.018036,0.13416,0.851443
101.116,0.00091,0.13416,0.85144
101.117,0.000628,0.13416,0.851386
101.119,0.000912,0.13416,0.851477
101.121,0.01746,0.13416,0.851395
101.123,0.01746,0.13416,0.851448
101.124,0.017825,0.13416,0.851466
101.126,0.026358,0.13416,0.851458
101.128,0.026358,0.13416,0.851419
101.13,0.026358,0.13416,0.851445
101.132,0.026358,0.13416,0.851598
101.133,0.009021,0.13416,0.851424
101.135,0.009021,0.13416,0.851437
101.137,0.009021,0.13416,0.851407
101.139,0.022076,0.13416,0.851536
101.141,0.018535,0.13416,0.851473
101.144,0.018535,0.13416,0.851415
101.145,0.018535,0.13416,0.851479
101.147,0.018535,0.13416,0.851471
101.149,0.000959,0.13416,0.851405
101.151,0.009822,0.13416,0.851504
101.153,0.022526,0.13416,0.851414
101.155,0.000576,0.13416,0.851407
101.157,0.000576,0.13416,0.851418
101.159,0.000576,0.13416,0.851506
101.161,0.000576,0.13416,0.851424
101.163,0.01385,0.13416,0.851467
101.165,0.018097,0.13416,0.851531
101.167,0.00899,0.13416,0.851443
101.169,0.010095,0.13416,0.85144
101.171,0.005601,0.13416,0.851386
101.173,0.005601,0.13416,0.851438
101.175,0.009885,0.13416,0.851437
101.178,0.009885,0.13416,0.851487
101.179,0.001221,0.13416,0.851438
101.181,0.001221,0.13416,0.851385
101.183,0.001221,0.13416,0.851395
101.185,0.001789,0.13416,0.851556
101.187,0.001789,0.13416,0.851405
101.189,0.000527,0.13416,0.851355
101.191,0.000527,0.13416,0.851476
101.193,0.02288,0.13416,0.851461
101.194,0.013508,0.13416,0.851458
101.196,0.018175,0.13416,0.851483
101.197,0.018175,0.13416,0.851447
101.199,0.022197,0.13416,0.851455
101.2,0.022197,0.13416,0.851442
101.202,0.000981,0.13416,0.851506
101.204,0.000981,0.13416,0.851482
101.205,0.000981,0.13416,0.851459
101.208,0.000981,0.13416,0.851487
101.209,0.000981,0.13416,0.851478
101.211,0.000981,0.13416,0.851426
101.213,0.017999,0.13416,0.85151
101.215,0.017663,0.13416,0.851455
101.216,0.018007,0.13416,0.851408
101.218,0.018007,0.13416,0.851458
101.219,0.022042,0.13416,0.851449
101.221,0.022042,0.13416,0.85144
101.222,0.022042,0.13416,0.851334
101.224,0.001128,0.13416,0.85139
101.226,0.001128,0.13416,0.851515
101.228,0.001128,0.13416,0.851342
101.229,0.001128,0.13416,0.851427
101.231,0.009463,0.13416,0.851461
101.232,0.031048,0.13416,0.851362
101.234,0.031048,0.13416,0.851484
101.236,0.026419,0.13416,0.851462
101.238,0.000594,0.13416,0.851462
101.24,0.000594,0.13416,0.851472
101.241,0.000594,0.13416,0.851479
101.243,0.000594,0.13416,0.851375
101.245,0.000594,0.13416,0.851411
101.246,0.000594,0.13416,0.851451
101.248,0.000594,0.13416,0.851371
101.25,0.000803,0.13416,0.851423
101.252,0.000803,0.13416,0.851454
101.253,0.000803,0.13416,0.851454
101.255,0.000803,0.13416,0.851506
101.257,0.013809,0.13416,0.851423
101.259,0.013809,0.13416,0.851482
101.261,0.013809,0.13416,0.851464
101.263,0.013809,0.13416,0.851456
101.265,0.014038,0.13416,0.851405
101.268,0.014038,0.13416,0.851462
101.269,0.009634,0.13416,0.851481
101.271,0.009634,0.13416,0.851371
101.273,0.009634,0.13416,0.851425
101.275,0.03039,0.13416,0.851495
101.277,0.03039,0.13416,0.851349
101.279,0.022616,0.13416,0.851489
101.281,0.021859,0.13416,0.851508
101.283,0.005154,0.13416,0.851491
101.284,0.001035,0.13416,0.851402
101.286,0.017568,0.13416,0.851474
101.288,0.009363,0.13416,0.851484
101.29,0.009363,0.13416,0.851489
101.292,0.009197,0.13416,0.851435
101.293,0.022739,0.13416,0.851409
101.295,0.009213,0.13416,0.851447
101.296,0.001179,0.13416,0.851476
101.298,0.009195,0.13416,0.851434
101.3,0.009195,0.13416,0.851475
101.301,0.009195,0.13416,0.851453
101.303,0.026194,0.13416,0.851385
101.304,0.026194,0.13416,0.851441
101.306,0.026194,0.13416,0.851486
101.308,0.026194,0.13416,0.851459
101.309,0.026194,0.13416,0.85154
101.311,0.026194,0.13416,0.851511
101.312,0.021695,0.13416,0.851485
101.314,0.021695,0.13416,0.851429
101.315,0.005435,0.13416,0.851471
101.317,0.027846,0.13416,0.851439
101.318,0.027846,0.13416,0.851486
101.32,0.000839,0.13416,0.851569
101.322,0.026475,0.13416,0.85143
101.323,0.005124,0.13416,0.851461
101.325,0.005124,0.13416,0.85138
101.327,0.00051,0.13416,0.851468
101.329,0.021866,0.13416,0.851383
101.331,0.000976,0.13416,0.851465
101.333,0.000976,0.13416,0.851522
101.335,0.000976,0.13416,0.851455
101.336,0.000976,0.13416,0.851424
101.338,0.000976,0.13416,0.85139
101.34,0.000976,0.13416,0.851435
101.341,0.000976,0.13416,0.851523
101.343,0.000976,0.13416,0.851535
101.345,0.000976,0.13416,0.851465
101.347,0.000976,0.13416,0.851486
101.349,0.000976,0.13416,0.851474
101.351,0.021951,0.13416,0.851437
101.352,0.005069,0.13416,0.851447
101.354,0.005069,0.13416,0.851423
101.356,0.005069,0.13416,0.85145
101.358,0.005069,0.13416,0.851492
101.359,0.017273,0.13416,0.851516
101.361,0.009497,0.13416,0.851514
101.363,0.012845,0.13416,0.851383
101.365,0.000422,0.13416,0.851488
101.366,0.000422,0.13416,0.851464
101.368,0.000422,0.13416,0.851487
101.37,0.000422,0.13416,0.851417
101.372,0.000422,0.13416,0.851532
101.373,0.000422,0.13416,0.851483
101.375,0.000422,0.13416,0.85145
101.377,0.000422,0.13416,0.851414
101.379,0.000422,0.13416,0.851424
101.38,0.000422,0.13416,0.851465
101.382,0.000723,0.13416,0.851465
101.384,0.000872,0.13416,0.851391
101.386,0.000872,0.13416,0.851407
101.388,0.016512,0.13416,0.851437
101.39,0.013235,0.13416,0.851467
101.392,0.013235,0.13416,0.851474
101.394,0.021715,0.13416,0.851492
101.395,0.021715,0.13416,0.851522
101.397,0.017586,0.13416,0.851457
101.399,0.017586,0.13416,0.851499
101.401,0.017586,0.13416,0.851512
101.403,0.017586,0.13416,0.851481
101.405,0.000365,0.13416,0.851435
101.407,0.00505,0.13416,0.851499
101.409,0.021986,0.13416,0.851381
101.41,0.013061,0.13416,0.851442
101.412,0.013061,0.13416,0.851424
101.414,0.013061,0.13416,0.851484
101.416,0.004015,0.13416,0.851525
101.418,0.017394,0.13416,0.851526
101.42,0.017063,0.13416,0.851496
101.422,0.017063,0.13416,0.85154
101.424,0.000567,0.13416,0.851454
101.426,0.000567,0.13416,0.851502
101.427,0.000567,0.13416,0.851476
101.429,0.000567,0.13416,0.851468
101.431,0.02605,0.13416,0.851408
101.432,0.02605,0.13416,0.851451
101.434,0.000336,0.13416,0.851392
101.435,0.021474,0.13416,0.851497
101.437,0.021474,0.13416,0.851485
101.439,0.001146,0.13416,0.851448
101.441,0.009602,0.13416,0.851506
101.443,0.030218,0.13416,0.851458
101.445,0.030218,0.13416,0.85144
101.446,0.030218,0.13416,0.851458
101.448,0.017685,0.13416,0.8515
101.45,0.017685,0.13416,0.85141
101.452,0.021563,0.13416,0.85144
101.454,0.000775,0.13416,0.851364
101.456,0.017534,0.13416,0.851428
101.458,0.030998,0.13416,0.851473
101.459,0.030998,0.13416,0.851369
101.461,0.030998,0.13416,0.851429
101.463,0.017592,0.13416,0.851456
101.465,0.021845,0.13416,0.851489
101.467,0.025757,0.13416,0.85151
101.469,0.025757,0.13416,0.851413
101.47,0.001212,0.13416,0.851458
101.472,0.013375,0.13416,0.851439
101.474,0.013375,0.13416,0.851472
101.475,0.013375,0.13416,0.851452
101.477,0.013375,0.13416,0.851464
101.478,0.013375,0.13416,0.851378
101.48,0.021294,0.13416,0.851472
101.482,0.021294,0.13416,0.851475
101.484,0.021294,0.13416,0.851431
101.486,0.021294,0.13416,0.851451
101.488,0.009474,0.13416,0.851378
101.49,0.021644,0.13416,0.851472
101.492,0.021644,0.13416,0.851454
101.493,0.021644,0.13416,0.851322
101.495,0.021413,0.13416,0.851465
101.497,0.021413,0.13416,0.851414
101.499,0.021413,0.13416,0.851393
101.5,0.008324,0.13416,0.851477
101.502,0.008324,0.13416,0.851547
101.504,0.008324,0.13416,0.851442
101.506,0.008324,0.13416,0.851447
101.507,0.004183,0.13416,0.851519
101.509,0.004183,0.13416,0.85149
101.512,0.004183,0.13416,0.851455
101.513,0.004183,0.13416,0.851442
101.515,0.008905,0.13416,0.851411
101.516,0.000293,0.13416,0.851399
101.518,0.009836,0.13416,0.851374
101.52,0.009836,0.13416,0.85136
101.521,0.013207,0.13416,0.851442
101.523,0.013207,0.13416,0.851423
101.524,0.017471,0.13416,0.851461
101.525,0.001416,0.13416,0.851437
101.527,0.001416,0.13416,0.851474
101.529,0.001416,0.13416,0.851375
101.531,0.008791,0.13416,0.851491
101.532,0.008791,0.13416,0.851481
101.534,0.008791,0.13416,0.851469
101.536,0.008791,0.13416,0.851417
101.538,0.008791,0.13416,0.851483
101.54,0.008791,0.13416,0.851479
101.542,0.025795,0.13416,0.851419
101.544,0.021504,0.13416,0.851395
101.546,0.021504,0.13416,0.851397
101.548,0.022325,0.13416,0.851404
101.549,0.01743,0.13416,0.851355
101.551,0.026099,0.13416,0.851523
101.553,0.026099,0.13416,0.851415
101.555,0.026099,0.13416,0.851432
101.556,0.004435,0.13416,0.851417
101.558,0.004435,0.13416,0.851463
101.559,0.017647,0.13416,0.851452
101.561,0.017381,0.13416,0.851503
101.563,0.017381,0.13416,0.851465
101.564,0.017381,0.13416,0.851424
101.566,0.004898,0.13416,0.851355
101.567,0.004898,0.13416,0.851408
101.569,0.004898,0.13416,0.851423
101.571,0.004898,0.13416,0.851495
101.573,0.000758,0.13416,0.851387
101.575,0.013074,0.13416,0.851414
101.577,0.0129,0.13416,0.851524
101.579,0.0129,0.13416,0.851426
101.581,0.0129,0.13416,0.851545
101.583,0.0129,0.13416,0.851418
101.585,0.000238,0.13416,0.851472
101.587,0.017301,0.13416,0.851487
101.589,0.013313,0.13416,0.851384
101.591,0.021237,0.13416,0.851426
101.593,0.025704,0.13416,0.851501
101.595,0.025704,0.13416,0.851487
101.597,0.025704,0.13416,0.851372
101.599,0.025704,0.13416,0.851453
101.601,0.025704,0.13416,0.851414
101.603,0.008151,0.13416,0.851527
101.606,0.012623,0.13416,0.851435
101.607,0.008432,0.13416,0.8515
101.609,0.025529,0.13416,0.851452
101.611,0.025529,0.13416,0.851409
101.613,0.025529,0.13416,0.85146
101.614,0.016861,0.13416,0.851496
101.616,0.022227,0.13416,0.851478
101.618,0.01721,0.13416,0.851382
101.619,0.000339,0.13416,0.851437
101.621,0.000339,0.13416,0.851445
101.623,0.016841,0.13416,0.851464
101.624,0.016841,0.13416,0.851469
101.626,0.000634,0.13416,0.851523
101.628,0.000634,0.13416,0.851499
101.629,0.000634,0.13416,0.851449
101.631,0.00035,0.13416,0.851471
101.632,0.01704,0.13416,0.851455
101.635,0.004273,0.13416,0.851478
101.636,0.035006,0.13416,0.85145
101.638,0.035006,0.13416,0.851406
101.64,0.035006,0.13416,0.851391
101.642,7.6e-05,0.13416,0.851439
101.644,7.6e-05,0.13416,0.851507
101.646,7.6e-05,0.13416,0.851525
101.648,0.004714,0.13416,0.851484
101.65,0.016863,0.13416,0.851451
101.652,0.016863,0.13416,0.851437
101.653,0.016863,0.13416,0.851515
101.655,0.016863,0.13416,0.851443
101.657,0.00886,0.13416,0.851423
101.659,0.003743,0.13416,0.851472
101.661,0.008127,0.13416,0.851463
101.663,0.004475,0.13416,0.851429
101.665,0.004475,0.13416,0.851403
101.667,0.004475,0.13416,0.851423
101.669,0.004475,0.13416,0.851439
101.67,0.013877,0.13416,0.851478
101.672,0.016964,0.13416,0.851482
101.674,0.004196,0.13416,0.851466
101.676,0.02561,0.13416,0.8514
101.678,0.02561,0.13416,0.85145
101.68,0.02561,0.13416,0.851423
101.682,0.02561,0.13416,0.851462
101.683,0.02561,0.13416,0.851442
101.685,0.02561,0.13416,0.851488
101.687,0.02561,0.13416,0.851519
101.689,0.02561,0.13416,0.851498
101.691,0.012426,0.13416,0.85141
101.693,0.00025,0.13416,0.851383
101.695,0.022265,0.13416,0.851479
101.697,0.016853,0.13416,0.851426
101.699,0.016853,0.13416,0.851453
101.701,0.016853,0.13416,0.851478
101.703,0.016853,0.13416,0.85144
101.705,0.016853,0.13416,0.851453
101.707,0.008441,0.13416,0.851484
101.709,0.008441,0.13416,0.851457
101.711,0.008441,0.13416,0.851474
101.713,0.008218,0.13416,0.851386
101.715,0.008443,0.13416,0.851468
101.717,0.012357,0.13416,0.851432
101.719,0.008366,0.13416,0.851451
101.721,0.008366,0.13416,0.851471
101.723,0.008883,0.13416,0.851519
101.725,0.008883,0.13416,0.851417
101.727,0.000112,0.13416,0.851398
101.729,0.016683,0.13416,0.851422
101.731,0.025608,0.13416,0.851416
101.734,0.000844,0.13416,0.85149
101.735,0.000844,0.13416,0.851465
101.737,0.000844,0.13416,0.851445
101.739,0.000844,0.13416,0.851505
101.741,0.025854,0.13416,0.851471
101.743,0.008529,0.13416,0.851444
101.745,0.008529,0.13416,0.851409
101.747,0.008529,0.13416,0.851418
101.749,0.008529,0.13416,0.8514
101.751,0.008529,0.13416,0.851439
101.753,0.016855,0.13416,0.851433
101.755,0.008299,0.13416,0.851448
101.757,0.008299,0.13416,0.851475
101.759,0.008299,0.13416,0.851509
101.761,0.008299,0.13416,0.851552
101.763,0.008299,0.13416,0.851391
101.765,0.016591,0.13416,0.851413
101.768,0.012141,0.13416,0.851473
101.769,0.012781,0.13416,0.851437
101.771,0.012781,0.13416,0.851392
101.773,0.012781,0.13416,0.851462
101.775,0.000549,0.13416,0.851425
101.777,0.021121,0.13416,0.851454
101.779,0.033337,0.13416,0.851458
101.781,0.033337,0.13416,0.851449
101.783,0.033337,0.13416,0.851478
101.785,0.033337,0.13416,0.851501
101.787,0.008649,0.13416,0.851437
101.789,0.016964,0.13416,0.851396
101.791,0.016964,0.13416,0.851437
101.793,0.016964,0.13416,0.85146
101.795,0.016964,0.13416,0.851546
101.797,0.016964,0.13416,0.851514
101.799,0.016964,0.13416,0.851419
101.802,0.016964,0.13416,0.851523
101.803,0.009032,0.13416,0.851395
101.805,0.021217,0.13416,0.851353
101.807,0.01308,0.13416,0.851392
101.809,0.01308,0.13416,0.85139
101.811,0.01308,0.13416,0.851503
101.813,0.01308,0.13416,0.851406
101.815,0.004382,0.13416,0.851459
101.817,0.007994,0.13416,0.851458
101.819,0.025992,0.13416,0.851502
101.821,0.025992,0.13416,0.851456
101.823,0.025992,0.13416,0.851413
101.825,0.000544,0.13416,0.851483
101.827,0.004176,0.13416,0.851426
101.829,0.025916,0.13416,0.851501
101.831,0.008634,0.13416,0.851415
101.833,0.008634,0.13416,0.851445
101.836,8e-05,0.13416,0.851482
101.837,0.003671,0.13416,0.851464
101.839,0.017145,0.13416,0.851429
101.841,0.017145,0.13416,0.851443
101.843,0.017145,0.13416,0.85145
101.845,0.000662,0.13416,0.851428
101.847,0.021272,0.13416,0.851452
101.849,0.021272,0.13416,0.851544
101.851,0.021272,0.13416,0.851534
101.853,0.000141,0.13416,0.85146
101.855,0.008167,0.13416,0.851425
101.857,0.008167,0.13416,0.851517
101.859,0.008167,0.13416,0.851525
101.861,0.008167,0.13416,0.85142
101.863,0.03094,0.13416,0.851423
101.865,0.03094,0.13416,0.851407
101.867,0.03094,0.13416,0.851456
101.87,0.03094,0.13416,0.851495
101.871,0.008599,0.13416,0.851415
101.873,0.034197,0.13416,0.851454
101.875,0.008423,0.13416,0.851416
101.877,0.008423,0.13416,0.851471
101.879,0.008423,0.13416,0.851427
101.881,0.013099,0.13416,0.851441
101.883,0.017314,0.13416,0.851519
101.885,0.017314,0.13416,0.851453
101.887,0.004788,0.13416,0.851456
101.889,0.004788,0.13416,0.851404
101.891,0.004788,0.13416,0.851435
101.893,0.017373,0.13416,0.851443
101.895,0.017373,0.13416,0.851455
101.897,0.017373,0.13416,0.851468
101.899,0.017373,0.13416,0.851404
101.901,0.021093,0.13416,0.851466
101.903,8.9e-05,0.13416,0.851405
101.906,8.9e-05,0.13416,0.851421
101.907,0.000604,0.13416,0.851552
101.909,0.000604,0.13416,0.851478
101.911,0.008613,0.13416,0.851507
101.913,0.008613,0.13416,0.851505
101.915,0.008613,0.13416,0.851439
101.917,0.008613,0.13416,0.851451
101.919,0.008613,0.13416,0.851446
101.921,0.008181,0.13416,0.851459
101.923,0.022435,0.13416,0.851418
101.925,0.022435,0.13416,0.851495
101.927,0.022435,0.13416,0.851482
101.929,0.022435,0.13416,0.851474
101.931,0.022435,0.13416,0.851412
101.933,0.021435,0.13416,0.851462
101.935,0.004503,0.13416,0.851522
101.937,0.004503,0.13416,0.851444
101.939,0.004503,0.13416,0.851406
101.941,0.004706,0.13416,0.851398
101.943,0.008602,0.13416,0.851417
101.945,0.000321,0.13416,0.851477
101.947,0.000321,0.13416,0.85135
101.949,0.000321,0.13416,0.851473
101.951,0.000602,0.13416,0.8515
101.953,0.004714,0.13416,0.851448
101.955,0.004458,0.13416,0.851446
101.957,0.021069,0.13416,0.851419
101.959,0.030289,0.13416,0.851412
101.961,0.030289,0.13416,0.851409
101.963,1e-05,0.13416,0.851452
101.965,1e-05,0.13416,0.851394
101.967,1e-05,0.13416,0.851368
101.969,1e-05,0.13416,0.851443
101.971,1e-05,0.13416,0.851465
101.974,1e-05,0.13416,0.851493
101.975,1e-05,0.13416,0.851407
101.977,1e-05,0.13416,0.851503
101.979,1e-05,0.13416,0.85144
101.981,0.008848,0.13416,0.851478
101.983,0.021225,0.13416,0.851464
101.985,0.013076,0.13416,0.851487
101.987,0.000282,0.13416,0.851429
101.989,0.000282,0.13416,0.851417
101.991,0.004501,0.13416,0.851377
101.993,0.017559,0.13416,0.851427
101.995,0.012951,0.13416,0.851451
101.997,0.012951,0.13416,0.851405
101.999,0.004847,0.13416,0.851412
102.001,0.004847,0.13416,0.851428
102.003,0.008333,0.13416,0.8514
102.005,0.004184,0.13416,0.851433
102.008,0.004184,0.13416,0.851389
102.009,0.004184,0.13416,0.851429
102.011,0.004184,0.13416,0.851411
102.013,0.030372,0.13416,0.851483
102.015,0.008682,0.13416,0.85138
102.017,0.008682,0.13416,0.851367
102.019,0.008682,0.13416,0.851463
102.021,0.008682,0.13416,0.851456
102.023,0.008697,0.13416,0.851424
102.025,0.017579,0.13416,0.851419
102.027,0.017142,0.13416,0.851389
102.029,0.017142,0.13416,0.851458
102.031,0.017142,0.13416,0.85142
102.033,0.017142,0.13416,0.851437
102.035,0.017142,0.13416,0.851457
102.037,0.008495,0.13416,0.851398
102.039,0.021636,0.13416,0.851415
102.042,0.01716,0.13416,0.851523
102.044,0.017277,0.13416,0.851486
102.046,0.03058,0.13416,0.851406
102.048,0.03058,0.13416,0.851476
102.05,0.03058,0.13416,0.851412
102.052,0.03058,0.13416,0.851458
102.053,0.021446,0.13416,0.851502
102.055,0.012675,0.13416,0.851383
102.057,0.012675,0.13416,0.851507
102.059,0.012675,0.13416,0.851435
102.061,0.012675,0.13416,0.851465
102.063,0.012675,0.13416,0.851475
102.065,0.009409,0.13416,0.851488
102.067,0.009409,0.13416,0.851431
102.069,0.030268,0.13416,0.851416
102.071,0.017003,0.13416,0.851399
102.073,0.017003,0.13416,0.8515
102.075,0.017003,0.13416,0.851414
102.077,0.017003,0.13416,0.851509
102.079,0.0005,0.13416,0.851445
102.081,0.021377,0.13416,0.851434
102.083,0.021492,0.13416,0.851449
102.085,0.021492,0.13416,0.851491
102.087,0.021492,0.13416,0.851509
102.089,0.021492,0.13416,0.851463
102.091,0.000463,0.13416,0.851458
102.093,0.040068,0.13416,0.851536
102.095,0.003929,0.13416,0.851426
102.097,0.003929,0.13416,0.851428
102.099,0.003929,0.13416,0.851442
102.101,0.003929,0.13416,0.851446
102.103,0.01709,0.13416,0.851492
102.105,0.008798,0.13416,0.851492
102.107,0.008798,0.13416,0.85143
102.11,0.008798,0.13416,0.851437
102.111,0.008798,0.13416,0.851479
102.113,0.008789,0.13416,0.85143
102.115,0.004875,0.13416,0.851492
102.117,0.026026,0.13416,0.851547
102.119,0.026026,0.13416,0.851403
102.121,0.026026,0.13416,0.851418
102.123,0.026026,0.13416,0.851428
102.125,0.026026,0.13416,0.851413
102.127,0.017587,0.13416,0.851405
102.129,0.02129,0.13416,0.85143
102.131,0.004894,0.13416,0.851465
102.133,0.004894,0.13416,0.851424
102.135,0.004894,0.13416,0.85147
102.137,0.000209,0.13416,0.851447
102.139,0.000209,0.13416,0.851452
102.141,0.025551,0.13416,0.851462
102.144,0.025551,0.13416,0.851477
102.145,0.025551,0.13416,0.851362
102.147,0.021443,0.13416,0.851422
102.149,0.021443,0.13416,0.851458
102.151,0.008838,0.13416,0.851513
102.153,0.017001,0.13416,0.851505
102.155,0.017001,0.13416,0.851383
102.157,0.017001,0.13416,0.85147
102.159,0.017001,0.13416,0.851478
102.161,0.000309,0.13416,0.85147
102.163,0.025569,0.13416,0.851422
102.165,0.000572,0.13416,0.851454
102.167,0.025585,0.13416,0.851459
102.169,0.025825,0.13416,0.851503
102.171,0.025825,0.13416,0.851438
102.173,0.025825,0.13416,0.851417
102.175,0.025825,0.13416,0.851499
102.178,0.025825,0.13416,0.851471
102.179,0.025825,0.13416,0.851481
102.181,0.004642,0.13416,0.851519
102.183,0.01355,0.13416,0.851455
102.185,0.021066,0.13416,0.851477
102.187,0.000274,0.13416,0.85143
102.189,0.000274,0.13416,0.851442
102.191,0.000274,0.13416,0.851412
102.193,0.000274,0.13416,0.851445
102.195,0.000274,0.13416,0.851406
102.197,0.000274,0.13416,0.851428
102.199,0.000274,0.13416,0.851466
102.201,0.016782,0.13416,0.851439
102.203,0.004096,0.13416,0.851499
102.205,0.021153,0.13416,0.851469
102.207,0.021271,0.13416,0.851519
102.209,0.021271,0.13416,0.851433
102.211,0.021271,0.13416,0.851514
102.213,0.021271,0.13416,0.851472
102.215,0.021271,0.13416,0.851471
102.217,0.021271,0.13416,0.851471
102.219,0.021271,0.13416,0.851409
102.221,0.007956,0.13416,0.851408
102.223,0.025397,0.13416,0.851468
102.225,0.012809,0.13416,0.85145
102.227,0.012809,0.13416,0.851493
102.229,0.012809,0.13416,0.851468
102.231,0.012809,0.13416,0.851417
102.233,0.000534,0.13416,0.851477
102.235,0.000534,0.13416,0.851404
102.237,0.02976,0.13416,0.851463
102.239,0.016901,0.13416,0.851413
102.241,0.00034,0.13416,0.851337
102.243,0.00034,0.13416,0.851424
102.246,0.00034,0.13416,0.851513
102.247,0.00034,0.13416,0.851446
102.249,0.000347,0.13416,0.851454
102.251,0.025792,0.13416,0.851492
102.253,0.026114,0.13416,0.851471
102.255,0.026114,0.13416,0.851448
102.257,0.026114,0.13416,0.85148
102.259,0.000379,0.13416,0.851438
102.261,0.000724,0.13416,0.851441
102.263,0.000724,0.13416,0.851495
102.265,0.012793,0.13416,0.851448
102.267,0.012601,0.13416,0.851478
102.269,0.012601,0.13416,0.851439
102.271,0.012601,0.13416,0.851502
102.273,0.012601,0.13416,0.851418
102.275,0.012601,0.13416,0.851413
102.277,0.012958,0.13416,0.851477
102.28,0.013103,0.13416,0.851378
102.281,0.025801,0.13416,0.851451
102.283,0.022469,0.13416,0.851445
102.285,0.022469,0.13416,0.851368
102.287,0.022469,0.13416,0.851483
102.289,0.022469,0.13416,0.851455
102.291,0.022469,0.13416,0.851448
102.293,0.022469,0.13416,0.851489
102.295,0.022469,0.13416,0.851531
102.297,0.025969,0.13416,0.851443
102.299,0.02132,0.13416,0.851485
102.301,0.014051,0.13416,0.851528
102.303,0.013129,0.13416,0.851504
102.305,0.025406,0.13416,0.851388
102.307,0.025406,0.13416,0.851437
102.309,0.025406,0.13416,0.851444
102.311,0.025406,0.13416,0.851453
102.314,0.025406,0.13416,0.851448
102.315,0.021194,0.13416,0.851482
102.317,0.000241,0.13416,0.851511
102.319,0.012449,0.13416,0.851462
102.321,0.016782,0.13416,0.851434
102.323,0.016782,0.13416,0.851406
102.325,0.021265,0.13416,0.851454
102.327,0.021265,0.13416,0.851484
102.329,0.021265,0.13416,0.851449
102.331,0.021265,0.13416,0.851418
102.333,0.021265,0.13416,0.851425
102.335,0.013695,0.13416,0.851473
102.337,0.013695,0.13416,0.85139
102.339,0.00806,0.13416,0.851466
102.341,0.00806,0.13416,0.851496
102.343,0.01296,0.13416,0.851479
102.345,0.00357,0.13416,0.851426
102.347,0.00357,0.13416,0.851469
102.35,0.00357,0.13416,0.851454
102.351,0.000339,0.13416,0.851454
102.353,0.000339,0.13416,0.851432
102.355,0.008614,0.13416,0.851444
102.357,0.000301,0.13416,0.851401
102.359,0.000301,0.13416,0.851461
102.361,0.000301,0.13416,0.85149
102.363,0.0044,0.13416,0.851445
102.365,0.012643,0.13416,0.851445
102.367,0.021785,0.13416,0.851438
102.369,0.017026,0.13416,0.851475
102.371,0.017026,0.13416,0.85142
102.373,0.017026,0.13416,0.851448
102.375,0.017026,0.13416,0.851454
102.377,0.017026,0.13416,0.85137
102.379,0.008258,0.13416,0.851523
102.381,0.004087,0.13416,0.851414
102.384,0.021271,0.13416,0.851484
102.385,0.017042,0.13416,0.851507
102.387,0.017042,0.13416,0.851482
102.389,0.017042,0.13416,0.851456
102.391,0.017042,0.13416,0.85147
102.393,0.017042,0.13416,0.851508
102.395,0.025747,0.13416,0.851458
102.397,0.000519,0.13416,0.851429
102.399,0.01305,0.13416,0.851413
102.401,0.025905,0.13416,0.851412
102.403,0.025905,0.13416,0.85137
102.405,0.025905,0.13416,0.851384
102.407,0.025905,0.13416,0.851432
102.409,0.000909,0.13416,0.851424
102.411,0.012948,0.13416,0.851362
102.413,0.008928,0.13416,0.851416
102.415,0.017132,0.13416,0.851491
102.418,0.017132,0.13416,0.851487
102.419,0.017709,0.13416,0.851493
102.421,0.017709,0.13416,0.851502
102.423,0.000583,0.13416,0.851428
102.425,0.017257,0.13416,0.851449
102.427,0.017257,0.13416,0.85145
102.429,0.017257,0.13416,0.851471
102.431,0.017257,0.13416,0.851397
102.433,0.017257,0.13416,0.851414
102.435,0.017257,0.13416,0.851384
102.437,0.017207,0.13416,0.851502
102.439,0.017207,0.13416,0.85147
102.441,0.017207,0.13416,0.851493
102.443,0.012983,0.13416,0.851474
102.445,0.012561,0.13416,0.851466
102.447,0.021438,0.13416,0.851483
102.449,0.021438,0.13416,0.851429
102.451,0.017756,0.13416,0.851374
102.453,0.017756,0.13416,0.851422
102.455,0.026261,0.13416,0.851477
102.457,0.021763,0.13416,0.851441
102.459,0.021763,0.13416,0.851416
102.461,0.021763,0.13416,0.851386
102.463,0.021763,0.13416,0.851473
102.465,0.017519,0.13416,0.85145
102.467,0.017519,0.13416,0.851408
102.469,0.017519,0.13416,0.851493
102.471,0.017519,0.13416,0.851538
102.473,0.017519,0.13416,0.851442
102.475,0.004447,0.13416,0.851477
102.477,0.004741,0.13416,0.851451
102.479,0.017164,0.13416,0.851447
102.481,0.017164,0.13416,0.851468
102.483,0.017164,0.13416,0.851402
102.485,0.000642,0.13416,0.851416
102.487,0.000642,0.13416,0.85143
102.489,0.017534,0.13416,0.85142
102.491,0.021319,0.13416,0.851427
102.493,0.021319,0.13416,0.851459
102.495,0.021319,0.13416,0.851463
102.497,0.021319,0.13416,0.851418
102.499,0.026223,0.13416,0.851415
102.501,0.026223,0.13416,0.85149
102.503,0.017321,0.13416,0.851519
102.505,0.00482,0.13416,0.851447
102.507,0.00482,0.13416,0.851425
102.509,0.00482,0.13416,0.851402
102.511,0.000796,0.13416,0.851435
102.513,0.009033,0.13416,0.851467
102.515,0.009033,0.13416,0.851427
102.517,0.009187,0.13416,0.851445
102.52,0.009187,0.13416,0.851417
102.521,0.009187,0.13416,0.851456
102.523,0.026209,0.13416,0.851464
102.525,0.005024,0.13416,0.851423
102.527,0.025695,0.13416,0.851363
102.529,0.009271,0.13416,0.851473
102.531,0.000958,0.13416,0.851467
102.533,0.000958,0.13416,0.851441
102.535,0.000958,0.13416,0.851427
102.537,0.000958,0.13416,0.851437
102.539,0.000237,0.13416,0.851516
102.541,0.004904,0.13416,0.851463
102.543,0.018937,0.13416,0.851511
102.545,0.026278,0.13416,0.851387
102.547,0.026278,0.13416,0.851484
102.549,0.026278,0.13416,0.851479
102.551,0.026278,0.13416,0.851416
102.554,0.026278,0.13416,0.851456
102.555,0.026278,0.13416,0.851471
102.557,0.026278,0.13416,0.851426
102.559,0.026278,0.13416,0.851435
102.561,0.005553,0.13416,0.851427
102.563,0.005553,0.13416,0.851487
102.565,0.017878,0.13416,0.851455
102.567,0.018127,0.13416,0.851436
102.569,0.005112,0.13416,0.851397
102.571,0.005856,0.13416,0.85148
102.573,0.005856,0.13416,0.851396
102.575,0.001567,0.13416,0.851464
102.577,0.001567,0.13416,0.85146
102.579,0.004676,0.13416,0.851422
102.581,0.001497,0.13416,0.851481
102.583,0.001001,0.13416,0.851468
102.585,0.017806,0.13416,0.851432
102.588,0.017806,0.13416,0.851487
102.589,0.018323,0.13416,0.851532
102.591,0.009631,0.13416,0.851504
102.593,0.009587,0.13416,0.851436
102.595,0.005461,0.13416,0.851469
102.597,0.005461,0.13416,0.851508
102.599,0.005461,0.13416,0.851409
102.601,0.005461,0.13416,0.851518
102.603,0.013868,0.13416,0.851416
102.605,0.001099,0.13416,0.851431
102.607,0.009681,0.13416,0.851358
102.609,0.005562,0.13416,0.851419
102.611,0.005562,0.13416,0.851428
102.613,0.009728,0.13416,0.851445
102.615,0.00176,0.13416,0.851393
102.617,0.00176,0.13416,0.851431
102.619,0.00176,0.13416,0.851439
102.622,0.00176,0.13416,0.851444
102.623,0.00176,0.13416,0.851421
102.625,0.00176,0.13416,0.851399
102.627,0.00176,0.13416,0.851382
102.629,0.022422,0.13416,0.85141
102.631,0.013677,0.13416,0.851496
102.633,0.013677,0.13416,0.851415
102.635,0.001599,0.13416,0.851452
102.637,0.001599,0.13416,0.851419
102.639,0.001599,0.13416,0.851438
102.641,0.001483,0.13416,0.851518
102.643,0.001483,0.13416,0.851524
102.645,0.00075,0.13416,0.851459
102.647,0.00075,0.13416,0.851417
102.649,0.00075,0.13416,0.851476
102.651,0.005379,0.13416,0.851482
102.653,0.009778,0.13416,0.851478
102.655,0.026855,0.13416,0.851437
102.658,0.026855,0.13416,0.851448
102.659,0.026855,0.13416,0.851458
102.661,0.026855,0.13416,0.851493
102.663,0.026855,0.13416,0.851466
102.665,0.026855,0.13416,0.851394
102.667,0.026855,0.13416,0.851493
102.669,0.000973,0.13416,0.851511
102.671,0.000973,0.13416,0.851455
102.673,0.000973,0.13416,0.851497
102.675,0.018705,0.13416,0.851454
102.677,0.018705,0.13416,0.851435
102.679,0.009846,0.13416,0.851545
102.681,0.032245,0.13416,0.851425
102.683,0.032245,0.13416,0.851432
102.685,0.010366,0.13416,0.851426
102.687,0.010366,0.13416,0.851465
102.689,0.010366,0.13416,0.851447
102.692,0.010366,0.13416,0.851463
102.693,0.010366,0.13416,0.851463
102.695,0.005596,0.13416,0.851458
102.697,0.022465,0.13416,0.85145
102.699,0.022465,0.13416,0.851444
102.701,0.001385,0.13416,0.851446
102.703,0.001385,0.13416,0.851511
102.705,0.001385,0.13416,0.851481
102.707,0.004904,0.13416,0.851478
102.709,0.004904,0.13416,0.851412
102.711,0.004904,0.13416,0.85141
102.713,0.022356,0.13416,0.851462
102.715,0.022356,0.13416,0.851416
102.717,0.000673,0.13416,0.851497
102.719,0.000673,0.13416,0.8515
102.721,0.000673,0.13416,0.851429
102.723,0.014124,0.13416,0.851451
102.726,0.014124,0.13416,0.851411
102.727,0.001475,0.13416,0.85149
102.729,0.005905,0.13416,0.851528
102.731,0.000946,0.13416,0.851457
102.733,0.009492,0.13416,0.851405
102.735,0.009492,0.13416,0.851435
102.737,0.009492,0.13416,0.851444
102.739,0.017481,0.13416,0.851456
102.741,0.017481,0.13416,0.851459
102.743,0.009589,0.13416,0.851413
102.745,0.009987,0.13416,0.851414
102.747,0.009987,0.13416,0.851508
102.749,0.005131,0.13416,0.851422
102.751,0.005131,0.13416,0.851488
102.753,0.005131,0.13416,0.851481
102.755,0.005307,0.13416,0.851485
102.757,0.005307,0.13416,0.851392
102.76,0.000644,0.13416,0.851372
102.761,0.001387,0.13416,0.851486
102.763,0.001387,0.13416,0.851446
102.765,0.031056,0.13416,0.851485
102.767,0.009436,0.13416,0.851455
102.769,0.009436,0.13416,0.85145
102.771,0.005518,0.13416,0.851435
102.773,0.001137,0.13416,0.851537
102.775,0.001137,0.13416,0.851422
102.777,0.009446,0.13416,0.851361
102.779,0.009446,0.13416,0.851477
102.781,0.009446,0.13416,0.851365
102.783,0.009446,0.13416,0.851501
102.785,0.009446,0.13416,0.851408
102.787,0.013216,0.13416,0.851489
102.789,0.013216,0.13416,0.851456
102.791,0.01347,0.13416,0.851496
102.794,0.000949,0.13416,0.851391
102.795,0.000949,0.13416,0.851471
102.797,0.000949,0.13416,0.851431
102.799,0.000949,0.13416,0.851439
102.801,0.000964,0.13416,0.85143
102.803,0.017653,0.13416,0.851378
102.805,0.000934,0.13416,0.851392
102.807,0.009232,0.13416,0.851428
102.809,0.017796,0.13416,0.851408
102.811,0.017796,0.13416,0.85146
102.813,0.00036,0.13416,0.851454
102.815,0.00036,0.13416,0.851398
102.817,0.00036,0.13416,0.851475
102.819,0.017511,0.13416,0.851459
102.821,0.017511,0.13416,0.851376
102.823,0.017513,0.13416,0.851351
102.825,0.022117,0.13416,0.851394
102.827,0.022117,0.13416,0.851433
102.829,0.022117,0.13416,0.851437
102.831,0.022117,0.13416,0.851442
102.833,0.000845,0.13416,0.851496
102.835,0.008857,0.13416,0.851453
102.837,0.017511,0.13416,0.85145
102.839,0.017872,0.13416,0.851406
102.841,0.017872,0.13416,0.85143
102.843,0.017872,0.13416,0.851447
102.845,0.000753,0.13416,0.851482
102.847,0.000753,0.13416,0.851396
102.849,0.000732,0.13416,0.851419
102.851,0.000732,0.13416,0.85147
102.853,0.021567,0.13416,0.851409
102.855,0.013197,0.13416,0.851441
102.857,0.013197,0.13416,0.851381
102.859,0.008888,0.13416,0.851433
102.862,0.008888,0.13416,0.851495
102.863,0.008888,0.13416,0.851399
102.865,0.008888,0.13416,0.851422
102.867,0.008888,0.13416,0.851493
102.869,0.008888,0.13416,0.851425
102.871,0.021559,0.13416,0.851453
102.873,0.021559,0.13416,0.851492
102.875,0.026414,0.13416,0.85146
102.877,0.000563,0.13416,0.85142
102.879,0.013202,0.13416,0.851483
102.881,0.017203,0.13416,0.851471
102.883,0.017203,0.13416,0.851416
102.885,0.017203,0.13416,0.851412
102.887,0.017203,0.13416,0.851442
102.889,0.004764,0.13416,0.851449
102.891,0.004764,0.13416,0.851477
102.893,0.004764,0.13416,0.851501
102.895,0.004764,0.13416,0.851525
102.897,0.004764,0.13416,0.851429
102.899,0.017057,0.13416,0.851515
102.901,0.01743,0.13416,0.851499
102.903,0.014016,0.13416,0.851509
102.905,0.005055,0.13416,0.85142
102.907,0.005055,0.13416,0.851465
102.909,0.005055,0.13416,0.851481
102.911,0.005055,0.13416,0.851461
102.913,0.00476,0.13416,0.85148
102.915,0.00476,0.13416,0.851426
102.917,0.012784,0.13416,0.851453
102.919,0.012784,0.13416,0.851469
102.921,0.012784,0.13416,0.851549
102.923,0.021612,0.13416,0.851478
102.925,0.021612,0.13416,0.851473
102.927,0.021612,0.13416,0.851421
102.93,0.034233,0.13416,0.851447
102.931,0.034233,0.13416,0.851475
102.933,0.034233,0.13416,0.851485
102.935,0.034233,0.13416,0.851364
102.937,0.034233,0.13416,0.851332
102.939,0.034233,0.13416,0.851426
102.941,0.034233,0.13416,0.851463
102.943,0.034233,0.13416,0.851481
102.945,0.034233,0.13416,0.851506
102.947,0.034233,0.13416,0.851516
102.949,0.021521,0.13416,0.851455
102.951,0.005711,0.13416,0.851405
102.953,0.005711,0.13416,0.851513
102.955,0.004072,0.13416,0.85143
102.957,0.00736,0.13416,0.851409
102.959,0.013348,0.13416,0.85144
102.961,0.013348,0.13416,0.851442
102.964,0.016949,0.13416,0.851529
102.965,0.017904,0.13416,0.851398
102.967,0.021834,0.13416,0.851446
102.969,0.021834,0.13416,0.851464
102.971,0.017276,0.13416,0.851353
102.973,0.000448,0.13416,0.851435
102.975,0.017209,0.13416,0.851472
102.977,0.017209,0.13416,0.851469
102.979,0.00854,0.13416,0.851398
102.981,0.00854,0.13416,0.851449
102.983,0.004893,0.13416,0.851459
102.985,0.017159,0.13416,0.85139
102.987,0.017159,0.13416,0.851483
102.989,0.017159,0.13416,0.851493
102.991,0.017159,0.13416,0.851415
102.993,0.017159,0.13416,0.851396
102.995,0.017159,0.13416,0.851369
102.998,0.025442,0.13416,0.851493
102.999,0.025442,0.13416,0.851471
103.001,0.025442,0.13416,0.851396
103.003,0.021582,0.13416,0.851474
103.005,0.00454,0.13416,0.851461
103.007,0.025295,0.13416,0.851466
103.009,0.0001,0.13416,0.85139
103.011,0.004523,0.13416,0.851357
103.013,0.004523,0.13416,0.851491
103.015,0.004492,0.13416,0.851433
103.017,0.034028,0.13416,0.851443
103.019,0.034028,0.13416,0.851465
103.021,0.018166,0.13416,0.851451
103.023,0.018166,0.13416,0.85143
103.025,0.018166,0.13416,0.85143
103.027,0.0005,0.13416,0.851476
103.029,0.008292,0.13416,0.851485
103.031,0.008292,0.13416,0.85145
103.034,0.008292,0.13416,0.851419
103.036,0.008292,0.13416,0.851515
103.038,0.008292,0.13416,0.851508
103.04,0.008512,0.13416,0.851424
103.042,0.021209,0.13416,0.851464
103.044,0.021209,0.13416,0.851522
103.046,0.021209,0.13416,0.851502
103.048,0.021209,0.13416,0.851431
103.05,0.00019,0.13416,0.851471
103.052,0.021257,0.13416,0.851537
103.053,0.021257,0.13416,0.851386
103.055,0.00021,0.13416,0.851434
103.057,0.020873,0.13416,0.851476
103.059,0.020873,0.13416,0.851405
103.061,0.020873,0.13416,0.851425
103.063,0.020873,0.13416,0.851478
103.065,0.020873,0.13416,0.851425
103.067,0.008272,0.13416,0.85138
103.069,0.012483,0.13416,0.851516
103.071,0.012483,0.13416,0.851458
103.073,0.012483,0.13416,0.851497
103.075,0.017058,0.13416,0.851427
103.077,0.017058,0.13416,0.85148
103.079,0.017058,0.13416,0.851426
103.081,0.021948,0.13416,0.851477
103.083,0.021948,0.13416,0.851542
103.085,0.008972,0.13416,0.851408
103.087,0.008972,0.13416,0.851436
103.089,0.000223,0.13416,0.85142
103.091,0.016815,0.13416,0.851353
103.093,0.013031,0.13416,0.851404
103.095,0.01232,0.13416,0.851448
103.097,0.01232,0.13416,0.851458
103.099,0.038904,0.13416,0.851467
103.101,0.038904,0.13416,0.851469
103.103,0.020896,0.13416,0.851485
103.105,0.004294,0.13416,0.851511
103.107,0.008896,0.13416,0.851468
103.109,0.000432,0.13416,0.851413
103.111,0.000627,0.13416,0.851448
103.113,0.008378,0.13416,0.851469
103.115,0.008378,0.13416,0.851494
103.117,0.008378,0.13416,0.851541
103.119,0.000118,0.13416,0.851423
103.121,0.000118,0.13416,0.851517
103.123,0.000118,0.13416,0.85145
103.125,0.017003,0.13416,0.85151
103.127,0.017003,0.13416,0.851422
103.129,0.017003,0.13416,0.851488
103.131,0.025252,0.13416,0.851412
103.133,0.000191,0.13416,0.851461
103.136,0.000191,0.13416,0.851458
103.137,0.021116,0.13416,0.85147
103.139,0.021116,0.13416,0.851499
103.141,0.021116,0.13416,0.851464
103.143,0.021116,0.13416,0.851443
103.145,0.004732,0.13416,0.851511
103.147,0.004732,0.13416,0.851501
103.149,0.008767,0.13416,0.851383
103.151,0.000188,0.13416,0.851416
103.153,0.000188,0.13416,0.851442
103.155,0.000188,0.13416,0.8515
103.157,0.000188,0.13416,0.85142
103.159,0.000188,0.13416,0.851422
103.161,0.000188,0.13416,0.851476
103.163,0.000188,0.13416,0.851469
103.165,0.022181,0.13416,0.851445
103.167,0.022181,0.13416,0.85147
103.17,0.022181,0.13416,0.851477
103.171,0.022181,0.13416,0.851474
103.173,0.017079,0.13416,0.851433
103.175,0.009265,0.13416,0.851508
103.177,0.009265,0.13416,0.851444
103.179,0.016851,0.13416,0.851416
103.181,0.008415,0.13416,0.851454
103.183,0.003995,0.13416,0.851429
103.185,0.0299,0.13416,0.851444
103.187,0.0299,0.13416,0.85145
103.189,0.0299,0.13416,0.85146
103.191,0.0299,0.13416,0.85151
103.193,0.004451,0.13416,0.85143
103.195,0.004451,0.13416,0.851489
103.197,0.008347,0.13416,0.851458
103.199,0.008347,0.13416,0.851516
103.201,5.3e-05,0.13416,0.851456
103.203,0.034417,0.13416,0.851461
103.205,0.034417,0.13416,0.851527
103.207,0.034417,0.13416,0.851416
103.209,0.034417,0.13416,0.851492
103.211,0.01662,0.13416,0.85151
103.213,0.008054,0.13416,0.851474
103.215,0.017237,0.13416,0.851456
103.217,0.025942,0.13416,0.851427
103.219,0.025942,0.13416,0.851448
103.221,0.025942,0.13416,0.851382
103.223,0.025942,0.13416,0.851506
103.225,0.003986,0.13416,0.85143
103.227,0.003986,0.13416,0.851447
103.229,0.004037,0.13416,0.851538
103.231,0.004037,0.13416,0.85146
103.233,0.000158,0.13416,0.85144
103.235,0.000158,0.13416,0.851514
103.237,0.020955,0.13416,0.851504
103.239,0.020955,0.13416,0.85142
103.241,0.020955,0.13416,0.85147
103.243,0.021146,0.13416,0.851457
103.245,0.021146,0.13416,0.85148
103.247,0.004073,0.13416,0.851411
103.249,0.0336,0.13416,0.851447
103.251,0.0336,0.13416,0.851429
103.253,0.0336,0.13416,0.851424
103.255,0.0336,0.13416,0.85147
103.257,0.000501,0.13416,0.851412
103.259,0.000501,0.13416,0.851417
103.261,0.026417,0.13416,0.851401
103.263,0.026417,0.13416,0.851353
103.265,0.000216,0.13416,0.851408
103.267,0.000216,0.13416,0.85143
103.269,0.00841,0.13416,0.85152
103.272,0.016711,0.13416,0.851492
103.273,0.004588,0.13416,0.851484
103.275,0.003863,0.13416,0.851412
103.277,0.003863,0.13416,0.851527
103.279,0.008683,0.13416,0.851378
103.281,0.025792,0.13416,0.851394
103.283,0.012888,0.13416,0.851475
103.285,0.012888,0.13416,0.85148
103.287,0.012888,0.13416,0.851499
103.289,0.000368,0.13416,0.851375
103.291,0.016772,0.13416,0.85142
103.293,0.00016,0.13416,0.851396
103.295,0.00016,0.13416,0.851425
103.297,0.00016,0.13416,0.851462
103.299,0.017105,0.13416,0.851448
103.301,0.017314,0.13416,0.851447
103.303,0.017314,0.13416,0.851467
103.306,0.017314,0.13416,0.85152
103.308,0.017314,0.13416,0.851444
103.31,0.017314,0.13416,0.851433
103.312,0.01277,0.13416,0.85146
103.314,0.016787,0.13416,0.85138
103.316,7.7e-05,0.13416,0.85151
103.318,7.7e-05,0.13416,0.851438
103.32,7.7e-05,0.13416,0.851363
103.322,0.016753,0.13416,0.851482
103.324,0.008413,0.13416,0.851417
103.326,0.008413,0.13416,0.851377
103.328,8.3e-05,0.13416,0.851422
103.33,0.004541,0.13416,0.851456
103.332,0.008053,0.13416,0.851386
103.334,0.012153,0.13416,0.851474
103.336,0.00431,0.13416,0.85149
103.338,0.00431,0.13416,0.851416
103.34,0.00431,0.13416,0.851459
103.342,0.00431,0.13416,0.851437
103.344,0.016578,0.13416,0.85153
103.346,0.017103,0.13416,0.851442
103.348,0.017103,0.13416,0.851478
103.35,0.017103,0.13416,0.851496
103.352,0.000464,0.13416,0.851392
103.354,0.016596,0.13416,0.851493
103.355,0.016596,0.13416,0.851462
103.357,0.016596,0.13416,0.851472
103.359,0.016576,0.13416,0.851445
103.361,0.016546,0.13416,0.851462
103.363,0.016546,0.13416,0.851451
103.365,0.016546,0.13416,0.851501
103.367,0.016546,0.13416,0.851424
103.369,0.00852,0.13416,0.85146
103.371,0.025381,0.13416,0.851495
103.373,0.025381,0.13416,0.851428
103.375,0.025381,0.13416,0.851471
103.377,0.025381,0.13416,0.851436
103.379,0.007759,0.13416,0.851444
103.381,0.007759,0.13416,0.851472
103.383,0.007759,0.13416,0.851485
103.385,0.005328,0.13416,0.851459
103.387,0.005328,0.13416,0.851447
103.389,0.004354,0.13416,0.851474
103.391,0.004367,0.13416,0.851377
103.393,0.025354,0.13416,0.851438
103.395,0.016796,0.13416,0.851404
103.397,0.016796,0.13416,0.851418
103.399,0.000351,0.13416,0.851514
103.401,0.000351,0.13416,0.851423
103.403,0.000351,0.13416,0.851354
103.405,0.008425,0.13416,0.8515
103.407,0.017022,0.13416,0.851527
103.41,0.016718,0.13416,0.851466
103.411,0.016718,0.13416,0.851528
103.413,0.000496,0.13416,0.851472
103.415,0.000496,0.13416,0.851508
103.417,0.009311,0.13416,0.851453
103.419,0.000113,0.13416,0.851418
103.421,0.008678,0.13416,0.851508
103.423,0.008181,0.13416,0.851486
103.425,0.016611,0.13416,0.851333
103.427,0.025475,0.13416,0.851458
103.429,0.017068,0.13416,0.851392
103.431,0.017068,0.13416,0.851489
103.433,0.017068,0.13416,0.851409
103.435,0.017068,0.13416,0.851416
103.437,0.017068,0.13416,0.851462
103.439,0.017068,0.13416,0.851495
103.441,0.017473,0.13416,0.851486
103.443,0.021275,0.13416,0.851478
103.445,0.025488,0.13416,0.851457
103.447,0.025488,0.13416,0.851386
103.449,0.025488,0.13416,0.851501
103.451,0.025488,0.13416,0.851458
103.453,0.025488,0.13416,0.851444
103.455,0.025488,0.13416,0.85151
103.457,0.00529,0.13416,0.851433
103.459,0.008433,0.13416,0.851462
103.461,0.022036,0.13416,0.851498
103.463,0.021121,0.13416,0.851474
103.465,0.029578,0.13416,0.851431
103.467,0.029578,0.13416,0.851502
103.469,0.029578,0.13416,0.851488
103.471,0.029578,0.13416,0.851494
103.473,0.029578,0.13416,0.851361
103.475,0.008997,0.13416,0.851402
103.478,0.013335,0.13416,0.851375
103.479,0.021136,0.13416,0.851481
103.481,0.004116,0.13416,0.85153
103.483,0.004116,0.13416,0.851478
103.485,0.004116,0.13416,0.851522
103.487,0.004116,0.13416,0.851482
103.489,0.004116,0.13416,0.851447
103.491,0.004116,0.13416,0.851414
103.493,0.017188,0.13416,0.851476
103.495,0.021217,0.13416,0.851461
103.497,0.017384,0.13416,0.851481
103.499,0.008612,0.13416,0.851394
103.501,0.008612,0.13416,0.851463
103.503,0.008634,0.13416,0.851447
103.504,0.020891,0.13416,0.851457
103.506,0.017437,0.13416,0.851435
103.507,0.017437,0.13416,0.851387
103.51,0.013167,0.13416,0.851402
103.511,0.026308,0.13416,0.851431
103.513,0.009066,0.13416,0.851353
103.515,0.004364,0.13416,0.851446
103.517,0.004364,0.13416,0.851413
103.519,0.004364,0.13416,0.851477
103.521,0.013969,0.13416,0.851494
103.523,0.012686,0.13416,0.851437
103.525,0.017118,0.13416,0.851512
103.527,0.000239,0.13416,0.851415
103.529,0.000239,0.13416,0.851472
103.531,0.000239,0.13416,0.851475
103.533,0.000239,0.13416,0.851427
103.535,0.000239,0.13416,0.851516
103.537,0.000239,0.13416,0.851442
103.538,0.000239,0.13416,0.851417
103.54,0.000239,0.13416,0.85142
103.542,0.000239,0.13416,0.851462
103.543,0.008949,0.13416,0.851507
103.545,0.000866,0.13416,0.851422
103.547,0.000866,0.13416,0.851427
103.549,0.000866,0.13416,0.851442
103.551,0.000866,0.13416,0.851531
103.553,0.000866,0.13416,0.851417
103.555,0.000866,0.13416,0.851515
103.557,0.000866,0.13416,0.851501
103.559,0.000866,0.13416,0.851492
103.56,0.005508,0.13416,0.851465
103.562,0.005508,0.13416,0.851489
103.564,0.000238,0.13416,0.851487
103.565,0.000238,0.13416,0.851523
103.567,0.000238,0.13416,0.851477
103.569,0.000238,0.13416,0.851431
103.57,0.008838,0.13416,0.851314
103.572,0.000546,0.13416,0.851502
103.574,0.000546,0.13416,0.851387
103.576,0.000546,0.13416,0.851469
103.577,0.000546,0.13416,0.851459
103.579,0.000546,0.13416,0.851442
103.581,0.000237,0.13416,0.85148
103.583,0.004883,0.13416,0.851568
103.585,0.017546,0.13416,0.851403
103.587,0.025892,0.13416,0.851476
103.589,0.004614,0.13416,0.851453
103.591,0.017437,0.13416,0.851424
103.593,0.025424,0.13416,0.851396
103.595,0.025424,0.13416,0.851368
103.597,0.025424,0.13416,0.851519
103.599,0.025424,0.13416,0.851339
103.601,0.025424,0.13416,0.851363
103.603,0.025424,0.13416,0.851496
103.606,0.030374,0.13416,0.851396
103.607,0.030374,0.13416,0.85144
103.609,0.030374,0.13416,0.851451
103.611,0.021415,0.13416,0.851446
103.613,0.000681,0.13416,0.851444
103.615,0.025687,0.13416,0.851392
103.617,0.02493,0.13416,0.851498
103.619,0.000195,0.13416,0.851437
103.621,0.000195,0.13416,0.851416
103.623,0.000195,0.13416,0.851492
103.625,0.000195,0.13416,0.851391
103.627,0.008442,0.13416,0.851462
103.629,0.03475,0.13416,0.851448
103.63,0.008182,0.13416,0.851508
103.632,0.008182,0.13416,0.851491
103.634,0.008182,0.13416,0.851458
103.636,0.025797,0.13416,0.851455
103.637,0.025797,0.13416,0.851452
103.639,0.000462,0.13416,0.851469
103.64,0.004556,0.13416,0.851452
103.642,0.004556,0.13416,0.85149
103.644,0.004556,0.13416,0.851421
103.646,0.004556,0.13416,0.851459
103.648,0.004556,0.13416,0.851482
103.65,0.004539,0.13416,0.851464
103.652,0.012603,0.13416,0.85141
103.653,0.000441,0.13416,0.851493
103.655,0.000441,0.13416,0.851486
103.657,0.005216,0.13416,0.851465
103.659,0.005216,0.13416,0.851386
103.661,0.030161,0.13416,0.851437
103.663,0.017237,0.13416,0.851437
103.665,0.017237,0.13416,0.851453
103.667,0.000396,0.13416,0.851437
103.669,0.000396,0.13416,0.851468
103.672,0.000396,0.13416,0.851477
103.673,0.000396,0.13416,0.851406
103.675,0.000396,0.13416,0.851429
103.677,0.017012,0.13416,0.851422
103.679,0.008474,0.13416,0.851491
103.681,0.008474,0.13416,0.851372
103.683,0.013312,0.13416,0.851456
103.685,0.013312,0.13416,0.851471
103.687,0.013312,0.13416,0.851422
103.689,0.008756,0.13416,0.851512
103.691,0.008756,0.13416,0.851441
103.693,0.017224,0.13416,0.851521
103.695,0.017224,0.13416,0.851407
103.697,0.017224,0.13416,0.851476
103.699,0.004768,0.13416,0.851497
103.701,0.004768,0.13416,0.851481
103.703,0.004768,0.13416,0.851385
103.706,0.004768,0.13416,0.85152
103.707,0.004551,0.13416,0.85146
103.709,0.021395,0.13416,0.851485
103.71,0.021395,0.13416,0.85146
103.712,0.021395,0.13416,0.851491
103.714,0.021395,0.13416,0.851441
103.716,0.008224,0.13416,0.851434
103.717,0.008224,0.13416,0.851427
103.719,0.000445,0.13416,0.851405
103.721,0.000445,0.13416,0.851458
103.723,0.025761,0.13416,0.851436
103.725,0.017733,0.13416,0.851416
103.727,0.025645,0.13416,0.851478
103.729,0.025645,0.13416,0.851478
103.73,0.025645,0.13416,0.851424
103.732,0.008684,0.13416,0.851442
103.733,0.008684,0.13416,0.851449
103.736,0.008684,0.13416,0.851423
103.737,0.008684,0.13416,0.851472
103.739,0.008684,0.13416,0.851524
103.741,0.021911,0.13416,0.85146
103.743,0.009006,0.13416,0.851501
103.745,0.009006,0.13416,0.851586
103.747,0.009243,0.13416,0.851386
103.749,0.000502,0.13416,0.851433
103.751,0.000708,0.13416,0.851466
103.753,0.021418,0.13416,0.851473
103.754,0.021418,0.13416,0.85144
103.756,0.004384,0.13416,0.851465
103.757,0.009366,0.13416,0.85145
103.759,0.009366,0.13416,0.851445
103.761,0.000631,0.13416,0.851473
103.763,0.013305,0.13416,0.851494
103.765,0.013305,0.13416,0.85148
103.768,0.013305,0.13416,0.851425
103.769,0.017086,0.13416,0.851447
103.771,0.017086,0.13416,0.851438
103.773,0.017086,0.13416,0.85142
103.775,0.017086,0.13416,0.851448
103.776,0.021552,0.13416,0.851424